   0.0000000000000000e+00    8.7218994449984666e-01    1.0000000000000000e+00
   7.8539816339744828e-02    1.0785398163397448e+00    1.0816191114149023e+00
   1.5707963267948966e-01    1.1629870079523870e+00    1.1693341275429368e+00
   2.3561944901923448e-01    1.2532032373153481e+00    1.2629438236251356e+00
   3.1415926535897931e-01    1.3489100614671146e+00    1.3620855180987370e+00
   3.9269908169872414e-01    1.4496679831919883e+00    1.4662138007571095e+00
   4.7123889803846897e-01    1.5548578183762682e+00    1.5745830384549910e+00
   5.4977871437821380e-01    1.6636659736120305e+00    1.6862355593138165e+00
   6.2831853071795862e-01    1.7750753651154907e+00    1.7999974573044333e+00
   7.0685834705770345e-01    1.8878637357416521e+00    1.9144838347864195e+00
   7.8539816339744828e-01    2.0006110072848484e+00    2.0281149816474722e+00
   8.6393797973719311e-01    2.1117170136618193e+00    2.1391444633121379e+00
   9.4247779607693793e-01    2.2194304835127401e+00    2.2456993662019920e+00
   1.0210176124166828e+00    2.3218894836350219e+00    2.3458320655430480e+00
   1.0995574287564276e+00    2.4171727261045839e+00    2.4375819021035601e+00
   1.1780972450961724e+00    2.5033602356285107e+00    2.5190441714069842e+00
   1.2566370614359172e+00    2.5786009467246984e+00    2.5884429473328665e+00
   1.3351768777756621e+00    2.6411839475075563e+00    2.6442035916293931e+00
   1.4137166941154069e+00    2.6896094107431114e+00    2.6850204400009225e+00
   1.4922565104551517e+00    2.7226548507058079e+00    2.7099151751880792e+00
   1.5707963267948966e+00    2.7394322936032354e+00    2.7182818284590451e+00
   1.6493361431346414e+00    2.7394322936032354e+00    2.7099151751880792e+00
   1.7278759594743862e+00    2.7225514653684768e+00    2.6850204400009225e+00
   1.8064157758141310e+00    2.6891012883149514e+00    2.6442035916293931e+00
   1.8849555921538759e+00    2.6397972723273986e+00    2.5884429473328670e+00
   1.9634954084936207e+00    2.5757290282780456e+00    2.5190441714069842e+00
   2.0420352248333655e+00    2.4983132089642601e+00    2.4375819021035601e+00
   2.1205750411731104e+00    2.4092325275690309e+00    2.3458320655430485e+00
   2.1991148575128552e+00    2.3103649937316622e+00    2.2456993662019920e+00
   2.2776546738526000e+00    2.2037080432510101e+00    2.1391444633121379e+00
   2.3561944901923448e+00    2.0913023381582900e+00    2.0281149816474726e+00
   2.4347343065320897e+00    1.9751596946991130e+00    1.9144838347864197e+00
   2.5132741228718345e+00    1.8571989212474571e+00    1.7999974573044335e+00
   2.5918139392115793e+00    1.7391924160743448e+00    1.6862355593138167e+00
   2.6703537555513241e+00    1.6227253055752384e+00    1.5745830384549913e+00
   2.7488935718910690e+00    1.5091678182813733e+00    1.4662138007571095e+00
   2.8274333882308138e+00    1.3996605959994193e+00    1.3620855180987370e+00
   2.9059732045705586e+00    1.2951118222882092e+00    1.2629438236251356e+00
   2.9845130209103035e+00    1.1962044497712474e+00    1.1693341275429370e+00
   3.0630528372500483e+00    1.1034114484155730e+00    1.0816191114149025e+00
   3.1415926535897931e+00    1.0170168651092661e+00    1.0000000000000002e+00
   3.2201324699295379e+00    9.3714054730916130e-01    9.2453987678885086e-01
   3.2986722862692828e+00    8.6376459385093129e-01    8.5518756054888267e-01
   3.3772121026090276e+00    7.9675990318662171e-01    7.9180085550409895e-01
   3.4557519189487724e+00    7.3591154461645292e-01    7.3416829318899679e-01
   3.5342917352885173e+00    6.8094204003121095e-01    6.8202877335053713e-01
   3.6128315516282621e+00    6.3153198076838990e-01    6.3508876672596315e-01
   3.6913713679680069e+00    5.8733769561403737e-01    5.9303695410558910e-01
   3.7699111843077517e+00    5.4800592089886613e-01    5.5555634033924650e-01
   3.8484510006474966e+00    5.1318559939231934e-01    5.2233400033464394e-01
   3.9269908169872414e+00    4.8253705467412050e-01    4.9306869139523984e-01
   4.0055306333269858e+00    4.5573885908361000e-01    4.6747660906063981e-01
   4.0840704496667311e+00    4.3249274535709675e-01    4.4529557920802026e-01
   4.1626102660064763e+00    4.1252691422221299e-01    4.2628797461190171e-01
   4.2411500823462216e+00    3.9559807145424514e-01    4.1024262575014592e-01
   4.3196898986859669e+00    3.8149249588536266e-01    3.9697596864347984e-01
   4.3982297150257121e+00    3.7002640073063658e-01    3.8633264103054704e-01
   4.4767695313654574e+00    3.6104580892715593e-01    3.7818570520274741e-01
   4.5553093477052027e+00    3.5442612211471247e-01    3.7243664334996868e-01
   4.6338491640449480e+00    3.5007152434569405e-01    3.6901524046065232e-01
   4.7123889803846932e+00    3.4791432656199317e-01    3.6787944117144233e-01
   4.7909287967244385e+00    3.4791432656199328e-01    3.6901524046065248e-01
   4.8694686130641838e+00    3.5005823134139558e-01    3.7243664334996907e-01
   4.9480084294039290e+00    3.5435916374482734e-01    3.7818570520274797e-01
   5.0265482457436743e+00    3.6085625254937698e-01    3.8633264103054782e-01
   5.1050880620834196e+00    3.6961428359116433e-01    3.9697596864348084e-01
   5.1836278784231649e+00    3.8072336854542194e-01    4.1024262575014719e-01
   5.2621676947629101e+00    3.9429856679175146e-01    4.2628797461190321e-01
   5.3407075111026554e+00    4.1047937393602696e-01    4.4529557920802204e-01
   5.4192473274424007e+00    4.2942896777856127e-01    4.6747660906064187e-01
   5.4977871437821459e+00    4.5133307892351038e-01    4.9306869139524251e-01
   5.5763269601218912e+00    4.7639832937070742e-01    5.2233400033464716e-01
   5.6548667764616365e+00    5.0484985941886718e-01    5.5555634033925039e-01
   5.7334065928013818e+00    5.3692804278715267e-01    5.9303695410559354e-01
   5.8119464091411270e+00    5.7288407451279200e-01    6.3508876672596848e-01
   5.8904862254808723e+00    6.1297420917010736e-01    6.8202877335054324e-01
   5.9690260418206176e+00    6.5745243230975636e-01    7.3416829318900401e-01
   6.0475658581603629e+00    7.0656137041082301e-01    7.9180085550410717e-01
   6.1261056745001081e+00    7.6052128913494288e-01    8.5518756054889211e-01
   6.2046454908398534e+00    8.1951710128663124e-01    9.2453987678886151e-01
   6.2831853071795987e+00    8.8368340894975894e-01    1.0000000000000122e+00
   6.3617251235193439e+00    9.5308774159115262e-01    1.0816191114149158e+00
   6.4402649398590892e+00    1.0277123237516457e+00    1.1693341275429519e+00
   6.5188047561988345e+00    1.1074349088577005e+00    1.2629438236251520e+00
   6.5973445725385798e+00    1.1920094414838884e+00    1.3620855180987550e+00
   6.6758843888783250e+00    1.2810475452324175e+00    1.4662138007571288e+00
   6.7544242052180703e+00    1.3740020573749248e+00    1.5745830384550119e+00
   6.8329640215578156e+00    1.4701540189151969e+00    1.6862355593138387e+00
   6.9115038378975608e+00    1.5686046497879920e+00    1.7999974573044561e+00
   6.9900436542373061e+00    1.6682738616328059e+00    1.9144838347864430e+00
   7.0685834705770514e+00    1.7679067548998804e+00    2.0281149816474962e+00
   7.1471232869167967e+00    1.8660892893698737e+00    2.1391444633121615e+00
   7.2256631032565419e+00    1.9612738955975404e+00    2.2456993662020150e+00
   7.3042029195962872e+00    2.0518152141031796e+00    2.3458320655430702e+00
   7.3827427359360325e+00    2.1360154346244657e+00    2.4375819021035805e+00
   7.4612825522757777e+00    2.2121779068494560e+00    2.5190441714070024e+00
   7.5398223686155230e+00    2.2786668749227355e+00    2.5884429473328820e+00
   7.6183621849552683e+00    2.3339704343968326e+00    2.6442035916294051e+00
   7.6969020012950136e+00    2.3767632128287954e+00    2.6850204400009310e+00
   7.7754418176347588e+00    2.4059649198652715e+00    2.7099151751880837e+00
   7.8539816339745041e+00    2.4207908677983263e+00    2.7182818284590451e+00
   7.9325214503142494e+00    2.4207908677983223e+00    2.7099151751880748e+00
   8.0110612666539947e+00    2.4058735599579317e+00    2.6850204400009137e+00
   8.0896010829937399e+00    2.3763141934692960e+00    2.6442035916293793e+00
   8.1681408993334852e+00    2.3327450525464988e+00    2.5884429473328483e+00
   8.2466807156732305e+00    2.2761290082395385e+00    2.5190441714069620e+00
   8.3252205320129757e+00    2.2077179331216916e+00    2.4375819021035339e+00
   8.4037603483527210e+00    2.1289988129147868e+00    2.3458320655430187e+00
   8.4823001646924663e+00    2.0416312135789241e+00    2.2456993662019595e+00
   8.5608399810322116e+00    1.9473802359899954e+00    2.1391444633121033e+00
   8.6393797973719568e+00    1.8480491793282596e+00    2.0281149816474362e+00
   8.7179196137117021e+00    1.7454158522318184e+00    1.9144838347863817e+00
   8.7964594300514474e+00    1.6411758738257101e+00    1.7999974573043951e+00
   8.8749992463911926e+00    1.5368954830560884e+00    1.6862355593137781e+00
   8.9535390627309379e+00    1.4339754298197118e+00    1.5745830384549528e+00
   9.0320788790706832e+00    1.3336265623361023e+00    1.4662138007570720e+00
   9.1106186954104285e+00    1.2368568468453689e+00    1.3620855180987006e+00
   9.1891585117501737e+00    1.1444688300907326e+00    1.2629438236251005e+00
   9.2676983280899190e+00    1.0570660259746831e+00    1.1693341275429032e+00
   9.3462381444296643e+00    9.7506639021002406e-01    1.0816191114148705e+00
   9.4247779607694095e+00    8.9872093031911593e-01    9.9999999999997014e-01
   9.5033177771091548e+00    8.2813555351116797e-01    9.2453987678882288e-01
   9.5818575934489001e+00    7.6329444082426323e-01    8.5518756054885670e-01
   9.6603974097886454e+00    7.0408350736240477e-01    7.9180085550407486e-01
   9.7389372261283906e+00    6.5031282243212341e-01    7.3416829318897459e-01
   9.8174770424681359e+00    6.0173718323195979e-01    6.8202877335051681e-01
   9.8960168588078812e+00    5.5807433362618275e-01    6.3508876672594472e-01
   9.9745566751476264e+00    5.1902057706488891e-01    5.9303695410557233e-01
   1.0053096491487372e+01    4.8426374030454444e-01    5.5555634033923151e-01
   1.0131636307827117e+01    4.5349359989491445e-01    5.2233400033463051e-01
   1.0210176124166862e+01    4.2640998941898911e-01    4.9306869139522785e-01
   1.0288715940506608e+01    4.0272886858586598e-01    4.6747660906062910e-01
   1.0367255756846353e+01    3.8218666356318848e-01    4.4529557920801105e-01
   1.0445795573186098e+01    3.6454318984340051e-01    4.2628797461189383e-01
   1.0524335389525843e+01    3.4958345235662946e-01    4.1024262575013937e-01
   1.0602875205865589e+01    3.3711858925272215e-01    3.9697596864347445e-01
   1.0681415022205334e+01    3.2698619119905253e-01    3.8633264103054282e-01
   1.0759954838545079e+01    3.1905019121976746e-01    3.7818570520274430e-01
   1.0838494654884824e+01    3.1320048381116861e-01    3.7243664334996662e-01
   1.0917034471224570e+01    3.0935239801003828e-01    3.6901524046065126e-01
   1.0995574287564315e+01    3.0744611811875949e-01    3.6787944117144233e-01
   1.1074114103904060e+01    3.0744611811876044e-01    3.6901524046065354e-01
   1.1152653920243806e+01    3.0934065120268722e-01    3.7243664334997112e-01
   1.1231193736583551e+01    3.1314131381061516e-01    3.7818570520275113e-01
   1.1309733552923296e+01    3.1888268339366976e-01    3.8633264103055204e-01
   1.1388273369263041e+01    3.2662201012036507e-01    3.9697596864348622e-01
   1.1466813185602787e+01    3.3643892418305682e-01    4.1024262575015374e-01
   1.1545353001942532e+01    3.4843510164654301e-01    4.2628797461191104e-01
   1.1623892818282277e+01    3.6273381246335595e-01    4.4529557920803131e-01
   1.1702432634622022e+01    3.7947925414834105e-01    4.6747660906065258e-01
   1.1780972450961768e+01    3.9883555375492519e-01    4.9306869139525483e-01
   1.1859512267301513e+01    4.2098529971628490e-01    5.2233400033466126e-01
   1.1938052083641258e+01    4.4612744477908045e-01    5.5555634033926615e-01
   1.2016591899981004e+01    4.7447440321088380e-01    5.9303695410561141e-01
   1.2095131716320749e+01    5.0624815189850392e-01    6.3508876672598846e-01
   1.2173671532660494e+01    5.4167513875773665e-01    6.8202877335056555e-01
   1.2252211349000239e+01    5.8097980660581128e-01    7.3416829318902865e-01
   1.2330751165339985e+01    6.2437656043686618e-01    7.9180085550413437e-01
   1.2409290981679730e+01    6.7206004536164998e-01    8.5518756054892198e-01
   1.2487830798019475e+01    7.2419366575761523e-01    9.2453987678889404e-01
