         1.6313091031e-02          1.0163793467e+00          8.1565455154e-03          1.0164461406e+00
         3.3669316043e-02          1.0340924366e+00          8.6781125061e-03          1.0342359639e+00
         5.1033830182e-02          1.0521136476e+00          8.6822570693e-03          1.0523351851e+00
         6.8412804827e-02          1.0704492985e+00          8.6894873228e-03          1.0707501223e+00
         8.5814982562e-02          1.0891085927e+00          8.7010888672e-03          1.0894899977e+00
         1.0324961629e-01          1.1081015659e+00          8.7173168655e-03          1.1085648663e+00
         1.2072653942e-01          1.1274391859e+00          8.7384615623e-03          1.1279857164e+00
         1.3825625188e-01          1.1471334735e+00          8.7648562310e-03          1.1477645902e+00
         1.5585002119e-01          1.1671976455e+00          8.7968846557e-03          1.1679147271e+00
         1.7352000181e-01          1.1876462838e+00          8.8349903112e-03          1.1884507331e+00
         1.9127937725e-01          1.2084955377e+00          8.8796877195e-03          1.2093887830e+00
         2.0914253049e-01          1.2297633670e+00          8.9315766207e-03          1.2307468640e+00
         2.2712525014e-01          1.2514698368e+00          8.9913598228e-03          1.2525450708e+00
         2.4524498197e-01          1.2736374779e+00          9.0598659140e-03          1.2748059662e+00
         2.6352113894e-01          1.2962917317e+00          9.1380784886e-03          1.2975550262e+00
         2.8197548738e-01          1.3194615050e+00          9.2271742166e-03          1.3208211955e+00
         3.0063263359e-01          1.3431798700e+00          9.3285731081e-03          1.3446375880e+00
         3.1952064536e-01          1.3674849588e+00          9.4440058818e-03          1.3690423819e+00
         3.3867185692e-01          1.3924211233e+00          9.5756057804e-03          1.3940799802e+00
         3.5812392906e-01          1.4180404633e+00          9.7260360729e-03          1.4198025399e+00
         3.7792127089e-01          1.4444048765e+00          9.8986709141e-03          1.4462720232e+00
         3.9811698722e-01          1.4715888685e+00          1.0097858162e-02          1.4735630084e+00
         4.1877561134e-01          1.4996834965e+00          1.0329312063e-02          1.5017666353e+00
         4.3997704983e-01          1.5288020636e+00          1.0600719244e-02          1.5309963012e+00
         4.6182247019e-01          1.5590886196e+00          1.0922710180e-02          1.5613961637e+00
         4.8444344831e-01          1.5907311718e+00          1.1310489058e-02          1.5931543517e+00
         5.0801689683e-01          1.6239832462e+00          1.1786724262e-02          1.6265245258e+00
         5.3279098034e-01          1.6592013247e+00          1.2387041756e-02          1.6618633066e+00
         5.5913385495e-01          1.6969152618e+00          1.3171437306e-02          1.6997006596e+00
         5.8763583653e-01          1.7379759103e+00          1.4250990787e-02          1.7408874124e+00
         6.1935983563e-01          1.7839170118e+00          1.5861999550e-02          1.7869567361e+00
         6.5662973884e-01          1.8380944856e+00          1.8634951604e-02          1.8412614268e+00
         7.0710249955e-01          1.9115699207e+00          2.5236380359e-02          1.9148392642e+00
         7.3958961922e-01          1.9587390212e+00          1.6243559835e-02          1.9620401045e+00
         7.7188490135e-01          2.0053979171e+00          1.6147641063e-02          2.0086988858e+00
         7.9936569721e-01          2.0448154116e+00          1.3740397927e-02          2.0481030506e+00
         8.2700723111e-01          2.0841254960e+00          1.3820766953e-02          2.0873771428e+00
         8.5159747138e-01          2.1187346641e+00          1.2295120134e-02          2.1219463355e+00
         8.7396267943e-01          2.1498648856e+00          1.1182604024e-02          2.1530343445e+00
         8.9475321513e-01          2.1784665592e+00          1.0395267850e-02          2.1815915709e+00
         9.1434789825e-01          2.2050930116e+00          9.7973415610e-03          2.2081714457e+00
         9.3298687218e-01          2.2300952634e+00          9.3194869673e-03          2.2331251481e+00
         9.5083574900e-01          2.2537154958e+00          8.9244384103e-03          2.2566950184e+00
         9.6801555440e-01          2.2761306989e+00          8.5899026992e-03          2.2790581914e+00
         9.8461845768e-01          2.2974756260e+00          8.3014516393e-03          2.3003495487e+00
         1.0007168730e+00          2.3178560850e+00          8.0492076422e-03          2.3206750117e+00
         1.0163691054e+00          2.3373571908e+00          7.8261161996e-03          2.3401197954e+00
         1.0316230425e+00          2.3560487632e+00          7.6269685732e-03          2.3587538089e+00
         1.0465186700e+00          2.3739890072e+00          7.4478137274e-03          2.3766353373e+00
         1.0610898437e+00          2.3912271075e+00          7.2855868802e-03          2.3938136372e+00
         1.0753655746e+00          2.4078051087e+00          7.1378654330e-03          2.4103308188e+00
         1.0893709811e+00          2.4237593118e+00          7.0027032411e-03          2.4262232423e+00
         1.1031280109e+00          2.4391213303e+00          6.8785148994e-03          2.4415225763e+00
         1.1166559969e+00          2.4539189058e+00          6.7639929907e-03          2.4562566126e+00
         1.1299720922e+00          2.4681765452e+00          6.6580476596e-03          2.4704499051e+00
         1.1430916155e+00          2.4819160270e+00          6.5597616729e-03          2.4841242757e+00
         1.1560283284e+00          2.4951568077e+00          6.4683564494e-03          2.4972992217e+00
         1.1687946604e+00          2.5079163517e+00          6.3831660075e-03          2.5099922456e+00
         1.1814018939e+00          2.5202104023e+00          6.3036167223e-03          2.5222191267e+00
         1.1938603167e+00          2.5320532051e+00          6.2292114106e-03          2.5339941447e+00
         1.2061793501e+00          2.5434576953e+00          6.1595166835e-03          2.5453302671e+00
         1.2183676557e+00          2.5544356542e+00          6.0941527981e-03          2.5562393058e+00
         1.2304332265e+00          2.5649978424e+00          6.0327854407e-03          2.5667320506e+00
         1.2423834646e+00          2.5751541124e+00          5.9751190191e-03          2.5768183821e+00
         1.2542252469e+00          2.5849135055e+00          5.9208911456e-03          2.5865073684e+00
         1.2659649830e+00          2.5942843351e+00          5.8698680677e-03          2.5958073488e+00
         1.2776086647e+00          2.6032742590e+00          5.8218408581e-03          2.6047260058e+00
         1.2891619092e+00          2.6118903415e+00          5.7766222202e-03          2.6132704276e+00
         1.3006299968e+00          2.6201391081e+00          5.7340437935e-03          2.6214471630e+00
         1.3120179045e+00          2.6280265935e+00          5.6939538697e-03          2.6292622693e+00
         1.3233303354e+00          2.6355583837e+00          5.6562154468e-03          2.6367213541e+00
         1.3345717445e+00          2.6427396525e+00          5.6207045648e-03          2.6438296125e+00
         1.3457463623e+00          2.6495751947e+00          5.5873088750e-03          2.6505918600e+00
         1.3568582151e+00          2.6560694551e+00          5.5559264069e-03          2.6570125615e+00
         1.3679111441e+00          2.6622265542e+00          5.5264645003e-03          2.6630958572e+00
         1.3789088218e+00          2.6680503109e+00          5.4988388785e-03          2.6688455855e+00
         1.3898547675e+00          2.6735442635e+00          5.4729728409e-03          2.6742653036e+00
         1.4007523606e+00          2.6787116879e+00          5.4487965581e-03          2.6793583056e+00
         1.4116048535e+00          2.6835556134e+00          5.4262464552e-03          2.6841276396e+00
         1.4224153829e+00          2.6880788383e+00          5.4052646706e-03          2.6885761215e+00
         1.4331869800e+00          2.6922839422e+00          5.3857985811e-03          2.6927063487e+00
         1.4439225808e+00          2.6961732982e+00          5.3678003837e-03          2.6965207120e+00
         1.4546250343e+00          2.6997490835e+00          5.3512267286e-03          2.7000214056e+00
         1.4652971111e+00          2.7030132885e+00          5.3360383946e-03          2.7032104371e+00
         1.4759415111e+00          2.7059677254e+00          5.3222000047e-03          2.7060896358e+00
         1.4865608706e+00          2.7086140358e+00          5.3096797757e-03          2.7086606599e+00
         1.4971577692e+00          2.7109536972e+00          5.2984492977e-03          2.7109250036e+00
         1.5077347359e+00          2.7129880288e+00          5.2884833426e-03          2.7128840029e+00
         1.5182942553e+00          2.7147181971e+00          5.2797596959e-03          2.7145388405e+00
         1.5288387733e+00          2.7161452199e+00          5.2722590121e-03          2.7158905509e+00
         1.5393707027e+00          2.7172699705e+00          5.2659646895e-03          2.7169400236e+00
         1.5498924282e+00          2.7180931808e+00          5.2608627652e-03          2.7176880071e+00
         1.5604063119e+00          2.7186154445e+00          5.2569418263e-03          2.7181351112e+00
         1.5709146978e+00          2.7188372186e+00          5.2541929387e-03          2.7182818094e+00
         1.5814199169e+00          2.7187588256e+00          5.2526095901e-03          2.7181284407e+00
         1.5919242922e+00          2.7183804547e+00          5.2521876492e-03          2.7176752106e+00
         1.6024301429e+00          2.7177021624e+00          5.2529253378e-03          2.7169221920e+00
         1.6129397893e+00          2.7167238725e+00          5.2548232179e-03          2.7158693256e+00
         1.6234555577e+00          2.7154453764e+00          5.2578841921e-03          2.7145164192e+00
         1.6339797848e+00          2.7138663321e+00          5.2621135173e-03          2.7128631478e+00
         1.6445148224e+00          2.7119862629e+00          5.2675188330e-03          2.7109090515e+00
         1.6550630428e+00          2.7098045558e+00          5.2741102034e-03          2.7086535346e+00
         1.6656268432e+00          2.7073204596e+00          5.2819001741e-03          2.7060958629e+00
         1.6762086509e+00          2.7045330816e+00          5.2909038443e-03          2.7032351615e+00
         1.6868109288e+00          2.7014413850e+00          5.3011389548e-03          2.7000704110e+00
         1.6974361808e+00          2.6980441844e+00          5.3126259937e-03          2.6966004441e+00
         1.7080869574e+00          2.6943401420e+00          5.3253883203e-03          2.6928239410e+00
         1.7187658620e+00          2.6903277617e+00          5.3394523090e-03          2.6887394245e+00
         1.7294755571e+00          2.6860053842e+00          5.3548475151e-03          2.6843452538e+00
         1.7402187708e+00          2.6813711798e+00          5.3716068650e-03          2.6796396186e+00
         1.7509983045e+00          2.6764231412e+00          5.3897668724e-03          2.6746205310e+00
         1.7618170403e+00          2.6711590753e+00          5.4093678848e-03          2.6692858181e+00
         1.7726779490e+00          2.6655765938e+00          5.4304543622e-03          2.6636331120e+00
         1.7835840994e+00          2.6596731033e+00          5.4530751940e-03          2.6576598401e+00
         1.7945386675e+00          2.6534457931e+00          5.4772840568e-03          2.6513632133e+00
         1.8055449472e+00          2.6468916231e+00          5.5031398212e-03          2.6447402137e+00
         1.8166063612e+00          2.6400073090e+00          5.5307070110e-03          2.6377875795e+00
         1.8277264738e+00          2.6327893067e+00          5.5600563261e-03          2.6305017902e+00
         1.8389090043e+00          2.6252337945e+00          5.5912652360e-03          2.6228790483e+00
         1.8501578416e+00          2.6173366531e+00          5.6244186551e-03          2.6149152593e+00
         1.8614770611e+00          2.6090934438e+00          5.6596097133e-03          2.6066060106e+00
         1.8728709423e+00          2.6004993833e+00          5.6969406378e-03          2.5979465457e+00
         1.8843439899e+00          2.5915493163e+00          5.7365237629e-03          2.5889317371e+00
         1.8959009552e+00          2.5822376837e+00          5.7784826921e-03          2.5795560551e+00
         1.9075468625e+00          2.5725584880e+00          5.8229536381e-03          2.5698135323e+00
         1.9192870365e+00          2.5625052528e+00          5.8700869735e-03          2.5596977243e+00
         1.9311271345e+00          2.5520709782e+00          5.9200490329e-03          2.5492016646e+00
         1.9430731830e+00          2.5412480892e+00          5.9730242148e-03          2.5383178132e+00
         1.9551316178e+00          2.5300283775e+00          6.0292174429e-03          2.5270379988e+00
         1.9673093320e+00          2.5184029342e+00          6.0888570632e-03          2.5153533516e+00
         1.9796137285e+00          2.5063620728e+00          6.1521982703e-03          2.5032542267e+00
         1.9920527829e+00          2.4938952407e+00          6.2195271788e-03          2.4907301156e+00
         2.0046351143e+00          2.4809909160e+00          6.2911656929e-03          2.4777695433e+00
         2.0173700690e+00          2.4676364874e+00          6.3674773615e-03          2.4643599490e+00
         2.0302678179e+00          2.4538181133e+00          6.4488744670e-03          2.4504875454e+00
         2.0433394713e+00          2.4395205563e+00          6.5358266674e-03          2.4361371536e+00
         2.0565972145e+00          2.4247269866e+00          6.6288716109e-03          2.4212920070e+00
         2.0700544706e+00          2.4094187467e+00          6.7286280816e-03          2.4059335174e+00
         2.0837260955e+00          2.3935750692e+00          6.8358124229e-03          2.3900409930e+00
         2.0976286140e+00          2.3771727340e+00          6.9512592557e-03          2.3735912970e+00
         2.1117805098e+00          2.3601856490e+00          7.0759478894e-03          2.3565584296e+00
         2.1262025825e+00          2.3425843318e+00          7.2110363808e-03          2.3389130114e+00
         2.1409183946e+00          2.3243352624e+00          7.3579060124e-03          2.3206216380e+00
         2.1559548350e+00          2.3054000650e+00          7.5182201991e-03          2.3016460648e+00
         2.1713428424e+00          2.2857344598e+00          7.6940037236e-03          2.2819421619e+00
         2.1871183448e+00          2.2652869002e+00          7.8877511835e-03          2.2614585559e+00
         2.2033235015e+00          2.2439967709e+00          8.1025783491e-03          2.2401348342e+00
         2.2200083777e+00          2.2217919590e+00          8.3424381406e-03          2.2178991243e+00
         2.2372332512e+00          2.1985855086e+00          8.6124367157e-03          2.1946647595e+00
         2.2550718708e+00          2.1742708931e+00          8.9193097896e-03          2.1703255679e+00
         2.2736162014e+00          2.1487151320e+00          9.2721653383e-03          2.1447490139e+00
         2.2929835803e+00          2.1217484097e+00          9.6836894188e-03          2.1177658540e+00
         2.3133279832e+00          2.0931477300e+00          1.0172201461e-02          2.0891538525e+00
         2.3348587295e+00          2.0626097786e+00          1.0765373133e-02          2.0586107480e+00
         2.3578736965e+00          2.0297027315e+00          1.1507483538e-02          2.0257062529e+00
         2.3828237638e+00          1.9937727469e+00          1.2475033632e-02          1.9897889349e+00
         2.4104541202e+00          1.9537389154e+00          1.3815178192e-02          1.9497820723e+00
         2.4421759760e+00          1.9075538440e+00          1.5860927897e-02          1.9036468250e+00
         2.4813971244e+00          1.8502727930e+00          1.9610574212e-02          1.8464618729e+00
         2.5432397848e+00          1.7599575677e+00          3.0921330206e-02          1.7564281242e+00
         2.5771770732e+00          1.7106743248e+00          1.6968644168e-02          1.7073152893e+00
         2.6072099566e+00          1.6673403302e+00          1.5016441710e-02          1.6641423672e+00
         2.6374317100e+00          1.6240686174e+00          1.5110876694e-02          1.6210481552e+00
         2.6645673122e+00          1.5855699840e+00          1.3567801129e-02          1.5827100975e+00
         2.6895827144e+00          1.5504186827e+00          1.2507701109e-02          1.5477070270e+00
         2.7131498626e+00          1.5176316142e+00          1.1783574064e-02          1.5150597058e+00
         2.7356462519e+00          1.4866571673e+00          1.1248194669e-02          1.4842185783e+00
         2.7573083072e+00          1.4571502525e+00          1.0831027654e-02          1.4548397746e+00
         2.7782979299e+00          1.4288750051e+00          1.0494811345e-02          1.4266882326e+00
         2.7987328156e+00          1.4016604245e+00          1.0217442871e-02          1.3995935182e+00
         2.8187022595e+00          1.3753772278e+00          9.9847219517e-03          1.3734267678e+00
         2.8382762472e+00          1.3499245283e+00          9.7869938344e-03          1.3480874169e+00
         2.8575110630e+00          1.3252216132e+00          9.6174079124e-03          1.3234950075e+00
         2.8764529378e+00          1.3012025953e+00          9.4709373761e-03          1.2995838584e+00
         2.8951405221e+00          1.2778127844e+00          9.3437921445e-03          1.2762994493e+00
         2.9136066216e+00          1.2550061428e+00          9.2330497380e-03          1.2535958851e+00
         2.9318794491e+00          1.2327434482e+00          9.1364137799e-03          1.2314340646e+00
         2.9499835505e+00          1.2109909365e+00          9.0520506773e-03          1.2097803278e+00
         2.9679405025e+00          1.1897192777e+00          8.9784760279e-03          1.1886054358e+00
         2.9857694499e+00          1.1689027903e+00          8.9144736780e-03          1.1678837866e+00
         3.0034875235e+00          1.1485188277e+00          8.8590368237e-03          1.1475928041e+00
         3.0211101722e+00          1.1285472934e+00          8.8113243498e-03          1.1277124552e+00
         3.0386514281e+00          1.1089702532e+00          8.7706279319e-03          1.1082248625e+00
         3.0561241219e+00          1.0897716210e+00          8.7363468814e-03          1.0891139913e+00
         3.0735400592e+00          1.0709369019e+00          8.7079686576e-03          1.0703653936e+00
         3.0909101663e+00          1.0524529805e+00          8.6850535901e-03          1.0519659974e+00
         3.1082446119e+00          1.0343079448e+00          8.6672227701e-03          1.0339039303e+00
         3.1255529086e+00          1.0164909388e+00          8.6541483607e-03          1.0161683733e+00
         3.1428440002e+00          9.9899203781e-01          8.6455457704e-03          9.9874943637e-01
         3.1601263347e+00          9.8180214314e-01          8.6411672803e-03          9.8163805294e-01
         3.1774079283e+00          9.6491289164e-01          8.6407968136e-03          9.6482589045e-01
         3.1946964196e+00          9.4831657854e-01          8.6442456126e-03          9.4830527300e-01
         3.2119991168e+00          9.3200609072e-01          8.6513486412e-03          9.3206911495e-01
         3.2293230400e+00          9.1597484894e-01          8.6619615718e-03          9.1611086334e-01
         3.2466749565e+00          9.0021675767e-01          8.6759582474e-03          9.0042444787e-01
         3.2640614135e+00          8.8472616124e-01          8.6932285308e-03          8.8500423719e-01
         3.2814887665e+00          8.6949780554e-01          8.7136764708e-03          8.6984500079e-01
         3.2989632040e+00          8.5452680435e-01          8.7372187325e-03          8.5494187533e-01
         3.3164907704e+00          8.3980860970e-01          8.7637832426e-03          8.4029033526e-01
         3.3340773865e+00          8.2533898576e-01          8.7933080168e-03          8.2588616669e-01
         3.3517288667e+00          8.1111398575e-01          8.8257401363e-03          8.1172544446e-01
         3.3694509364e+00          7.9712993152e-01          8.8610348504e-03          7.9780451177e-01
         3.3872492460e+00          7.8338339548e-01          8.8991547830e-03          7.8411996224e-01
         3.4051293845e+00          7.6987118459e-01          8.9400692260e-03          7.7066862390e-01
         3.4230968915e+00          7.5659032612e-01          8.9837535051e-03          7.5744754512e-01
         3.4411572683e+00          7.4353805518e-01          9.0301884040e-03          7.4445398214e-01
         3.4593159876e+00          7.3071180355e-01          9.0793596368e-03          7.3168538801e-01
         3.4775785023e+00          7.1810918997e-01          9.1312573591e-03          7.1913940291e-01
         3.4959502537e+00          7.0572801150e-01          9.1858757069e-03          7.0681384564e-01
         3.5144366784e+00          6.9356623603e-01          9.2432123583e-03          6.9470670614e-01
         3.5330432146e+00          6.8162199574e-01          9.3032681081e-03          6.8281613909e-01
         3.5517753075e+00          6.6989358154e-01          9.3660464495e-03          6.7114045832e-01
         3.5706384138e+00          6.5837943822e-01          9.4315531560e-03          6.5967813213e-01
         3.5896380055e+00          6.4707816046e-01          9.4997958571e-03          6.4842777934e-01
         3.6087795727e+00          6.3598848960e-01          9.5707836014e-03          6.3738816609e-01
         3.6280686255e+00          6.2510931097e-01          9.6445263997e-03          6.2655820334e-01
         3.6475106950e+00          6.1443965195e-01          9.7210347434e-03          6.1593694496e-01
         3.6671113332e+00          6.0397868060e-01          9.8003190893e-03          6.0552358642e-01
         3.6868761118e+00          5.9372570486e-01          9.8823893059e-03          5.9531746414e-01
         3.7068106200e+00          5.8368017227e-01          9.9672540716e-03          5.8531805531e-01
         3.7269204604e+00          5.7384167027e-01          1.0054920219e-02          5.7552497820e-01
         3.7472112444e+00          5.6420992689e-01          1.0145392017e-02          5.6593799306e-01
         3.7676885852e+00          5.5478481197e-01          1.0238670381e-02          5.5655700341e-01
         3.7883580892e+00          5.4556633881e-01          1.0334752005e-02          5.4738205778e-01
         3.8092253460e+00          5.3655466618e-01          1.0433628401e-02          5.3841335189e-01
         3.8302959157e+00          5.2775010073e-01          1.0535284849e-02          5.2965123119e-01
         3.8515753142e+00          5.1915309976e-01          1.0639699233e-02          5.2109619374e-01
         3.8730689957e+00          5.1076427427e-01          1.0746840762e-02          5.1274889340e-01
         3.8947823328e+00          5.0258439220e-01          1.0856668572e-02          5.0461014328e-01
         3.9167205932e+00          4.9461438198e-01          1.0969130190e-02          4.9668091938e-01
         3.9388889130e+00          4.8685533607e-01          1.1084159867e-02          4.8896236437e-01
         3.9612922665e+00          4.7930851466e-01          1.1201676763e-02          4.8145579140e-01
         3.9839354325e+00          4.7197534923e-01          1.1321582991e-02          4.7416268787e-01
         4.0068229555e+00          4.6485744596e-01          1.1443761518e-02          4.6708471906e-01
         4.0299591034e+00          4.5795658891e-01          1.1568073934e-02          4.6022373145e-01
         4.0533478196e+00          4.5127474269e-01          1.1694358096e-02          4.5358175560e-01
         4.0769926709e+00          4.4481405452e-01          1.1822425669e-02          4.4716100843e-01
         4.1008967901e+00          4.3857685549e-01          1.1952059598e-02          4.4096389467e-01
         4.1250628132e+00          4.3256566076e-01          1.2083011544e-02          4.3499300724e-01
         4.1494928119e+00          4.2678316853e-01          1.2214999337e-02          4.2925112639e-01
         4.1741882209e+00          4.2123225731e-01          1.2347704527e-02          4.2374121720e-01
         4.1991497611e+00          4.1591598151e-01          1.2480770090e-02          4.1846642528e-01
         4.2243773579e+00          4.1083756469e-01          1.2613798421e-02          4.1343007016e-01
         4.2498700573e+00          4.0600039041e-01          1.2746349707e-02          4.0863563626e-01
         4.2756259390e+00          4.0140799019e-01          1.2877940832e-02          4.0408676093e-01
         4.3016420289e+00          3.9706402832e-01          1.3008044966e-02          3.9978721929e-01
         4.3279142129e+00          3.9297228328e-01          1.3136091999e-02          3.9574090557e-01
         4.3544371529e+00          3.8913662533e-01          1.3261469998e-02          3.9195181074e-01
         4.3812042087e+00          3.8556099039e-01          1.3383527860e-02          3.8842399607e-01
         4.4082073673e+00          3.8224934974e-01          1.3501579333e-02          3.8516156278e-01
         4.4354371844e+00          3.7920567594e-01          1.3614908531e-02          3.8216861755e-01
         4.4628827385e+00          3.7643390489e-01          1.3722777055e-02          3.7944923420e-01
         4.4905316040e+00          3.7393789444e-01          1.3824432769e-02          3.7700741184e-01
         4.5183698444e+00          3.7172138014e-01          1.3919120197e-02          3.7484703001e-01
         4.5463820293e+00          3.6978792876e-01          1.4006092423e-02          3.7297180156e-01
         4.5745512779e+00          3.6814089060e-01          1.4084624291e-02          3.7138522424e-01
         4.6028593310e+00          3.6678335166e-01          1.4154026570e-02          3.7009053196e-01
         4.6312866523e+00          3.6571808691e-01          1.4213660652e-02          3.6909064729e-01
         4.6598125588e+00          3.6494751617e-01          1.4262953267e-02          3.6838813635e-01
         4.6884153801e+00          3.6447366381e-01          1.4301410622e-02          3.6798516762e-01
         4.7170726427e+00          3.6429812398e-01          1.4328631311e-02          3.6788347622e-01
         4.7457612775e+00          3.6442203231e-01          1.4344317396e-02          3.6808433474e-01
         4.7744578436e+00          3.6484604555e-01          1.4348283061e-02          3.6858853204e-01
         4.8031387643e+00          3.6557032966e-01          1.4340460364e-02          3.6939636056e-01
         4.8317805679e+00          3.6659455711e-01          1.4320901766e-02          3.7050761302e-01
         4.8603601264e+00          3.6791791340e-01          1.4289779249e-02          3.7192158837e-01
         4.8888548865e+00          3.6953911262e-01          1.4247380069e-02          3.7363710699e-01
         4.9172430852e+00          3.7145642142e-01          1.4194099355e-02          3.7565253437e-01
         4.9455039451e+00          3.7366769052e-01          1.4130429924e-02          3.7796581254e-01
         4.9736178448e+00          3.7617039256e-01          1.4056949863e-02          3.8057449789e-01
         5.0015664617e+00          3.7896166488e-01          1.3974308464e-02          3.8347580413e-01
         5.0293328841e+00          3.8203835589e-01          1.3883211194e-02          3.8666664891e-01
         5.0569016928e+00          3.8539707340e-01          1.3784404335e-02          3.9014370244e-01
         5.0842590126e+00          3.8903423366e-01          1.3678659914e-02          3.9390343707e-01
         5.1113925355e+00          3.9294610977e-01          1.3566761432e-02          3.9794217603e-01
         5.1382915171e+00          3.9712887835e-01          1.3449490814e-02          4.0225614072e-01
         5.1649467509e+00          4.0157866351e-01          1.3327616880e-02          4.0684149518e-01
         5.1913505219e+00          4.0629157766e-01          1.3201885516e-02          4.1169438744e-01
         5.2174965452e+00          4.1126375836e-01          1.3073011630e-02          4.1681098692e-01
         5.2433798909e+00          4.1649140119e-01          1.2941672875e-02          4.2218751779e-01
         5.2689969010e+00          4.2197078843e-01          1.2808505053e-02          4.2782028820e-01
         5.2943450991e+00          4.2769831361e-01          1.2674099062e-02          4.3370571523e-01
         5.3194230975e+00          4.3367050204e-01          1.2538999203e-02          4.3984034591e-01
         5.3442305029e+00          4.3988402764e-01          1.2403702669e-02          4.4622087438e-01
         5.3687678229e+00          4.4633572633e-01          1.2268660004e-02          4.5284415570e-01
         5.3930363756e+00          4.5302260627e-01          1.2134276340e-02          4.5970721639e-01
         5.4170382021e+00          4.5994185544e-01          1.2000913253e-02          4.6680726228e-01
         5.4407759842e+00          4.6709084681e-01          1.1868891047e-02          4.7414168394e-01
         5.4642529669e+00          4.7446714140e-01          1.1738491352e-02          4.8170806001e-01
         5.4874728867e+00          4.8206848978e-01          1.1609959907e-02          4.8950415884e-01
         5.5104399055e+00          4.8989283204e-01          1.1483509430e-02          4.9752793868e-01
         5.5331585505e+00          4.9793829671e-01          1.1359322496e-02          5.0577754674e-01
         5.5556336593e+00          5.0620319881e-01          1.1237554376e-02          5.1425131735e-01
         5.5778703308e+00          5.1468603719e-01          1.1118335767e-02          5.2294776950e-01
         5.5998738816e+00          5.2338549151e-01          1.1001775405e-02          5.3186560382e-01
         5.6216498067e+00          5.3230041882e-01          1.0887962524e-02          5.4100369935e-01
         5.6432037450e+00          5.4142985009e-01          1.0776969155e-02          5.5036111011e-01
         5.6645414495e+00          5.5077298663e-01          1.0668852261e-02          5.5993706161e-01
         5.6856687609e+00          5.6032919668e-01          1.0563655698e-02          5.6973094753e-01
         5.7065915849e+00          5.7009801207e-01          1.0461412013e-02          5.7974232645e-01
         5.7273158731e+00          5.8007912520e-01          1.0362144089e-02          5.8997091887e-01
         5.7478476064e+00          5.9027238628e-01          1.0265866638e-02          6.0041660458e-01
         5.7681927815e+00          6.0067780092e-01          1.0172587552e-02          6.1107942027e-01
         5.7883573998e+00          6.1129552820e-01          1.0082309129e-02          6.2195955768e-01
         5.8083474581e+00          6.2212587906e-01          9.9950291816e-03          6.3305736210e-01
         5.8281689422e+00          6.3316931525e-01          9.9107420401e-03          6.4437333135e-01
         5.8478278211e+00          6.4442644881e-01          9.8294394568e-03          6.5590811540e-01
         5.8673300440e+00          6.5589804204e-01          9.7511114301e-03          6.6766251635e-01
         5.8866815379e+00          6.6758500805e-01          9.6757469532e-03          6.7963748919e-01
         5.9058882073e+00          6.7948841199e-01          9.6033346985e-03          6.9183414301e-01
         5.9249559346e+00          6.9160947284e-01          9.5338636484e-03          7.0425374299e-01
         5.9438905819e+00          7.0394956596e-01          9.4673236797e-03          7.1689771304e-01
         5.9626979942e+00          7.1651022630e-01          9.4037061117e-03          7.2976763916e-01
         5.9813840026e+00          7.2929315247e-01          9.3430042261e-03          7.4286527361e-01
         5.9999544301e+00          7.4230021154e-01          9.2852137656e-03          7.5619253996e-01
         6.0184150970e+00          7.5553344488e-01          9.2303334217e-03          7.6975153900e-01
         6.0367718276e+00          7.6899507481e-01          9.1783653165e-03          7.8354455568e-01
         6.0550304586e+00          7.8268751244e-01          9.1293154894e-03          7.9757406709e-01
         6.0731968474e+00          7.9661336662e-01          9.0831943948e-03          8.1184275167e-01
         6.0912768822e+00          8.1077545412e-01          9.0400174214e-03          8.2635349967e-01
         6.1092764931e+00          8.2517681128e-01          8.9998054402e-03          8.4110942508e-01
         6.1272016639e+00          8.3982070719e-01          8.9625853935e-03          8.5611387910e-01
         6.1450584458e+00          8.5471065859e-01          8.9283909345e-03          8.7137046541e-01
         6.1628529720e+00          8.6985044676e-01          8.8972631309e-03          8.8688305746e-01
         6.1805914745e+00          8.8524413657e-01          8.8692512458e-03          9.0265581794e-01
         6.1982803017e+00          9.0089609801e-01          8.8444136142e-03          9.1869322083e-01
         6.2159259390e+00          9.1681103061e-01          8.8228186324e-03          9.3500007632e-01
         6.2335350308e+00          9.3299399095e-01          8.8045458847e-03          9.5158155899e-01
         6.2511144056e+00          9.4945042407e-01          8.7896874339e-03          9.6844323985e-01
         6.2686711043e+00          9.6618619893e-01          8.7783493084e-03          9.8559112262e-01
         6.2862124107e+00          9.8320764899e-01          8.7706532260e-03          1.0030316852e+00
         6.3037458879e+00          1.0005216185e+00          8.7667386030e-03          1.0207719269e+00
         6.3212794177e+00          1.0181355153e+00          8.7667649075e-03          1.0388194226e+00
         6.3388212466e+00          1.0360573722e+00          8.7709144333e-03          1.0571823850e+00
         6.3563800378e+00          1.0542959167e+00          8.7793955838e-03          1.0758697365e+00
         6.3739649313e+00          1.0728606532e+00          8.7924467868e-03          1.0948911924e+00
         6.3915856137e+00          1.0917619569e+00          8.8103411853e-03          1.1142573576e+00
         6.4092523983e+00          1.1110111858e+00          8.8333922955e-03          1.1339798402e+00
         6.4269763201e+00          1.1306208102e+00          8.8619608784e-03          1.1540713845e+00
         6.4447692467e+00          1.1506045677e+00          8.8964633434e-03          1.1745460288e+00
         6.4626440110e+00          1.1709776463e+00          8.9373821061e-03          1.1954192926e+00
         6.4806145679e+00          1.1917569054e+00          8.9852784620e-03          1.2167084021e+00
         6.4986961853e+00          1.2129611408e+00          9.0408087303e-03          1.2384325610e+00
         6.5169056747e+00          1.2346114095e+00          9.1047446995e-03          1.2606132820e+00
         6.5352616743e+00          1.2567314271e+00          9.1779997990e-03          1.2832747926e+00
         6.5537850003e+00          1.2793480618e+00          9.2616629950e-03          1.3064445396e+00
         6.5724990869e+00          1.3024919549e+00          9.3570432619e-03          1.3301538223e+00
         6.5914305444e+00          1.3261983074e+00          9.4657287674e-03          1.3544385959e+00
         6.6106098782e+00          1.3505078948e+00          9.5896669033e-03          1.3793405071e+00
         6.6300724271e+00          1.3754683924e+00          9.7312744426e-03          1.4049082473e+00
         6.6498596116e+00          1.4011361394e+00          9.8935922361e-03          1.4311993527e+00
         6.6700206265e+00          1.4275785314e+00          1.0080507450e-02          1.4582826472e+00
         6.6906147890e+00          1.4548773416e+00          1.0297081263e-02          1.4862416308e+00
         6.7117148826e+00          1.4831334508e+00          1.0550046833e-02          1.5151793074e+00
         6.7334120690e+00          1.5124737980e+00          1.0848593178e-02          1.5452252768e+00
         6.7558233727e+00          1.5430619736e+00          1.1205651858e-02          1.5765465426e+00
         6.7791036097e+00          1.5751151041e+00          1.1640118475e-02          1.6093647378e+00
         6.8034654794e+00          1.6089322987e+00          1.2180934844e-02          1.6439851391e+00
         6.8292158929e+00          1.6449460884e+00          1.2875206782e-02          1.6808491246e+00
         6.8568281164e+00          1.6838245907e+00          1.3806111729e-02          1.7206383335e+00
         6.8871050974e+00          1.7267028259e+00          1.5138490525e-02          1.7645104206e+00
         6.9216303850e+00          1.7758213880e+00          1.7262643785e-02          1.8147496484e+00
         6.9645310165e+00          1.8370232548e+00          2.1450315737e-02          1.8773080102e+00
         7.0167983146e+00          1.9115393189e+00          2.6133649071e-02          1.9533729518e+00
         7.0499360235e+00          1.9585193135e+00          1.6568854443e-02          2.0013038086e+00
         7.0783293501e+00          1.9984931253e+00          1.4196663298e-02          2.0420709584e+00
         7.1069199819e+00          2.0384039105e+00          1.4295315897e-02          2.0827488822e+00
         7.1321465451e+00          2.0732527417e+00          1.2613281590e-02          2.1182588085e+00
         7.1549681581e+00          2.1044294238e+00          1.1410806498e-02          2.1500204447e+00
         7.1761198884e+00          2.1329867012e+00          1.0575865159e-02          2.1791076532e+00
         7.1960179118e+00          2.1595203426e+00          9.9490117285e-03          2.2061282788e+00
         7.2149210123e+00          2.1844011092e+00          9.4515502180e-03          2.2314607064e+00
         7.2330055345e+00          2.2078817781e+00          9.0422611230e-03          2.2553629669e+00
         7.2503993126e+00          2.2301456081e+00          8.6968890586e-03          2.2780221597e+00
         7.2671991294e+00          2.2513313103e+00          8.3999083773e-03          2.2995799228e+00
         7.2834806799e+00          2.2715473105e+00          8.1407752326e-03          2.3201469835e+00
         7.2993046912e+00          2.2908805163e+00          7.9120056869e-03          2.3398121042e+00
         7.3147208935e+00          2.3094020089e+00          7.7081011368e-03          2.3586478900e+00
         7.3297707085e+00          2.3271708991e+00          7.5249075173e-03          2.3767147254e+00
         7.3444891355e+00          2.3442370325e+00          7.3592134522e-03          2.3940635347e+00
         7.3589061110e+00          2.3606429423e+00          7.2084877668e-03          2.4107377754e+00
         7.3730475153e+00          2.3764252931e+00          7.0707021377e-03          2.4267749124e+00
         7.3869359308e+00          2.3916159712e+00          6.9442077890e-03          2.4422075308e+00
         7.4005912261e+00          2.4062429228e+00          6.8276476358e-03          2.4570641920e+00
         7.4140310108e+00          2.4203308081e+00          6.7198923362e-03          2.4713701011e+00
         7.4272709965e+00          2.4339015197e+00          6.6199928668e-03          2.4851476367e+00
         7.4403252860e+00          2.4469745979e+00          6.5271447649e-03          2.4984167749e+00
         7.4532066076e+00          2.4595675676e+00          6.4406607660e-03          2.5111954331e+00
         7.4659265068e+00          2.4716962139e+00          6.3599495868e-03          2.5234997513e+00
         7.4784955053e+00          2.4833748100e+00          6.2844992748e-03          2.5353443254e+00
         7.4909232333e+00          2.4946163067e+00          6.2138639991e-03          2.5467424006e+00
         7.5032185402e+00          2.5054324920e+00          6.1476534672e-03          2.5577060337e+00
         7.5153895890e+00          2.5158341255e+00          6.0855243682e-03          2.5682462315e+00
         7.5274439358e+00          2.5258310527e+00          6.0271733970e-03          2.5783730666e+00
         7.5393885988e+00          2.5354323033e+00          5.9723315236e-03          2.5880957783e+00
         7.5512301173e+00          2.5446461749e+00          5.9207592518e-03          2.5974228581e+00
         7.5629746027e+00          2.5534803062e+00          5.8722426706e-03          2.6063621240e+00
         7.5746277829e+00          2.5619417397e+00          5.8265901461e-03          2.6149207852e+00
         7.5861950420e+00          2.5700369770e+00          5.7836295346e-03          2.6231054983e+00
         7.5976814537e+00          2.5777720271e+00          5.7432058210e-03          2.6309224164e+00
         7.6090918119e+00          2.5851524482e+00          5.7051791105e-03          2.6383772323e+00
         7.6204306577e+00          2.5921833855e+00          5.6694229104e-03          2.6454752168e+00
         7.6317023030e+00          2.5988696038e+00          5.6358226555e-03          2.6522212519e+00
         7.6429108519e+00          2.6052155167e+00          5.6042744374e-03          2.6586198611e+00
         7.6540602197e+00          2.6112252127e+00          5.5746839055e-03          2.6646752356e+00
         7.6651541503e+00          2.6169024780e+00          5.5469653130e-03          2.6703912578e+00
         7.6761962317e+00          2.6222508171e+00          5.5210406878e-03          2.6757715224e+00
         7.6871899099e+00          2.6272734712e+00          5.4968391079e-03          2.6808193551e+00
         7.6981385021e+00          2.6319734347e+00          5.4742960686e-03          2.6855378295e+00
         7.7090452079e+00          2.6363534695e+00          5.4533529278e-03          2.6899297817e+00
         7.7199131207e+00          2.6404161185e+00          5.4339564195e-03          2.6939978243e+00
         7.7307452372e+00          2.6441637172e+00          5.4160582257e-03          2.6977443579e+00
         7.7415444664e+00          2.6475984041e+00          5.3996146013e-03          2.7011715820e+00
         7.7523136385e+00          2.6507221302e+00          5.3845860427e-03          2.7042815047e+00
         7.7630555125e+00          2.6535366673e+00          5.3709369983e-03          2.7070759509e+00
         7.7737727837e+00          2.6560436155e+00          5.3586356129e-03          2.7095565704e+00
         7.7844680907e+00          2.6582444097e+00          5.3476535053e-03          2.7117248444e+00
         7.7951440219e+00          2.6601403254e+00          5.3379655727e-03          2.7135820913e+00
         7.8058031215e+00          2.6617324839e+00          5.3295498225e-03          2.7151294721e+00
         7.8164478960e+00          2.6630218565e+00          5.3223872258e-03          2.7163679947e+00
         7.8270808191e+00          2.6640092684e+00          5.3164615933e-03          2.7172985181e+00
         7.8377043381e+00          2.6646954020e+00          5.3117594705e-03          2.7179217554e+00
         7.8483208782e+00          2.6650807993e+00          5.3082700508e-03          2.7182382764e+00
         7.8589328484e+00          2.6651658638e+00          5.3059851067e-03          2.7182485100e+00
         7.8695426463e+00          2.6649508627e+00          5.3048989360e-03          2.7179527457e+00
         7.8801526629e+00          2.6644359270e+00          5.3050083250e-03          2.7173511344e+00
         7.8907652880e+00          2.6636210528e+00          5.3063125254e-03          2.7164436893e+00
         7.9013829145e+00          2.6625061011e+00          5.3088132474e-03          2.7152302859e+00
         7.9120079438e+00          2.6610907970e+00          5.3125146661e-03          2.7137106612e+00
         7.9226427907e+00          2.6593747293e+00          5.3174234440e-03          2.7118844132e+00
         7.9332898882e+00          2.6573573486e+00          5.3235487676e-03          2.7097509992e+00
         7.9439516930e+00          2.6550379653e+00          5.3309023994e-03          2.7073097337e+00
         7.9546306905e+00          2.6524157475e+00          5.3394987467e-03          2.7045597859e+00
         7.9653294004e+00          2.6494897174e+00          5.3493549467e-03          2.7015001768e+00
         7.9760503824e+00          2.6462587479e+00          5.3604909690e-03          2.6981297751e+00
         7.9867962418e+00          2.6427215584e+00          5.3729297385e-03          2.6944472933e+00
         7.9975696364e+00          2.6388767095e+00          5.3866972776e-03          2.6904512820e+00
         8.0083732821e+00          2.6347225976e+00          5.4018228722e-03          2.6861401249e+00
         8.0192099606e+00          2.6302574487e+00          5.4183392613e-03          2.6815120319e+00
         8.0300825264e+00          2.6254793104e+00          5.4362828548e-03          2.6765650318e+00
         8.0409939143e+00          2.6203860448e+00          5.4556939808e-03          2.6712969641e+00
         8.0519471487e+00          2.6149753186e+00          5.4766171672e-03          2.6657054695e+00
         8.0629453516e+00          2.6092445932e+00          5.4991014617e-03          2.6597879800e+00
         8.0739917532e+00          2.6031911135e+00          5.5232007935e-03          2.6535417072e+00
         8.0850897019e+00          2.5968118948e+00          5.5489743850e-03          2.6469636291e+00
         8.0962426764e+00          2.5901037092e+00          5.5764872176e-03          2.6400504761e+00
         8.1074542975e+00          2.5830630693e+00          5.6058105620e-03          2.6327987148e+00
         8.1187283427e+00          2.5756862111e+00          5.6370225799e-03          2.6252045302e+00
         8.1300687607e+00          2.5679690739e+00          5.6702090106e-03          2.6172638056e+00
         8.1414796886e+00          2.5599072785e+00          5.7054639543e-03          2.6089721003e+00
         8.1529654701e+00          2.5514961027e+00          5.7428907675e-03          2.6003246245e+00
         8.1645306763e+00          2.5427304531e+00          5.7826030918e-03          2.5913162111e+00
         8.1761801284e+00          2.5336048346e+00          5.8247260351e-03          2.5819412844e+00
         8.1879189234e+00          2.5241133150e+00          5.8693975367e-03          2.5721938239e+00
         8.1997524633e+00          2.5142494853e+00          5.9167699471e-03          2.5620673242e+00
         8.2116864871e+00          2.5040064150e+00          5.9670118640e-03          2.5515547495e+00
         8.2237271076e+00          2.4933766004e+00          6.0203102750e-03          2.5406484814e+00
         8.2358808538e+00          2.4823519070e+00          6.0768730686e-03          2.5293402593e+00
         8.2481547177e+00          2.4709235023e+00          6.1369319899e-03          2.5176211130e+00
         8.2605562100e+00          2.4590817787e+00          6.2007461384e-03          2.5054812843e+00
         8.2730934223e+00          2.4468162654e+00          6.2686061271e-03          2.4929101368e+00
         8.2857751004e+00          2.4341155250e+00          6.3408390575e-03          2.4798960512e+00
         8.2986107294e+00          2.4209670336e+00          6.4178145072e-03          2.4664263031e+00
         8.3116106330e+00          2.4073570404e+00          6.4999517813e-03          2.4524869205e+00
         8.3247860905e+00          2.3932704012e+00          6.5877287590e-03          2.4380625145e+00
         8.3381494760e+00          2.3786903822e+00          6.6816927663e-03          2.4231360793e+00
         8.3517144241e+00          2.3635984242e+00          6.7824740511e-03          2.4076887532e+00
         8.3654960294e+00          2.3479738597e+00          6.8908026303e-03          2.3916995303e+00
         8.3795110885e+00          2.3317935692e+00          7.0075295610e-03          2.3751449112e+00
         8.3937783967e+00          2.3150315601e+00          7.1336540801e-03          2.3579984747e+00
         8.4083191139e+00          2.2976584461e+00          7.2703586383e-03          2.3402303489e+00
         8.4231572233e+00          2.2796407963e+00          7.4190547008e-03          2.3218065486e+00
         8.4383201103e+00          2.2609403115e+00          7.5814434800e-03          2.3026881387e+00
         8.4538393058e+00          2.2415127681e+00          7.7595977362e-03          2.2828301592e+00
         8.4697514536e+00          2.2213066425e+00          7.9560739048e-03          2.2621802281e+00
         8.4860995913e+00          2.2002612904e+00          8.1740688582e-03          2.2406766889e+00
         8.5029348793e+00          2.1783044883e+00          8.4176440288e-03          2.2182461119e+00
         8.5203189876e+00          2.1553490400e+00          8.6920541493e-03          2.1947998445e+00
         8.5383274755e+00          2.1312879709e+00          9.0042439261e-03          2.1702291255e+00
         8.5570547252e+00          2.1059875128e+00          9.3636248398e-03          2.1443979546e+00
         8.5766214070e+00          2.0792764886e+00          9.7833409205e-03          2.1171323033e+00
         8.5971862786e+00          2.0509295341e+00          1.0282435793e-02          2.0882030623e+00
         8.6189658694e+00          2.0206391036e+00          1.0889795384e-02          2.0572975959e+00
         8.6422696578e+00          1.9879654433e+00          1.1651894199e-02          2.0239689118e+00
         8.6675689057e+00          1.9522386903e+00          1.2649623966e-02          1.9875362119e+00
         8.6956494391e+00          1.9123415667e+00          1.4040266699e-02          1.9468642056e+00
         8.7280212643e+00          1.8661267357e+00          1.6185912583e-02          1.8997716372e+00
         8.7684379328e+00          1.8082556579e+00          2.0208334265e-02          1.8408389200e+00
         8.8353203322e+00          1.7125370663e+00          3.3441199694e-02          1.7435273304e+00
         8.8683044854e+00          1.6656526437e+00          1.6492076615e-02          1.6958685612e+00
         8.8977535530e+00          1.6240757816e+00          1.4724533801e-02          1.6536149082e+00
         8.9273503851e+00          1.5826220258e+00          1.4798416042e-02          1.6115016402e+00
         8.9541689853e+00          1.5454091972e+00          1.3409300099e-02          1.5736993862e+00
         8.9790336164e+00          1.5112443291e+00          1.2432315551e-02          1.5389950126e+00
         9.0025344784e+00          1.4792809754e+00          1.1750430981e-02          1.5065283896e+00
         9.0250143933e+00          1.4490281605e+00          1.1239957444e-02          1.4758005122e+00
         9.0466928330e+00          1.4201719856e+00          1.0839219888e-02          1.4464922915e+00
         9.0677221830e+00          1.3924949662e+00          1.0514674989e-02          1.4183826196e+00
         9.0882142903e+00          1.3658379435e+00          1.0246053666e-02          1.3913096723e+00
         9.1082546261e+00          1.3400797505e+00          1.0020167893e-02          1.3651502451e+00
         9.1279105602e+00          1.3151253237e+00          9.8279670561e-03          1.3398076716e+00
         9.1472365256e+00          1.2908982810e+00          9.6629826688e-03          1.3152042788e+00
         9.1662774073e+00          1.2673360495e+00          9.5204408490e-03          1.2912764346e+00
         9.1850708577e+00          1.2443865366e+00          9.3967252132e-03          1.2679711639e+00
         9.2036489303e+00          1.2220057812e+00          9.2890362852e-03          1.2452437598e+00
         9.2220392645e+00          1.2001562491e+00          9.1951670987e-03          1.2230560519e+00
         9.2402659656e+00          1.1788055695e+00          9.1133505418e-03          1.2013751200e+00
         9.2583502708e+00          1.1579255766e+00          9.0421526433e-03          1.1801723211e+00
         9.2763110632e+00          1.1374915727e+00          8.9803961987e-03          1.1594225391e+00
         9.2941652732e+00          1.1174817512e+00          8.9271049809e-03          1.1391035984e+00
         9.3119281977e+00          1.0978767394e+00          8.8814622453e-03          1.1191957988e+00
         9.3296137564e+00          1.0786592314e+00          8.8427793680e-03          1.0996815427e+00
         9.3472347000e+00          1.0598136908e+00          8.8104718024e-03          1.0805450323e+00
         9.3648027808e+00          1.0413261071e+00          8.7840404064e-03          1.0617720218e+00
         9.3823288944e+00          1.0231837942e+00          8.7630567702e-03          1.0433496129e+00
         9.3998231975e+00          1.0053752230e+00          8.7471515670e-03          1.0252660842e+00
         9.4172952079e+00          9.8788988037e-01          8.7360052106e-03          1.0075107482e+00
         9.4347538885e+00          9.7071815102e-01          8.7293402995e-03          9.9007383057e-01
         9.4522077194e+00          9.5385121603e-01          8.7269154524e-03          9.7294636743e-01
         9.4696647599e+00          9.3728096696e-01          8.7285202432e-03          9.5612011788e-01
         9.4871327019e+00          9.2099993167e-01          8.7339710078e-03          9.3958748858e-01
         9.5046189166e+00          9.0500121053e-01          8.7431073499e-03          9.2334146883e-01
         9.5221304951e+00          8.8927842104e-01          8.7557892121e-03          9.0737557430e-01
         9.5396742839e+00          8.7382564968e-01          8.7718944042e-03          8.9168379809e-01
         9.5572569169e+00          8.5863740992e-01          8.7913165058e-03          8.7626056801e-01
         9.5748848430e+00          8.4370860538e-01          8.8139630773e-03          8.6110070917e-01
         9.5925643513e+00          8.2903449759e-01          8.8397541240e-03          8.4619941116e-01
         9.6103015928e+00          8.1461067752e-01          8.8686207702e-03          8.3155219916e-01
         9.6281026010e+00          8.0043304052e-01          8.9005041077e-03          8.1715490847e-01
         9.6459733094e+00          7.8649776421e-01          8.9353541901e-03          8.0300366204e-01
         9.6639195677e+00          7.7280128888e-01          8.9731291475e-03          7.8909485056e-01
         9.6819471565e+00          7.5934030019e-01          9.0137944010e-03          7.7542511492e-01
         9.7000618004e+00          7.4611171388e-01          9.0573219618e-03          7.6199133064e-01
         9.7182691800e+00          7.3311266216e-01          9.1036897973e-03          7.4879059416e-01
         9.7365749425e+00          7.2034048182e-01          9.1528812538e-03          7.3582021068e-01
         9.7549847116e+00          7.0779270365e-01          9.2048845235e-03          7.2307768352e-01
         9.7735040959e+00          6.9546704320e-01          9.2596921459e-03          7.1056070472e-01
         9.7921386970e+00          6.8336139267e-01          9.3173005354e-03          6.9826714686e-01
         9.8108941160e+00          6.7147381386e-01          9.3777095256e-03          6.8619505597e-01
         9.8297759599e+00          6.5980253215e-01          9.4409219243e-03          6.7434264537e-01
         9.8487898460e+00          6.4834593122e-01          9.5069430701e-03          6.6270829051e-01
         9.8679414068e+00          6.3710254880e-01          9.5757803847e-03          6.5129052455e-01
         9.8872362926e+00          6.2607107300e-01          9.6474429141e-03          6.4008803484e-01
         9.9066801743e+00          6.1525033949e-01          9.7219408502e-03          6.2909966003e-01
         9.9262787444e+00          6.0463932926e-01          9.7992850277e-03          6.1832438792e-01
         9.9460377171e+00          5.9423716709e-01          9.8794863873e-03          6.0776135395e-01
         9.9659628279e+00          5.8404312056e-01          9.9625553991e-03          5.9740984036e-01
         9.9860598308e+00          5.7405659966e-01          1.0048501437e-02          5.8726927580e-01
         1.0006334495e+01          5.6427715695e-01          1.0137332097e-02          5.7733923567e-01
         1.0026792600e+01          5.5470448818e-01          1.0229052452e-02          5.6761944283e-01
         1.0047439928e+01          5.4533843347e-01          1.0323664227e-02          5.5810976894e-01
         1.0068282258e+01          5.3617897887e-01          1.0421164899e-02          5.4881023615e-01
         1.0089325352e+01          5.2722625841e-01          1.0521546699e-02          5.3972101936e-01
         1.0110574943e+01          5.1848055653e-01          1.0624795511e-02          5.3084244877e-01
         1.0132036722e+01          5.0994231079e-01          1.0730889659e-02          5.2217501292e-01
         1.0153716319e+01          5.0161211507e-01          1.0839798576e-02          5.1371936193e-01
         1.0175619282e+01          4.9349072281e-01          1.0951481334e-02          5.0547631113e-01
         1.0197751052e+01          4.8557905066e-01          1.1065885039e-02          4.9744684486e-01
         1.0220116938e+01          4.7787818216e-01          1.1182943078e-02          4.8963212044e-01
         1.0242722084e+01          4.7038937146e-01          1.1302573217e-02          4.8203347212e-01
         1.0265571435e+01          4.6311404709e-01          1.1424675538e-02          4.7465241517e-01
         1.0288669696e+01          4.5605381547e-01          1.1549130229e-02          4.6749064959e-01
         1.0312021286e+01          4.4921046421e-01          1.1675795231e-02          4.6055006375e-01
         1.0335630294e+01          4.4258596488e-01          1.1804503745e-02          4.5383273739e-01
         1.0359500417e+01          4.3618247526e-01          1.1935061630e-02          4.4734094411e-01
         1.0383634907e+01          4.3000234063e-01          1.2067244728e-02          4.4107715294e-01
         1.0408036499e+01          4.2404809409e-01          1.2200796137e-02          4.3504402882e-01
         1.0432707346e+01          4.1832245550e-01          1.2335423515e-02          4.2924443176e-01
         1.0457648939e+01          4.1282832879e-01          1.2470796465e-02          4.2368141427e-01
         1.0482862027e+01          4.0756879743e-01          1.2606544106e-02          4.1835821688e-01
         1.0508346533e+01          4.0254711752e-01          1.2742252928e-02          4.1327826125e-01
         1.0534101463e+01          3.9776670834e-01          1.2877465068e-02          4.0844514068e-01
         1.0560124817e+01          3.9323113996e-01          1.3011677152e-02          4.0386260752e-01
         1.0586413497e+01          3.8894411754e-01          1.3144339866e-02          3.9953455713e-01
         1.0612963214e+01          3.8490946204e-01          1.3274858441e-02          3.9546500827e-01
         1.0639768402e+01          3.8113108705e-01          1.3402594238e-02          3.9165807932e-01
         1.0666822138e+01          3.7761297159e-01          1.3526867632e-02          3.8811796037e-01
         1.0694116062e+01          3.7435912879e-01          1.3646962346e-02          3.8484888103e-01
         1.0721640325e+01          3.7137357040e-01          1.3762131422e-02          3.8185507394e-01
         1.0749383535e+01          3.6866026748e-01          1.3871604900e-02          3.7914073412e-01
         1.0777332734e+01          3.6622310742e-01          1.3974599279e-02          3.7670997475e-01
         1.0805473391e+01          3.6406584816e-01          1.4070328706e-02          3.7456677972e-01
         1.0833789427e+01          3.6219207005e-01          1.4158017762e-02          3.7271495390e-01
         1.0862263258e+01          3.6060512667e-01          1.4236915610e-02          3.7115807209e-01
         1.0890875880e+01          3.5930809563e-01          1.4306311117e-02          3.6989942798e-01
         1.0919606977e+01          3.5830373066e-01          1.4365548502e-02          3.6894198435e-01
         1.0948435063e+01          3.5759441665e-01          1.4414042906e-02          3.6828832620e-01
         1.0977337653e+01          3.5718212897e-01          1.4451295241e-02          3.6794061828e-01
         1.1006291465e+01          3.5706839855e-01          1.4476905634e-02          3.6790056850e-01
         1.1035272634e+01          3.5725428423e-01          1.4490584781e-02          3.6816939872e-01
         1.1064256959e+01          3.5774035320e-01          1.4492162613e-02          3.6874782400e-01
         1.1093220147e+01          3.5852667066e-01          1.4481593769e-02          3.6963604123e-01
         1.1122138066e+01          3.5961279892e-01          1.4458959558e-02          3.7083372757e-01
         1.1150986998e+01          3.6099780622e-01          1.4424466261e-02          3.7234004891e-01
         1.1179743878e+01          3.6268028477e-01          1.4378439851e-02          3.7415367785e-01
         1.1208386513e+01          3.6465837733e-01          1.4321317413e-02          3.7627282066e-01
         1.1236893784e+01          3.6692981152e-01          1.4253635699e-02          3.7869525211e-01
         1.1265245819e+01          3.6949194012e-01          1.4176017443e-02          3.8141835670e-01
         1.1293424131e+01          3.7234178640e-01          1.4089156086e-02          3.8443917505e-01
         1.1321411731e+01          3.7547609258e-01          1.3993799658e-02          3.8775445363e-01
         1.1349193200e+01          3.7889136995e-01          1.3890734491e-02          3.9136069633e-01
         1.1376754739e+01          3.8258394943e-01          1.3780769411e-02          3.9525421643e-01
         1.1404084180e+01          3.8655003094e-01          1.3664720933e-02          3.9943118757e-01
         1.1431170980e+01          3.9078573074e-01          1.3543399875e-02          4.0388769256e-01
         1.1458006180e+01          3.9528712579e-01          1.3417599682e-02          4.0861976917e-01
         1.1484582353e+01          4.0005029439e-01          1.3288086615e-02          4.1362345226e-01
         1.1510893537e+01          4.0507135284e-01          1.3155591849e-02          4.1889481167e-01
         1.1536935147e+01          4.1034648776e-01          1.3020805454e-02          4.2442998573e-01
         1.1562703892e+01          4.1587198406e-01          1.2884372125e-02          4.3022521036e-01
         1.1588197669e+01          4.2164424865e-01          1.2746888503e-02          4.3627684373e-01
         1.1613415472e+01          4.2765983013e-01          1.2608901881e-02          4.4258138672e-01
         1.1638357293e+01          4.3391543464e-01          1.2470910089e-02          4.4913549959e-01
         1.1663024017e+01          4.4040793832e-01          1.2333362345e-02          4.5593601499e-01
         1.1687417339e+01          4.4713439666e-01          1.2196660858e-02          4.6297994786e-01
         1.1711539665e+01          4.5409205123e-01          1.2061163012e-02          4.7026450256e-01
         1.1735394033e+01          4.6127833396e-01          1.1927183958e-02          4.7778707753e-01
         1.1758984032e+01          4.6869086961e-01          1.1794999475e-02          4.8554526797e-01
         1.1782313730e+01          4.7632747647e-01          1.1664848977e-02          4.9353686686e-01
         1.1805387607e+01          4.8418616586e-01          1.1536938577e-02          5.0175986452e-01
         1.1828210495e+01          4.9226514052e-01          1.1411444136e-02          5.1021244719e-01
         1.1850787524e+01          5.0056279221e-01          1.1288514221e-02          5.1889299469e-01
         1.1873124070e+01          5.0907769879e-01          1.1168272952e-02          5.2780007757e-01
         1.1895225715e+01          5.1780862085e-01          1.1050822698e-02          5.3693245380e-01
         1.1917098208e+01          5.2675449815e-01          1.0936246602e-02          5.4628906519e-01
         1.1938747430e+01          5.3591444600e-01          1.0824610934e-02          5.5586903383e-01
         1.1960179365e+01          5.4528775160e-01          1.0715967255e-02          5.6567165843e-01
         1.1981400073e+01          5.5487387059e-01          1.0610354410e-02          5.7569641086e-01
         1.2002415674e+01          5.6467242380e-01          1.0507800348e-02          5.8594293293e-01
         1.2023232322e+01          5.7468319423e-01          1.0408323771e-02          5.9641103338e-01
         1.2043856193e+01          5.8490612447e-01          1.0311935636e-02          6.0710068535e-01
         1.2064293474e+01          5.9534131448e-01          1.0218640513e-02          6.1801202410e-01
         1.2084550350e+01          6.0598901979e-01          1.0128437806e-02          6.2914534537e-01
         1.2104632995e+01          6.1684965019e-01          1.0041322865e-02          6.4050110408e-01
         1.2124547571e+01          6.2792376903e-01          9.9572879840e-03          6.5207991365e-01
         1.2144300218e+01          6.3921209293e-01          9.8763233090e-03          6.6388254588e-01
         1.2163897053e+01          6.5071549221e-01          9.7984176591e-03          6.7590993143e-01
         1.2183344172e+01          6.6243499185e-01          9.7235592772e-03          6.8816316094e-01
         1.2202647645e+01          6.7437177320e-01          9.6517365189e-03          7.0064348686e-01
         1.2221813522e+01          6.8652717627e-01          9.5829384883e-03          7.1335232598e-01
         1.2240847833e+01          6.9890270294e-01          9.5171556322e-03          7.2629126272e-01
         1.2259756594e+01          7.1150002075e-01          9.4543803003e-03          7.3946205330e-01
         1.2278545808e+01          7.2432096776e-01          9.3946072819e-03          7.5286663074e-01
         1.2297221477e+01          7.3736755815e-01          9.3378343261e-03          7.6650711082e-01
         1.2315789602e+01          7.5064198891e-01          9.2840626550e-03          7.8038579907e-01
         1.2334256197e+01          7.6414664758e-01          9.2332974788e-03          7.9450519892e-01
         1.2352627294e+01          7.7788412115e-01          9.1855485212e-03          8.0886802102e-01
         1.2370908955e+01          7.9185720629e-01          9.1408305641e-03          8.2347719391e-01
         1.2389107283e+01          8.0606892099e-01          9.0991640231e-03          8.3833587622e-01
         1.2407228434e+01          8.2052251776e-01          9.0605755616e-03          8.5344747045e-01
         1.2425278632e+01          8.3522149862e-01          9.0250987591e-03          8.6881563868e-01
         1.2443264182e+01          8.5016963211e-01          8.9927748431e-03          8.8444432023e-01
         1.2461191489e+01          8.6537097246e-01          8.9636535026e-03          9.0033775178e-01
         1.2479067076e+01          8.8082988132e-01          8.9377937990e-03          9.1650048997e-01
         1.2496897607e+01          8.9655105241e-01          8.9152651958e-03          9.3293743716e-01
         1.2514689904e+01          9.1253953937e-01          8.8961487302e-03          9.4965387045e-01
         1.2532450981e+01          9.2880078746e-01          8.8805383560e-03          9.6665547477e-01
         1.2550188066e+01          9.4534066958e-01          8.8685424918e-03          9.8394838040e-01
         1.2567908637e+01          9.6216552733e-01          8.8602858175e-03          1.0015392059e+00
