         1.5707963268e-02         -4.8060170643e-07         -6.1921491410e-05
         3.1415926536e-02         -9.6051747112e-07         -1.2477627130e-04
         4.7123889804e-02         -1.4389128267e-06         -1.8852957339e-04
         6.2831853072e-02         -1.9149197346e-06         -2.5314339429e-04
         7.8539816340e-02         -2.3876373767e-06         -3.1857642117e-04
         9.4247779608e-02         -2.8561331027e-06         -3.8478396403e-04
         1.0995574288e-01         -3.3194435340e-06         -4.5171789340e-04
         1.2566370614e-01         -3.7765758245e-06         -5.1932658368e-04
         1.4137166941e-01         -4.2265090874e-06         -5.8755486284e-04
         1.5707963268e-01         -4.6681959891e-06         -6.5634396874e-04
         1.7278759595e-01         -5.1005645127e-06         -7.2563151290e-04
         1.8849555922e-01         -5.5225198958e-06         -7.9535145188e-04
         2.0420352248e-01         -5.9329467379e-06         -8.6543406704e-04
         2.1991148575e-01         -6.3307112896e-06         -9.3580595307e-04
         2.3561944902e-01         -6.7146639109e-06         -1.0063900158e-03
         2.5132741229e-01         -7.0836417052e-06         -1.0771054797e-03
         2.6703537556e-01         -7.4364713281e-06         -1.1478679061e-03
         2.8274333882e-01         -7.7719719629e-06         -1.2185892210e-03
         2.9845130209e-01         -8.0889584666e-06         -1.2891777558e-03
         3.1415926536e-01         -8.3862446729e-06         -1.3595382977e-03
         3.2986722863e-01         -8.6626468578e-06         -1.4295721538e-03
         3.4557519189e-01         -8.9169873532e-06         -1.4991772263e-03
         3.6128315516e-01         -9.1480983009e-06         -1.5682481011e-03
         3.7699111843e-01         -9.3548255478e-06         -1.6366761496e-03
         3.9269908170e-01         -9.5360326564e-06         -1.7043496431e-03
         4.0840704497e-01         -9.6906050393e-06         -1.7711538818e-03
         4.2411500823e-01         -9.8174541880e-06         -1.8369713365e-03
         4.3982297150e-01         -9.9155219975e-06         -1.9016818049e-03
         4.5553093477e-01         -9.9837851604e-06         -1.9651625823e-03
         4.7123889804e-01         -1.0021259625e-05         -2.0272886454e-03
         4.8694686131e-01         -1.0027005100e-05         -2.0879328511e-03
         5.0265482457e-01         -1.0000129580e-05         -2.1469661489e-03
         5.1836278784e-01         -9.9397938873e-06         -2.2042578076e-03
         5.3407075111e-01         -9.8452161987e-06         -2.2596756559e-03
         5.4977871438e-01         -9.7156765511e-06         -2.3130863356e-03
         5.6548667765e-01         -9.5505212889e-06         -2.3643555698e-03
         5.8119464091e-01         -9.3491674475e-06         -2.4133484422e-03
         5.9690260418e-01         -9.1111070430e-06         -2.4599296904e-03
         6.1261056745e-01         -8.8359112476e-06         -2.5039640101e-03
         6.2831853072e-01         -8.5232344280e-06         -2.5453163714e-03
         6.4402649399e-01         -8.1728180275e-06         -2.5838523456e-03
         6.5973445725e-01         -7.7844942634e-06         -2.6194384422e-03
         6.7544242052e-01         -7.3581896192e-06         -2.6519424551e-03
         6.9115038379e-01         -6.8939281097e-06         -2.6812338171e-03
         7.0685834706e-01         -6.3918342972e-06         -2.7071839628e-03
         7.2256631033e-01         -5.8521360304e-06         -2.7296666966e-03
         7.3827427359e-01         -5.2751668951e-06         -2.7485585678e-03
         7.5398223686e-01         -4.6613683393e-06         -2.7637392488e-03
         7.6969020013e-01         -4.0112914741e-06         -2.7750919173e-03
         7.8539816340e-01         -3.3255985095e-06         -2.7825036404e-03
         8.0110612667e-01         -2.6050638180e-06         -2.7858657595e-03
         8.1681408993e-01         -1.8505746140e-06         -2.7850742739e-03
         8.3252205320e-01         -1.0631312173e-06         -2.7800302241e-03
         8.4823001647e-01         -2.4384689823e-07         -2.7706400697e-03
         8.6393797974e-01          6.0605270846e-07         -2.7568160645e-03
         8.7964594301e-01          1.4852306331e-06         -2.7384766237e-03
         8.9535390627e-01          2.3922400603e-06         -2.7155466845e-03
         9.1106186954e-01          3.3255262721e-06         -2.6879580573e-03
         9.2676983281e-01          4.2834290568e-06         -2.6556497655e-03
         9.4247779608e-01          5.2641855888e-06         -2.6185683741e-03
         9.5818575934e-01          6.2659337745e-06         -2.5766683035e-03
         9.7389372261e-01          7.2867160603e-06         -2.5299121290e-03
         9.8960168588e-01          8.3244837046e-06         -2.4782708634e-03
         1.0053096491e+00          9.3771015033e-06         -2.4217242208e-03
         1.0210176124e+00          1.0442352959e-05         -2.3602608617e-03
         1.0367255757e+00          1.1517945882e-05         -2.2938786172e-03
         1.0524335390e+00          1.2601518406e-05         -2.2225846904e-03
         1.0681415022e+00          1.3690645413e-05         -2.1463958348e-03
         1.0838494655e+00          1.4782845324e-05         -2.0653385085e-03
         1.0995574288e+00          1.5875587259e-05         -1.9794490017e-03
         1.1152653920e+00          1.6966298531e-05         -1.8887735388e-03
         1.1309733553e+00          1.8052372436e-05         -1.7933683515e-03
         1.1466813186e+00          1.9131176338e-05         -1.6932997248e-03
         1.1623892818e+00          2.0200059981e-05         -1.5886440127e-03
         1.1780972451e+00          2.1256364035e-05         -1.4794876250e-03
         1.1938052084e+00          2.2297428813e-05         -1.3659269830e-03
         1.2095131716e+00          2.3320603124e-05         -1.2480684452e-03
         1.2252211349e+00          2.4323253245e-05         -1.1260282018e-03
         1.2409290982e+00          2.5302771955e-05         -9.9993213789e-04
         1.2566370614e+00          2.6256587592e-05         -8.6991566577e-04
         1.2723450247e+00          2.7182173103e-05         -7.3612352648e-04
         1.2880529880e+00          2.8077055035e-05         -5.9870956022e-04
         1.3037609512e+00          2.8938822433e-05         -4.5783644674e-04
         1.3194689145e+00          2.9765135594e-05         -3.1367541577e-04
         1.3351768778e+00          3.0553734653e-05         -1.6640592838e-04
         1.3508848410e+00          3.1302447938e-05         -1.6215329951e-05
         1.3665928043e+00          3.2009200072e-05          1.3670152425e-04
         1.3823007676e+00          3.2672019763e-05          2.9214266997e-04
         1.3980087308e+00          3.3289047272e-05          4.4989946000e-04
         1.4137166941e+00          3.3858541489e-05          6.0975701421e-04
         1.4294246574e+00          3.4378886616e-05          7.7149469209e-04
         1.4451326207e+00          3.4848598380e-05          9.3488658630e-04
         1.4608405839e+00          3.5266329797e-05          1.0997020357e-03
         1.4765485472e+00          3.5630876409e-05          1.2657061559e-03
         1.4922565105e+00          3.5941181001e-05          1.4326603860e-03
         1.5079644737e+00          3.6196337755e-05          1.6003230492e-03
         1.5236724370e+00          3.6395595831e-05          1.7684499255e-03
         1.5393804003e+00          3.6538362344e-05          1.9367948342e-03
         1.5550883635e+00          3.6624204732e-05          2.1051102254e-03
         1.5707963268e+00          3.6652852506e-05          2.2731477763e-03
         1.5865042901e+00          3.6624198353e-05          2.4406589917e-03
         1.6022122533e+00          3.6538298608e-05          2.6073958067e-03
         1.6179202166e+00          3.6395373081e-05          2.7731111879e-03
         1.6336281799e+00          3.6195804243e-05          2.9375597331e-03
         1.6493361431e+00          3.5940135771e-05          3.1004982648e-03
         1.6650441064e+00          3.5629070470e-05          3.2616864182e-03
         1.6807520697e+00          3.5263467563e-05          3.4208872192e-03
         1.6964600329e+00          3.4844339391e-05          3.5778676515e-03
         1.7121679962e+00          3.4372847508e-05          3.7323992107e-03
         1.7278759595e+00          3.3850298220e-05          3.8842584437e-03
         1.7435839227e+00          3.3278137570e-05          4.0332274704e-03
         1.7592918860e+00          3.2657945807e-05          4.1790944872e-03
         1.7749998493e+00          3.1991431356e-05          4.3216542501e-03
         1.7907078125e+00          3.1280424331e-05          4.4607085360e-03
         1.8064157758e+00          3.0526869621e-05          4.5960665793e-03
         1.8221237391e+00          2.9732819570e-05          4.7275454856e-03
         1.8378317024e+00          2.8900426309e-05          4.8549706171e-03
         1.8535396656e+00          2.8031933764e-05          4.9781759519e-03
         1.8692476289e+00          2.7129669374e-05          5.0970044147e-03
         1.8849555922e+00          2.6196035582e-05          5.2113081780e-03
         1.9006635554e+00          2.5233501110e-05          5.3209489331e-03
         1.9163715187e+00          2.4244592085e-05          5.4257981308e-03
         1.9320794820e+00          2.3231883038e-05          5.5257371905e-03
         1.9477874452e+00          2.2197987839e-05          5.6206576777e-03
         1.9634954085e+00          2.1145550587e-05          5.7104614502e-03
         1.9792033718e+00          2.0077236509e-05          5.7950607715e-03
         1.9949113350e+00          1.8995722909e-05          5.8743783930e-03
         2.0106192983e+00          1.7903690202e-05          5.9483476042e-03
         2.0263272616e+00          1.6803813073e-05          6.0169122516e-03
         2.0420352248e+00          1.5698751799e-05          6.0800267264e-03
         2.0577431881e+00          1.4591143773e-05          6.1376559219e-03
         2.0734511514e+00          1.3483595248e-05          6.1897751611e-03
         2.0891591146e+00          1.2378673363e-05          6.2363700951e-03
         2.1048670779e+00          1.1278898447e-05          6.2774365737e-03
         2.1205750412e+00          1.0186736662e-05          6.3129804882e-03
         2.1362830044e+00          9.1045929769e-06          6.3430175889e-03
         2.1519909677e+00          8.0348045297e-06          6.3675732769e-03
         2.1676989310e+00          6.9796343727e-06          6.3866823726e-03
         2.1834068942e+00          5.9412656359e-06          6.4003888614e-03
         2.1991148575e+00          4.9217961142e-06          6.4087456191e-03
         2.2148228208e+00          3.9232333000e-06          6.4118141164e-03
         2.2305307840e+00          2.9474898660e-06          6.4096641064e-03
         2.2462387473e+00          1.9963796101e-06          6.4023732947e-03
         2.2619467106e+00          1.0716138723e-06          6.3900269943e-03
         2.2776546739e+00          1.7479841530e-07          6.3727177676e-03
         2.2933626371e+00         -6.9256921886e-07          6.3505450551e-03
         2.3090706004e+00         -1.5291018776e-06          6.3236147951e-03
         2.3247785637e+00         -2.3335245087e-06          6.2920390332e-03
         2.3404865269e+00         -3.1046754025e-06          6.2559355253e-03
         2.3561944902e+00         -3.8415069801e-06          6.2154273340e-03
         2.3719024535e+00         -4.5430861424e-06          6.1706424218e-03
         2.3876104167e+00         -5.2085941840e-06          6.1217132405e-03
         2.4033183800e+00         -5.8373262888e-06          6.0687763196e-03
         2.4190263433e+00         -6.4286906247e-06          6.0119718554e-03
         2.4347343065e+00         -6.9822070479e-06          5.9514433002e-03
         2.4504422698e+00         -7.4975054423e-06          5.8873369560e-03
         2.4661502331e+00         -7.9743237031e-06          5.8198015710e-03
         2.4818581963e+00         -8.4125053985e-06          5.7489879415e-03
         2.4975661596e+00         -8.8119971169e-06          5.6750485214e-03
         2.5132741229e+00         -9.1728455269e-06          5.5981370375e-03
         2.5289820861e+00         -9.4951941787e-06          5.5184081145e-03
         2.5446900494e+00         -9.7792800562e-06          5.4360169094e-03
         2.5603980127e+00         -1.0025429915e-05          5.3511187557e-03
         2.5761059759e+00         -1.0234056422e-05          5.2638688192e-03
         2.5918139392e+00         -1.0405654125e-05          5.1744217657e-03
         2.6075219025e+00         -1.0540795272e-05          5.0829314413e-03
         2.6232298657e+00         -1.0640125506e-05          4.9895505651e-03
         2.6389378290e+00         -1.0704359447e-05          4.8944304371e-03
         2.6546457923e+00         -1.0734276211e-05          4.7977206582e-03
         2.6703537556e+00         -1.0730714849e-05          4.6995688665e-03
         2.6860617188e+00         -1.0694569759e-05          4.6001204870e-03
         2.7017696821e+00         -1.0626786079e-05          4.4995184973e-03
         2.7174776454e+00         -1.0528355076e-05          4.3979032074e-03
         2.7331856086e+00         -1.0400309556e-05          4.2954120557e-03
         2.7488935719e+00         -1.0243719316e-05          4.1921794196e-03
         2.7646015352e+00         -1.0059686643e-05          4.0883364419e-03
         2.7803094984e+00         -9.8493418892e-06          3.9840108715e-03
         2.7960174617e+00         -9.6138391255e-06          3.8793269203e-03
         2.8117254250e+00         -9.3543518989e-06          3.7744051337e-03
         2.8274333882e+00         -9.0720690968e-06          3.6693622770e-03
         2.8431413515e+00         -8.7681909351e-06          3.5643112348e-03
         2.8588493148e+00         -8.4439250774e-06          3.4593609257e-03
         2.8745572780e+00         -8.1004828982e-06          3.3546162293e-03
         2.8902652413e+00         -7.7390758917e-06          3.2501779281e-03
         2.9059732046e+00         -7.3609122431e-06          3.1461426606e-03
         2.9216811678e+00         -6.9671935572e-06          3.0426028881e-03
         2.9373891311e+00         -6.5591117597e-06          2.9396468729e-03
         2.9530970944e+00         -6.1378461662e-06          2.8373586676e-03
         2.9688050576e+00         -5.7045607296e-06          2.7358181163e-03
         2.9845130209e+00         -5.2604014600e-06          2.6351008653e-03
         3.0002209842e+00         -4.8064940272e-06          2.5352783842e-03
         3.0159289474e+00         -4.3439415394e-06          2.4364179964e-03
         3.0316369107e+00         -3.8738224990e-06          2.3385829179e-03
         3.0473448740e+00         -3.3971889364e-06          2.2418323049e-03
         3.0630528373e+00         -2.9150647176e-06          2.1462213089e-03
         3.0787608005e+00         -2.4284440252e-06          2.0518011391e-03
         3.0944687638e+00         -1.9382900056e-06          1.9586191307e-03
         3.1101767271e+00         -1.4455335846e-06          1.8667188206e-03
         3.1258846903e+00         -9.5107244102e-07          1.7761400271e-03
         3.1415926536e+00         -4.5577013985e-07          1.6869189359e-03
         3.1573006169e+00          3.9544589381e-08          1.5990881900e-03
         3.1730085801e+00          5.3407842093e-07          1.5126769832e-03
         3.1887165434e+00          1.0270738686e-06          1.4277111582e-03
         3.2044245067e+00          1.5178095832e-06          1.3442133065e-03
         3.2201324699e+00          2.0056005248e-06          1.2622028721e-03
         3.2358404332e+00          2.4897980127e-06          1.1816962561e-03
         3.2515483965e+00          2.9697896609e-06          1.1027069239e-03
         3.2672563597e+00          3.4449992071e-06          1.0252455137e-03
         3.2829643230e+00          3.9148862394e-06          9.4931994515e-04
         3.2986722863e+00          4.3789458278e-06          8.7493552965e-04
         3.3143802495e+00          4.8367080697e-06          8.0209507992e-04
         3.3300882128e+00          5.2877375536e-06          7.3079902000e-04
         3.3457961761e+00          5.7316327462e-06          6.6104549470e-04
         3.3615041393e+00          6.1680253157e-06          5.9283047833e-04
         3.3772121026e+00          6.5965793888e-06          5.2614788241e-04
         3.3929200659e+00          7.0169907552e-06          4.6098966230e-04
         3.4086280291e+00          7.4289860211e-06          3.9734592219e-04
         3.4243359924e+00          7.8323217196e-06          3.3520501862e-04
         3.4400439557e+00          8.2267833827e-06          2.7455366195e-04
         3.4557519189e+00          8.6121845814e-06          2.1537701596e-04
         3.4714598822e+00          8.9883659374e-06          1.5765879516e-04
         3.4871678455e+00          9.3551941135e-06          1.0138135979e-04
         3.5028758088e+00          9.7125607856e-06          4.6525808368e-05
         3.5185837720e+00          1.0060381602e-05         -6.9279323329e-06
         3.5342917353e+00          1.0398595132e-05         -5.9001019999e-05
         3.5499996986e+00          1.0727161817e-05         -1.0971561220e-04
         3.5657076618e+00          1.1046062906e-05         -1.5909478467e-04
         3.5814156251e+00          1.1355299413e-05         -2.0716245240e-04
         3.5971235884e+00          1.1654891061e-05         -2.5394329370e-04
         3.6128315516e+00          1.1944875247e-05         -2.9946267719e-04
         3.6285395149e+00          1.2225306016e-05         -3.4374659171e-04
         3.6442474782e+00          1.2496253049e-05         -3.8682157925e-04
         3.6599554414e+00          1.2757800662e-05         -4.2871467085e-04
         3.6756634047e+00          1.3010046836e-05         -4.6945332544e-04
         3.6913713680e+00          1.3253102251e-05         -5.0906537161e-04
         3.7070793312e+00          1.3487089360e-05         -5.4757895236e-04
         3.7227872945e+00          1.3712141469e-05         -5.8502247271e-04
         3.7384952578e+00          1.3928401859e-05         -6.2142455013e-04
         3.7542032210e+00          1.4136022918e-05         -6.5681396783e-04
         3.7699111843e+00          1.4335165315e-05         -6.9121963078e-04
         3.7856191476e+00          1.4525997189e-05         -7.2467052447e-04
         3.8013271108e+00          1.4708693371e-05         -7.5719567627e-04
         3.8170350741e+00          1.4883434643e-05         -7.8882411942e-04
         3.8327430374e+00          1.5050407009e-05         -8.1958485957e-04
         3.8484510006e+00          1.5209801013e-05         -8.4950684366e-04
         3.8641589639e+00          1.5361811071e-05         -8.7861893138e-04
         3.8798669272e+00          1.5506634846e-05         -9.0694986877e-04
         3.8955748905e+00          1.5644472642e-05         -9.3452826415e-04
         3.9112828537e+00          1.5775526831e-05         -9.6138256628e-04
         3.9269908170e+00          1.5900001310e-05         -9.8754104450e-04
         3.9426987803e+00          1.6018100982e-05         -1.0130317710e-03
         3.9584067435e+00          1.6130031268e-05         -1.0378826049e-03
         3.9741147068e+00          1.6235997645e-05         -1.0621211785e-03
         3.9898226701e+00          1.6336205210e-05         -1.0857748851e-03
         4.0055306333e+00          1.6430858273e-05         -1.1088708684e-03
         4.0212385966e+00          1.6520159966e-05         -1.1314360140e-03
         4.0369465599e+00          1.6604311891e-05         -1.1534969421e-03
         4.0526545231e+00          1.6683513779e-05         -1.1750800020e-03
         4.0683624864e+00          1.6757963175e-05         -1.1962112680e-03
         4.0840704497e+00          1.6827855150e-05         -1.2169165362e-03
         4.0997784129e+00          1.6893382026e-05         -1.2372213235e-03
         4.1154863762e+00          1.6954733129e-05         -1.2571508670e-03
         4.1311943395e+00          1.7012094557e-05         -1.2767301254e-03
         4.1469023027e+00          1.7065648966e-05         -1.2959837807e-03
         4.1626102660e+00          1.7115575376e-05         -1.3149362415e-03
         4.1783182293e+00          1.7162048993e-05         -1.3336116473e-03
         4.1940261925e+00          1.7205241047e-05         -1.3520338736e-03
         4.2097341558e+00          1.7245318643e-05         -1.3702265378e-03
         4.2254421191e+00          1.7282444631e-05         -1.3882130065e-03
         4.2411500823e+00          1.7316777483e-05         -1.4060164028e-03
         4.2568580456e+00          1.7348471189e-05         -1.4236596150e-03
         4.2725660089e+00          1.7377675157e-05         -1.4411653059e-03
         4.2882739722e+00          1.7404534136e-05         -1.4585559225e-03
         4.3039819354e+00          1.7429188133e-05         -1.4758537068e-03
         4.3196898987e+00          1.7451772355e-05         -1.4930807066e-03
         4.3353978620e+00          1.7472417151e-05         -1.5102587873e-03
         4.3511058252e+00          1.7491247963e-05         -1.5274096442e-03
         4.3668137885e+00          1.7508385285e-05         -1.5445548151e-03
         4.3825217518e+00          1.7523944632e-05         -1.5617156934e-03
         4.3982297150e+00          1.7538036510e-05         -1.5789135419e-03
         4.4139376783e+00          1.7550766394e-05         -1.5961695067e-03
         4.4296456416e+00          1.7562234711e-05         -1.6135046312e-03
         4.4453536048e+00          1.7572536829e-05         -1.6309398714e-03
         4.4610615681e+00          1.7581763044e-05         -1.6484961104e-03
         4.4767695314e+00          1.7589998578e-05         -1.6661941743e-03
         4.4924774946e+00          1.7597323575e-05         -1.6840548470e-03
         4.5081854579e+00          1.7603813100e-05         -1.7020988870e-03
         4.5238934212e+00          1.7609537145e-05         -1.7203470429e-03
         4.5396013844e+00          1.7614560627e-05         -1.7388200696e-03
         4.5553093477e+00          1.7618943396e-05         -1.7575387456e-03
         4.5710173110e+00          1.7622740244e-05         -1.7765238888e-03
         4.5867252742e+00          1.7626000907e-05         -1.7957963740e-03
         4.6024332375e+00          1.7628770074e-05         -1.8153771500e-03
         4.6181412008e+00          1.7631087396e-05         -1.8352872562e-03
         4.6338491640e+00          1.7632987492e-05         -1.8555478405e-03
         4.6495571273e+00          1.7634499958e-05         -1.8761801765e-03
         4.6652650906e+00          1.7635649372e-05         -1.8972056810e-03
         4.6809730538e+00          1.7636455302e-05         -1.9186459318e-03
         4.6966810171e+00          1.7636932311e-05         -1.9405226852e-03
         4.7123889804e+00          1.7637089964e-05         -1.9628578939e-03
         4.7280969437e+00          1.7636932829e-05         -1.9856737248e-03
         4.7438049069e+00          1.7636460484e-05         -2.0089925767e-03
         4.7595128702e+00          1.7635667517e-05         -2.0328370983e-03
         4.7752208335e+00          1.7634543529e-05         -2.0572302063e-03
         4.7909287967e+00          1.7633073135e-05         -2.0821951028e-03
         4.8066367600e+00          1.7631235964e-05         -2.1077552936e-03
         4.8223447233e+00          1.7629006658e-05         -2.1339346056e-03
         4.8380526865e+00          1.7626354872e-05         -2.1607572053e-03
         4.8537606498e+00          1.7623245271e-05         -2.1882476156e-03
         4.8694686131e+00          1.7619637530e-05         -2.2164307341e-03
         4.8851765763e+00          1.7615486328e-05         -2.2453318505e-03
         4.9008845396e+00          1.7610741352e-05         -2.2749766638e-03
         4.9165925029e+00          1.7605347292e-05         -2.3053912998e-03
         4.9323004661e+00          1.7599243838e-05         -2.3366023283e-03
         4.9480084294e+00          1.7592365684e-05         -2.3686367797e-03
         4.9637163927e+00          1.7584642527e-05         -2.4015221621e-03
         4.9794243559e+00          1.7575999069e-05         -2.4352864776e-03
         4.9951323192e+00          1.7566355022e-05         -2.4699582386e-03
         5.0108402825e+00          1.7555625113e-05         -2.5055664837e-03
         5.0265482457e+00          1.7543719098e-05         -2.5421407935e-03
         5.0422562090e+00          1.7530541768e-05         -2.5797113058e-03
         5.0579641723e+00          1.7515992970e-05         -2.6183087303e-03
         5.0736721355e+00          1.7499967622e-05         -2.6579643634e-03
         5.0893800988e+00          1.7482355742e-05         -2.6987101022e-03
         5.1050880621e+00          1.7463042477e-05         -2.7405784577e-03
         5.1207960254e+00          1.7441908135e-05         -2.7836025683e-03
         5.1365039886e+00          1.7418828229e-05         -2.8278162115e-03
         5.1522119519e+00          1.7393673528e-05         -2.8732538165e-03
         5.1679199152e+00          1.7366310105e-05         -2.9199504746e-03
         5.1836278784e+00          1.7336599411e-05         -2.9679419498e-03
         5.1993358417e+00          1.7304398342e-05         -3.0172646884e-03
         5.2150438050e+00          1.7269559321e-05         -3.0679558275e-03
         5.2307517682e+00          1.7231930396e-05         -3.1200532031e-03
         5.2464597315e+00          1.7191355341e-05         -3.1735953565e-03
         5.2621676948e+00          1.7147673769e-05         -3.2286215404e-03
         5.2778756580e+00          1.7100721267e-05         -3.2851717234e-03
         5.2935836213e+00          1.7050329534e-05         -3.3432865936e-03
         5.3092915846e+00          1.6996326538e-05         -3.4030075606e-03
         5.3249995478e+00          1.6938536688e-05         -3.4643767567e-03
         5.3407075111e+00          1.6876781021e-05         -3.5274370362e-03
         5.3564154744e+00          1.6810877404e-05         -3.5922319732e-03
         5.3721234376e+00          1.6740640761e-05         -3.6588058583e-03
         5.3878314009e+00          1.6665883309e-05         -3.7272036934e-03
         5.4035393642e+00          1.6586414816e-05         -3.7974711843e-03
         5.4192473274e+00          1.6502042888e-05         -3.8696547320e-03
         5.4349552907e+00          1.6412573261e-05         -3.9438014221e-03
         5.4506632540e+00          1.6317810129e-05         -4.0199590115e-03
         5.4663712172e+00          1.6217556487e-05         -4.0981759136e-03
         5.4820791805e+00          1.6111614497e-05         -4.1785011810e-03
         5.4977871438e+00          1.5999785888e-05         -4.2609844859e-03
         5.5134951071e+00          1.5881872363e-05         -4.3456760979e-03
         5.5292030703e+00          1.5757676049e-05         -4.4326268594e-03
         5.5449110336e+00          1.5626999963e-05         -4.5218881580e-03
         5.5606189969e+00          1.5489648507e-05         -4.6135118969e-03
         5.5763269601e+00          1.5345427990e-05         -4.7075504615e-03
         5.5920349234e+00          1.5194147178e-05         -4.8040566830e-03
         5.6077428867e+00          1.5035617873e-05         -4.9030838000e-03
         5.6234508499e+00          1.4869655518e-05         -5.0046854157e-03
         5.6391588132e+00          1.4696079829e-05         -5.1089154519e-03
         5.6548667765e+00          1.4514715462e-05         -5.2158281003e-03
         5.6705747397e+00          1.4325392699e-05         -5.3254777693e-03
         5.6862827030e+00          1.4127948170e-05         -5.4379190280e-03
         5.7019906663e+00          1.3922225602e-05         -5.5532065458e-03
         5.7176986295e+00          1.3708076590e-05         -5.6713950283e-03
         5.7334065928e+00          1.3485361399e-05         -5.7925391493e-03
         5.7491145561e+00          1.3253949796e-05         -5.9166934791e-03
         5.7648225193e+00          1.3013721901e-05         -6.0439124080e-03
         5.7805304826e+00          1.2764569066e-05         -6.1742500658e-03
         5.7962384459e+00          1.2506394777e-05         -6.3077602376e-03
         5.8119464091e+00          1.2239115576e-05         -6.4444962742e-03
         5.8276543724e+00          1.1962662008e-05         -6.5845109993e-03
         5.8433623357e+00          1.1676979582e-05         -6.7278566112e-03
         5.8590702989e+00          1.1382029751e-05         -6.8745845802e-03
         5.8747782622e+00          1.1077790904e-05         -7.0247455426e-03
         5.8904862255e+00          1.0764259377e-05         -7.1783891881e-03
         5.9061941887e+00          1.0441450463e-05         -7.3355641446e-03
         5.9219021520e+00          1.0109399438e-05         -7.4963178576e-03
         5.9376101153e+00          9.7681625848e-06         -7.6606964646e-03
         5.9533180786e+00          9.4178182201e-06         -7.8287446662e-03
         5.9690260418e+00          9.0584677154e-06         -8.0005055917e-03
         5.9847340051e+00          8.6902365138e-06         -8.1760206610e-03
         6.0004419684e+00          8.3132751334e-06         -8.3553294419e-03
         6.0161499316e+00          7.9277601549e-06         -8.5384695033e-03
         6.0318578949e+00          7.5338951906e-06         -8.7254762643e-03
         6.0475658582e+00          7.1319118277e-06         -8.9163828396e-03
         6.0632738214e+00          6.7220705405e-06         -9.1112198809e-03
         6.0789817847e+00          6.3046615711e-06         -9.3100154150e-03
         6.0946897480e+00          5.8800057636e-06         -9.5127946782e-03
         6.1103977112e+00          5.4484553580e-06         -9.7195799481e-03
         6.1261056745e+00          5.0103947294e-06         -9.9303903717e-03
         6.1418136378e+00          4.5662410677e-06         -1.0145241792e-02
         6.1575216010e+00          4.1164449966e-06         -1.0364146573e-02
         6.1732295643e+00          3.6614911195e-06         -1.0587113417e-02
         6.1889375276e+00          3.2018984893e-06         -1.0814147190e-02
         6.2046454908e+00          2.7382209959e-06         -1.1045248741e-02
         6.2203534541e+00          2.2710476623e-06         -1.1280414713e-02
         6.2360614174e+00          1.8010028451e-06         -1.1519637372e-02
         6.2517693806e+00          1.3287463335e-06         -1.1762904413e-02
         6.2674773439e+00          8.5497333557e-07         -1.2010198790e-02
         6.2831853072e+00          3.8041435224e-07         -1.2261498527e-02
         6.2988932704e+00         -9.4165073738e-08         -1.2516776544e-02
         6.3146012337e+00         -5.6796473480e-07         -1.2776000480e-02
         6.3303091970e+00         -1.0401502726e-06         -1.3039132518e-02
         6.3460171603e+00         -1.5098538300e-06         -1.3306129215e-02
         6.3617251235e+00         -1.9761748504e-06         -1.3576941338e-02
         6.3774330868e+00         -2.4381810264e-06         -1.3851513701e-02
         6.3931410501e+00         -2.8949094055e-06         -1.4129785007e-02
         6.4088490133e+00         -3.3453676553e-06         -1.4411687701e-02
         6.4245569766e+00         -3.7885354920e-06         -1.4697147828e-02
         6.4402649399e+00         -4.2233662787e-06         -1.4986084891e-02
         6.4559729031e+00         -4.6487887897e-06         -1.5278411730e-02
         6.4716808664e+00         -5.0637091529e-06         -1.5574034402e-02
         6.4873888297e+00         -5.4670129606e-06         -1.5872852069e-02
         6.5030967929e+00         -5.8575675579e-06         -1.6174756903e-02
         6.5188047562e+00         -6.2342245064e-06         -1.6479633999e-02
         6.5345127195e+00         -6.5958222213e-06         -1.6787361298e-02
         6.5502206827e+00         -6.9411887806e-06         -1.7097809525e-02
         6.5659286460e+00         -7.2691449047e-06         -1.7410842144e-02
         6.5816366093e+00         -7.5785071025e-06         -1.7726315319e-02
         6.5973445725e+00         -7.8680909796e-06         -1.8044077895e-02
         6.6130525358e+00         -8.1367147045e-06         -1.8363971398e-02
         6.6287604991e+00         -8.3832026223e-06         -1.8685830045e-02
         6.6444684623e+00         -8.6063890143e-06         -1.9009480772e-02
         6.6601764256e+00         -8.8051219911e-06         -1.9334743284e-02
         6.6758843889e+00         -8.9782675070e-06         -1.9661430121e-02
         6.6915923521e+00         -9.1247134946e-06         -1.9989346739e-02
         6.7073003154e+00         -9.2433740964e-06         -2.0318291617e-02
         6.7230082787e+00         -9.3331939872e-06         -2.0648056379e-02
         6.7387162420e+00         -9.3931527729e-06         -2.0978425936e-02
         6.7544242052e+00         -9.4222694464e-06         -2.1309178655e-02
         6.7701321685e+00         -9.4196068927e-06         -2.1640086539e-02
         6.7858401318e+00         -9.3842764162e-06         -2.1970915435e-02
         6.8015480950e+00         -9.3154422813e-06         -2.2301425262e-02
         6.8172560583e+00         -9.2123262403e-06         -2.2631370260e-02
         6.8329640216e+00         -9.0742120331e-06         -2.2960499258e-02
         6.8486719848e+00         -8.9004498425e-06         -2.3288555968e-02
         6.8643799481e+00         -8.6904606686e-06         -2.3615279298e-02
         6.8800879114e+00         -8.4437406216e-06         -2.3940403683e-02
         6.8957958746e+00         -8.1598650941e-06         -2.4263659441e-02
         6.9115038379e+00         -7.8384927975e-06         -2.4584773150e-02
         6.9272118012e+00         -7.4793696425e-06         -2.4903468039e-02
         6.9429197644e+00         -7.0823324330e-06         -2.5219464405e-02
         6.9586277277e+00         -6.6473123566e-06         -2.5532480045e-02
         6.9743356910e+00         -6.1743382465e-06         -2.5842230705e-02
         6.9900436542e+00         -5.6635395929e-06         -2.6148430551e-02
         7.0057516175e+00         -5.1151492799e-06         -2.6450792650e-02
         7.0214595808e+00         -4.5295060294e-06         -2.6749029470e-02
         7.0371675440e+00         -3.9070565274e-06         -2.7042853395e-02
         7.0528755073e+00         -3.2483572139e-06         -2.7331977250e-02
         7.0685834706e+00         -2.5540757180e-06         -2.7616114836e-02
         7.0842914338e+00         -1.8249919154e-06         -2.7894981483e-02
         7.0999993971e+00         -1.0619986006e-06         -2.8168294603e-02
         7.1157073604e+00         -2.6610174508e-07         -2.8435774255e-02
         7.1314153236e+00          5.6157966100e-07         -2.8697143716e-02
         7.1471232869e+00          1.4198142022e-06         -2.8952130054e-02
         7.1628312502e+00          2.3072590785e-06         -2.9200464705e-02
         7.1785392135e+00          3.2224615931e-06         -2.9441884048e-02
         7.1942471767e+00          4.1638611106e-06         -2.9676129984e-02
         7.2099551400e+00          5.1297914685e-06         -2.9902950507e-02
         7.2256631033e+00          6.1184838684e-06         -3.0122100273e-02
         7.2413710665e+00          7.1280702230e-06         -3.0333341160e-02
         7.2570790298e+00          8.1565869778e-06         -3.0536442824e-02
         7.2727869931e+00          9.2019793914e-06         -3.0731183235e-02
         7.2884949563e+00          1.0262106265e-05         -3.0917349214e-02
         7.3042029196e+00          1.1334745125e-05         -3.1094736943e-02
         7.3199108829e+00          1.2417597830e-05         -3.1263152466e-02
         7.3356188461e+00          1.3508296599e-05         -3.1422412170e-02
         7.3513268094e+00          1.4604410433e-05         -3.1572343244e-02
         7.3670347727e+00          1.5703451930e-05         -3.1712784122e-02
         7.3827427359e+00          1.6802884448e-05         -3.1843584893e-02
         7.3984506992e+00          1.7900129602e-05         -3.1964607697e-02
         7.4141586625e+00          1.8992575074e-05         -3.2075727086e-02
         7.4298666257e+00          2.0077582698e-05         -3.2176830358e-02
         7.4455745890e+00          2.1152496787e-05         -3.2267817865e-02
         7.4612825523e+00          2.2214652685e-05         -3.2348603287e-02
         7.4769905155e+00          2.3261385489e-05         -3.2419113874e-02
         7.4926984788e+00          2.4290038919e-05         -3.2479290657e-02
         7.5084064421e+00          2.5297974296e-05         -3.2529088618e-02
         7.5241144053e+00          2.6282579578e-05         -3.2568476835e-02
         7.5398223686e+00          2.7241278435e-05         -3.2597438582e-02
         7.5555303319e+00          2.8171539300e-05         -3.2615971398e-02
         7.5712382952e+00          2.9070884374e-05         -3.2624087115e-02
         7.5869462584e+00          2.9936898522e-05         -3.2621811852e-02
         7.6026542217e+00          3.0767238048e-05         -3.2609185969e-02
         7.6183621850e+00          3.1559639279e-05         -3.2586263986e-02
         7.6340701482e+00          3.2311926927e-05         -3.2553114462e-02
         7.6497781115e+00          3.3022022199e-05         -3.2509819839e-02
         7.6654860748e+00          3.3687950599e-05         -3.2456476244e-02
         7.6811940380e+00          3.4307849390e-05         -3.2393193268e-02
         7.6969020013e+00          3.4879974689e-05         -3.2320093691e-02
         7.7126099646e+00          3.5402708141e-05         -3.2237313188e-02
         7.7283179278e+00          3.5874563153e-05         -3.2144999993e-02
         7.7440258911e+00          3.6294190646e-05         -3.2043314536e-02
         7.7597338544e+00          3.6660384308e-05         -3.1932429042e-02
         7.7754418176e+00          3.6972085308e-05         -3.1812527106e-02
         7.7911497809e+00          3.7228386458e-05         -3.1683803240e-02
         7.8068577442e+00          3.7428535791e-05         -3.1546462388e-02
         7.8225657074e+00          3.7571939543e-05         -3.1400719420e-02
         7.8382736707e+00          3.7658164528e-05         -3.1246798605e-02
         7.8539816340e+00          3.7686939877e-05         -3.1084933058e-02
         7.8696895972e+00          3.7658158150e-05         -3.0915364169e-02
         7.8853975605e+00          3.7571875809e-05         -3.0738341020e-02
         7.9011055238e+00          3.7428313041e-05         -3.0554119778e-02
         7.9168134870e+00          3.7227852946e-05         -3.0362963082e-02
         7.9325214503e+00          3.6971040078e-05         -3.0165139419e-02
         7.9482294136e+00          3.6658578368e-05         -2.9960922489e-02
         7.9639373769e+00          3.6291328411e-05         -2.9750590561e-02
         7.9796453401e+00          3.5870304163e-05         -2.9534425837e-02
         7.9953533034e+00          3.5396669033e-05         -2.9312713795e-02
         8.0110612667e+00          3.4871731419e-05         -2.9085742556e-02
         8.0267692299e+00          3.4296939689e-05         -2.8853802229e-02
         8.0424771932e+00          3.3673876643e-05         -2.8617184281e-02
         8.0581851565e+00          3.3004253482e-05         -2.8376180904e-02
         8.0738931197e+00          3.2289903317e-05         -2.8131084392e-02
         8.0896010830e+00          3.1532774244e-05         -2.7882186528e-02
         8.1053090463e+00          3.0734922019e-05         -2.7629777991e-02
         8.1210170095e+00          2.9898502391e-05         -2.7374147764e-02
         8.1367249728e+00          2.9025763092e-05         -2.7115582577e-02
         8.1524329361e+00          2.8119035560e-05         -2.6854366347e-02
         8.1681408993e+00          2.7180726411e-05         -2.6590779656e-02
         8.1838488626e+00          2.6213308716e-05         -2.6325099238e-02
         8.1995568259e+00          2.5219313115e-05         -2.6057597494e-02
         8.2152647891e+00          2.4201318809e-05         -2.5788542029e-02
         8.2309727524e+00          2.3161944488e-05         -2.5518195211e-02
         8.2466807157e+00          2.2103839207e-05         -2.5246813762e-02
         8.2623886789e+00          2.1029673282e-05         -2.4974648366e-02
         8.2780966422e+00          1.9942129232e-05         -2.4701943314e-02
         8.2938046055e+00          1.8843892798e-05         -2.4428936169e-02
         8.3095125687e+00          1.7737644097e-05         -2.4155857462e-02
         8.3252205320e+00          1.6626048937e-05         -2.3882930415e-02
         8.3409284953e+00          1.5511750323e-05         -2.3610370695e-02
         8.3566364585e+00          1.4397360207e-05         -2.3338386196e-02
         8.3723444218e+00          1.3285451489e-05         -2.3067176846e-02
         8.3880523851e+00          1.2178550326e-05         -2.2796934444e-02
         8.4037603484e+00          1.1079128751e-05         -2.2527842529e-02
         8.4194683116e+00          9.9895976557e-06         -2.2260076273e-02
         8.4351762749e+00          8.9123001277e-06         -2.1993802400e-02
         8.4508842382e+00          7.8495051974e-06         -2.1729179133e-02
         8.4665922014e+00          6.8034019858e-06         -2.1466356169e-02
         8.4823001647e+00          5.7760942913e-06         -2.1205474677e-02
         8.4980081280e+00          4.7695956047e-06         -2.0946667320e-02
         8.5137160912e+00          3.7858245903e-06         -2.0690058301e-02
         8.5294240545e+00          2.8266010230e-06         -2.0435763431e-02
         8.5451320178e+00          1.8936421919e-06         -2.0183890221e-02
         8.5608399810e+00          9.8855977715e-07         -1.9934537988e-02
         8.5765479443e+00          1.1285720314e-07         -1.9687797990e-02
         8.5922559076e+00         -7.3207254880e-07         -1.9443753566e-02
         8.6079638708e+00         -1.5449486459e-06         -1.9202480307e-02
         8.6236718341e+00         -2.3246036576e-06         -1.8964046232e-02
         8.6393797974e+00         -3.0699843530e-06         -1.8728511979e-02
         8.6550877606e+00         -3.7801520518e-06         -1.8495931019e-02
         8.6707957239e+00         -4.4542825457e-06         -1.8266349869e-02
         8.6865036872e+00         -5.0916656014e-06         -1.8039808321e-02
         8.7022116504e+00         -5.6917040563e-06         -1.7816339686e-02
         8.7179196137e+00         -6.2539125310e-06         -1.7595971033e-02
         8.7336275770e+00         -6.7779157698e-06         -1.7378723450e-02
         8.7493355402e+00         -7.2634466353e-06         -1.7164612296e-02
         8.7650435035e+00         -7.7103437659e-06         -1.6953647469e-02
         8.7807514668e+00         -8.1185489322e-06         -1.6745833673e-02
         8.7964594301e+00         -8.4881040998e-06         -1.6541170683e-02
         8.8121673933e+00         -8.8191482319e-06         -1.6339653620e-02
         8.8278753566e+00         -9.1119138443e-06         -1.6141273220e-02
         8.8435833199e+00         -9.3667233476e-06         -1.5946016103e-02
         8.8592912831e+00         -9.5839851890e-06         -1.5753865041e-02
         8.8749992464e+00         -9.7641898229e-06         -1.5564799226e-02
         8.8907072097e+00         -9.9079055309e-06         -1.5378794529e-02
         8.9064151729e+00         -1.0015774119e-05         -1.5195823760e-02
         8.9221231362e+00         -1.0088506503e-05         -1.5015856923e-02
         8.9378310995e+00         -1.0126878223e-05         -1.4838861460e-02
         8.9535390627e+00         -1.0131724890e-05         -1.4664802497e-02
         8.9692470260e+00         -1.0103937591e-05         -1.4493643076e-02
         8.9849549893e+00         -1.0044458288e-05         -1.4325344385e-02
         9.0006629525e+00         -9.9542752026e-06         -1.4159865978e-02
         9.0163709158e+00         -9.8344182291e-06         -1.3997165991e-02
         9.0320788791e+00         -9.6859543828e-06         -1.3837201340e-02
         9.0477868423e+00         -9.5099833011e-06         -1.3679927926e-02
         9.0634948056e+00         -9.3076328151e-06         -1.3525300814e-02
         9.0792027689e+00         -9.0800546053e-06         -1.3373274419e-02
         9.0949107321e+00         -8.8284199535e-06         -1.3223802670e-02
         9.1106186954e+00         -8.5539156094e-06         -1.3076839177e-02
         9.1263266587e+00         -8.2577397738e-06         -1.2932337376e-02
         9.1420346219e+00         -7.9410982190e-06         -1.2790250676e-02
         9.1577425852e+00         -7.6052005471e-06         -1.2650532593e-02
         9.1734505485e+00         -7.2512566009e-06         -1.2513136869e-02
         9.1891585118e+00         -6.8804730275e-06         -1.2378017596e-02
         9.2048664750e+00         -6.4940500106e-06         -1.2245129316e-02
         9.2205744383e+00         -6.0931781638e-06         -1.2114427123e-02
         9.2362824016e+00         -5.6790356009e-06         -1.1985866752e-02
         9.2519903648e+00         -5.2527851793e-06         -1.1859404661e-02
         9.2676983281e+00         -4.8155719170e-06         -1.1734998103e-02
         9.2834062914e+00         -4.3685205950e-06         -1.1612605196e-02
         9.2991142546e+00         -3.9127335283e-06         -1.1492184979e-02
         9.3148222179e+00         -3.4492885237e-06         -1.1373697465e-02
         9.3305301812e+00         -2.9792370082e-06         -1.1257103683e-02
         9.3462381444e+00         -2.5036023339e-06         -1.1142365722e-02
         9.3619461077e+00         -2.0233782572e-06         -1.1029446756e-02
         9.3776540710e+00         -1.5395275821e-06         -1.0918311074e-02
         9.3933620342e+00         -1.0529809733e-06         -1.0808924102e-02
         9.4090699975e+00         -5.6463592712e-07         -1.0701252414e-02
         9.4247779608e+00         -7.5355900964e-08         -1.0595263745e-02
         9.4404859240e+00          4.1403041062e-07         -1.0490926995e-02
         9.4561938873e+00          9.0272964814e-07         -1.0388212232e-02
         9.4719018506e+00          1.3899842242e-06         -1.0287090689e-02
         9.4876098138e+00          1.8750726249e-06         -1.0187534753e-02
         9.5033177771e+00          2.3573095853e-06         -1.0089517964e-02
         9.5190257404e+00          2.8360461407e-06         -9.9930149931e-03
         9.5347337036e+00          3.3106695670e-06         -9.8980016320e-03
         9.5504416669e+00          3.7806032108e-06         -9.8044547726e-03
         9.5661496302e+00          4.2453062187e-06         -9.7123523872e-03
         9.5818575934e+00          4.7042731732e-06         -9.6216735051e-03
         9.5975655567e+00          5.1570336390e-06         -9.5323981888e-03
         9.6132735200e+00          5.6031516300e-06         -9.4445075079e-03
         9.6289814833e+00          6.0422249996e-06         -9.3579835120e-03
         9.6446894465e+00          6.4738847638e-06         -9.2728092023e-03
         9.6603974098e+00          6.8977943650e-06         -9.1889685025e-03
         9.6761053731e+00          7.3136488746e-06         -9.1064462292e-03
         9.6918133363e+00          7.7211741513e-06         -9.0252280612e-03
         9.7075212996e+00          8.1201259527e-06         -8.9453005097e-03
         9.7232292629e+00          8.5102890101e-06         -8.8666508866e-03
         9.7389372261e+00          8.8914760696e-06         -8.7892672745e-03
         9.7546451894e+00          9.2635269076e-06         -8.7131384961e-03
         9.7703531527e+00          9.6263073206e-06         -8.6382540833e-03
         9.7860611159e+00          9.9797081023e-06         -8.5646042479e-03
         9.8017690792e+00          1.0323644002e-05         -8.4921798520e-03
         9.8174770425e+00          1.0658052677e-05         -8.4209723789e-03
         9.8331850057e+00          1.0982893643e-05         -8.3509739053e-03
         9.8488929690e+00          1.1298147214e-05         -8.2821770738e-03
         9.8646009323e+00          1.1603813460e-05         -8.2145750662e-03
         9.8803088955e+00          1.1899911150e-05         -8.1481615781e-03
         9.8960168588e+00          1.2186476726e-05         -8.0829307937e-03
         9.9117248221e+00          1.2463563270e-05         -8.0188773629e-03
         9.9274327853e+00          1.2731239496e-05         -7.9559963776e-03
         9.9431407486e+00          1.2989588755e-05         -7.8942833507e-03
         9.9588487119e+00          1.3238708056e-05         -7.8337341957e-03
         9.9745566751e+00          1.3478707115e-05         -7.7743452065e-03
         9.9902646384e+00          1.3709707415e-05         -7.7161130399e-03
         1.0005972602e+01          1.3931841303e-05         -7.6590346979e-03
         1.0021680565e+01          1.4145251096e-05         -7.6031075118e-03
         1.0037388528e+01          1.4350088231e-05         -7.5483291274e-03
         1.0053096491e+01          1.4546512425e-05         -7.4946974910e-03
         1.0068804455e+01          1.4734690874e-05         -7.4422108370e-03
         1.0084512418e+01          1.4914797476e-05         -7.3908676760e-03
         1.0100220381e+01          1.5087012081e-05         -7.3406667846e-03
         1.0115928345e+01          1.5251519778e-05         -7.2916071963e-03
         1.0131636308e+01          1.5408510199e-05         -7.2436881925e-03
         1.0147344271e+01          1.5558176863e-05         -7.1969092957e-03
         1.0163052234e+01          1.5700716544e-05         -7.1512702633e-03
         1.0178760198e+01          1.5836328668e-05         -7.1067710823e-03
         1.0194468161e+01          1.5965214744e-05         -7.0634119647e-03
         1.0210176124e+01          1.6087577814e-05         -7.0211933447e-03
         1.0225884087e+01          1.6203621942e-05         -6.9801158758e-03
         1.0241592051e+01          1.6313551723e-05         -6.9401804295e-03
         1.0257300014e+01          1.6417571819e-05         -6.9013880947e-03
         1.0273007977e+01          1.6515886531e-05         -6.8637401777e-03
         1.0288715941e+01          1.6608699382e-05         -6.8272382033e-03
         1.0304423904e+01          1.6696212736e-05         -6.7918839163e-03
         1.0320131867e+01          1.6778627440e-05         -6.7576792842e-03
         1.0335839830e+01          1.6856142485e-05         -6.7246265005e-03
         1.0351547794e+01          1.6928954694e-05         -6.6927279881e-03
         1.0367255757e+01          1.6997258427e-05         -6.6619864044e-03
         1.0382963720e+01          1.7061245316e-05         -6.6324046462e-03
         1.0398671683e+01          1.7121104012e-05         -6.6039858556e-03
         1.0414379647e+01          1.7177019951e-05         -6.5767334261e-03
         1.0430087610e+01          1.7229175148e-05         -6.5506510100e-03
         1.0445795573e+01          1.7277747996e-05         -6.5257425255e-03
         1.0461503536e+01          1.7322913091e-05         -6.5020121649e-03
         1.0477211500e+01          1.7364841071e-05         -6.4794644031e-03
         1.0492919463e+01          1.7403698465e-05         -6.4581040061e-03
         1.0508627426e+01          1.7439647564e-05         -6.4379360412e-03
         1.0524335390e+01          1.7472846298e-05         -6.4189658861e-03
         1.0540043353e+01          1.7503448132e-05         -6.4011992395e-03
         1.0555751316e+01          1.7531601969e-05         -6.3846421320e-03
         1.0571459279e+01          1.7557452065e-05         -6.3693009363e-03
         1.0587167243e+01          1.7581137956e-05         -6.3551823795e-03
         1.0602875206e+01          1.7602794394e-05         -6.3422935545e-03
         1.0618583169e+01          1.7622551287e-05         -6.3306419318e-03
         1.0634291132e+01          1.7640533658e-05         -6.3202353723e-03
         1.0649999096e+01          1.7656861598e-05         -6.3110821398e-03
         1.0665707059e+01          1.7671650235e-05         -6.3031909143e-03
         1.0681415022e+01          1.7685009706e-05         -6.2965708048e-03
         1.0697122985e+01          1.7697045134e-05         -6.2912313634e-03
         1.0712830949e+01          1.7707856613e-05         -6.2871825989e-03
         1.0728538912e+01          1.7717539192e-05         -6.2844349910e-03
         1.0744246875e+01          1.7726182868e-05         -6.2829995045e-03
         1.0759954839e+01          1.7733872582e-05         -6.2828876041e-03
         1.0775662802e+01          1.7740688211e-05         -6.2841112694e-03
         1.0791370765e+01          1.7746704573e-05         -6.2866830095e-03
         1.0807078728e+01          1.7751991428e-05         -6.2906158787e-03
         1.0822786692e+01          1.7756613481e-05         -6.2959234920e-03
         1.0838494655e+01          1.7760630385e-05         -6.3026200406e-03
         1.0854202618e+01          1.7764096753e-05         -6.3107203080e-03
         1.0869910581e+01          1.7767062157e-05         -6.3202396859e-03
         1.0885618545e+01          1.7769571142e-05         -6.3311941910e-03
         1.0901326508e+01          1.7771663232e-05         -6.3436004808e-03
         1.0917034471e+01          1.7773372935e-05         -6.3574758707e-03
         1.0932742434e+01          1.7774729752e-05         -6.3728383509e-03
         1.0948450398e+01          1.7775758186e-05         -6.3897066030e-03
         1.0964158361e+01          1.7776477744e-05         -6.4081000173e-03
         1.0979866324e+01          1.7776902947e-05         -6.4280387100e-03
         1.0995574288e+01          1.7777043334e-05         -6.4495435408e-03
         1.1011282251e+01          1.7776903465e-05         -6.4726361301e-03
         1.1026990214e+01          1.7776482926e-05         -6.4973388768e-03
         1.1042698177e+01          1.7775776331e-05         -6.5236749759e-03
         1.1058406141e+01          1.7774773323e-05         -6.5516684360e-03
         1.1074114104e+01          1.7773458578e-05         -6.5813440979e-03
         1.1089822067e+01          1.7771811800e-05         -6.6127276517e-03
         1.1105530030e+01          1.7769807726e-05         -6.6458456549e-03
         1.1121237994e+01          1.7767416121e-05         -6.6807255505e-03
         1.1136945957e+01          1.7764601779e-05         -6.7173956850e-03
         1.1152653920e+01          1.7761324518e-05         -6.7558853258e-03
         1.1168361884e+01          1.7757539182e-05         -6.7962246795e-03
         1.1184069847e+01          1.7753195636e-05         -6.8384449093e-03
         1.1199777810e+01          1.7748238765e-05         -6.8825781532e-03
         1.1215485773e+01          1.7742608474e-05         -6.9286575406e-03
         1.1231193737e+01          1.7736239688e-05         -6.9767172105e-03
         1.1246901700e+01          1.7729062352e-05         -7.0267923283e-03
         1.1262609663e+01          1.7721001432e-05         -7.0789191025e-03
         1.1278317626e+01          1.7711976924e-05         -7.1331348017e-03
         1.1294025590e+01          1.7701903854e-05         -7.1894777708e-03
         1.1309733553e+01          1.7690692296e-05         -7.2479874469e-03
         1.1325441516e+01          1.7678247373e-05         -7.3087043750e-03
         1.1341149479e+01          1.7664469285e-05         -7.3716702230e-03
         1.1356857443e+01          1.7649253320e-05         -7.4369277965e-03
         1.1372565406e+01          1.7632489881e-05         -7.5045210526e-03
         1.1388273369e+01          1.7614064519e-05         -7.5744951138e-03
         1.1403981333e+01          1.7593857962e-05         -7.6468962802e-03
         1.1419689296e+01          1.7571746163e-05         -7.7217720423e-03
         1.1435397259e+01          1.7547600344e-05         -7.7991710915e-03
         1.1451105222e+01          1.7521287054e-05         -7.8791433310e-03
         1.1466813186e+01          1.7492668232e-05         -7.9617398853e-03
         1.1482521149e+01          1.7461601281e-05         -8.0470131083e-03
         1.1498229112e+01          1.7427939151e-05         -8.1350165906e-03
         1.1513937075e+01          1.7391530429e-05         -8.2258051661e-03
         1.1529645039e+01          1.7352219448e-05         -8.3194349166e-03
         1.1545353002e+01          1.7309846399e-05         -8.4159631749e-03
         1.1561060965e+01          1.7264247461e-05         -8.5154485276e-03
         1.1576768928e+01          1.7215254941e-05         -8.6179508152e-03
         1.1592476892e+01          1.7162697435e-05         -8.7235311305e-03
         1.1608184855e+01          1.7106399994e-05         -8.8322518165e-03
         1.1623892818e+01          1.7046184314e-05         -8.9441764607e-03
         1.1639600782e+01          1.6981868941e-05         -9.0593698889e-03
         1.1655308745e+01          1.6913269487e-05         -9.1778981558e-03
         1.1671016708e+01          1.6840198879e-05         -9.2998285340e-03
         1.1686724671e+01          1.6762467610e-05         -9.4252295003e-03
         1.1702432635e+01          1.6679884022e-05         -9.5541707196e-03
         1.1718140598e+01          1.6592254609e-05         -9.6867230265e-03
         1.1733848561e+01          1.6499384332e-05         -9.8229584034e-03
         1.1749556524e+01          1.6401076972e-05         -9.9629499563e-03
         1.1765264488e+01          1.6297135490e-05         -1.0106771887e-02
         1.1780972451e+01          1.6187362427e-05         -1.0254499464e-02
         1.1796680414e+01          1.6071560314e-05         -1.0406208986e-02
         1.1812388377e+01          1.5949532116e-05         -1.0561977747e-02
         1.1828096341e+01          1.5821081705e-05         -1.0721883992e-02
         1.1843804304e+01          1.5686014345e-05         -1.0886006877e-02
         1.1859512267e+01          1.5544137225e-05         -1.1054426414e-02
         1.1875220231e+01          1.5395259998e-05         -1.1227223424e-02
         1.1890928194e+01          1.5239195366e-05         -1.1404479476e-02
         1.1906636157e+01          1.5075759680e-05         -1.1586276826e-02
         1.1922344120e+01          1.4904773576e-05         -1.1772698352e-02
         1.1938052084e+01          1.4726062637e-05         -1.1963827480e-02
         1.1953760047e+01          1.4539458080e-05         -1.2159748115e-02
         1.1969468010e+01          1.4344797481e-05         -1.2360544550e-02
         1.1985175973e+01          1.4141925512e-05         -1.2566301389e-02
         1.2000883937e+01          1.3930694726e-05         -1.2777103453e-02
         1.2016591900e+01          1.3710966347e-05         -1.2993035678e-02
         1.2032299863e+01          1.3482611105e-05         -1.3214183022e-02
         1.2048007827e+01          1.3245510087e-05         -1.3440630349e-02
         1.2063715790e+01          1.2999555613e-05         -1.3672462318e-02
         1.2079423753e+01          1.2744652135e-05         -1.3909763264e-02
         1.2095131716e+01          1.2480717165e-05         -1.4152617070e-02
         1.2110839680e+01          1.2207682212e-05         -1.4401107037e-02
         1.2126547643e+01          1.1925493748e-05         -1.4655315743e-02
         1.2142255606e+01          1.1634114183e-05         -1.4915324901e-02
         1.2157963569e+01          1.1333522860e-05         -1.5181215206e-02
         1.2173671533e+01          1.1023717057e-05         -1.5453066179e-02
         1.2189379496e+01          1.0704713004e-05         -1.5730956002e-02
         1.2205087459e+01          1.0376546902e-05         -1.6014961347e-02
         1.2220795422e+01          1.0039275945e-05         -1.6305157202e-02
         1.2236503386e+01          9.6929793498e-06         -1.6601616683e-02
         1.2252211349e+01          9.3377593698e-06         -1.6904410850e-02
         1.2267919312e+01          8.9737423140e-06         -1.7213608505e-02
         1.2283627276e+01          8.6010795459e-06         -1.7529275995e-02
         1.2299335239e+01          8.2199484712e-06         -1.7851476999e-02
         1.2315043202e+01          7.8305535031e-06         -1.8180272317e-02
         1.2330751165e+01          7.4331270039e-06         -1.8515719648e-02
         1.2346459129e+01          7.0279301961e-06         -1.8857873362e-02
         1.2362167092e+01          6.6152540387e-06         -1.9206784273e-02
         1.2377875055e+01          6.1954200619e-06         -1.9562499397e-02
         1.2393583018e+01          5.7687811567e-06         -1.9925061714e-02
         1.2409290982e+01          5.3357223114e-06         -2.0294509919e-02
         1.2424998945e+01          4.8966612913e-06         -2.0670878172e-02
         1.2440706908e+01          4.4520492519e-06         -2.1054195845e-02
         1.2456414871e+01          4.0023712847e-06         -2.1444487258e-02
         1.2472122835e+01          3.5481468839e-06         -2.1841771423e-02
         1.2487830798e+01          3.0899303303e-06         -2.2246061777e-02
         1.2503538761e+01          2.6283109855e-06         -2.2657365915e-02
         1.2519246725e+01          2.1639134899e-06         -2.3075685324e-02
         1.2534954688e+01          1.6973978576e-06         -2.3501015107e-02
         1.2550662651e+01          1.2294594617e-06         -2.3933343723e-02
         1.2566370614e+01          7.6082890343e-07         -2.4372652708e-02
