1 1.21912e+06
2 509141
3 419403
4 347622
5 289920
6 243480
7 205960
8 175560
9 150833
10 130647
11 114105
12 100483
13 89212.7
14 79849.7
15 72046.8
16 65478.7
17 59848.9
18 55041.6
19 50920.4
20 47359.3
21 44269.5
22 41568.4
23 39198.5
24 37105.3
25 35249.4
26 33594.2
27 32112.8
28 30779.7
29 29576.4
30 28485.7
31 27493.9
32 26582.9
33 25750.6
34 24983.6
35 24276.6
36 23621.3
37 23013.1
38 22446.4
39 21917.6
40 21422.4
41 20958.1
42 20521.5
43 20110.6
44 19722.7
45 19356.3
46 19009.3
47 18680.4
48 18368.2
49 18071.3
50 17788.7
51 17519.3
52 17262.3
53 17016.8
54 16782
55 16557.3
56 16342
57 16135.5
58 15937.3
59 15747
60 15564
61 15388
62 15218.5
63 15055.3
64 14898
65 14746.2
66 14599.8
67 14458.4
68 14321.7
69 14193.8
70 14064.3
71 13941.5
72 13822.6
73 13707.6
74 13596.4
75 13488.8
76 13384.7
77 13283.9
78 13186.3
79 13091.8
80 13000.3
81 12911.7
82 12825.9
83 12742.7
84 12662.3
85 12584.3
86 12508.6
87 12435.4
88 12364.3
89 12295.5
90 12228.9
91 12164.3
92 12101.7
93 12041
94 11982.3
95 11925.4
96 11870.3
97 11817
98 11765.3
99 11716
100 11667.7
101 11621.3
102 11576.4
103 11533.1
104 11491.2
105 11450.8
106 11411.9
107 11374.3
108 11338.1
109 11303.2
110 11269.7
111 11237.4
112 11206.3
113 11176.4
114 11147.6
115 11120
116 11093.4
117 11067.9
118 11043.4
119 11019.9
120 10997.4
121 10975.7
122 10955
123 10935.2
124 10916.2
125 10898.1
126 10880.7
127 10864.1
128 10848.3
129 10833.2
130 10818.9
131 10805.2
132 10792.1
133 10779.7
134 10768
135 10756.8
136 10746.2
137 10736.2
138 10726.7
139 10717.7
140 10709.3
141 10701.3
142 10693.8
143 10686.8
144 10680.2
145 10674
146 10668.3
147 10662.9
148 10657.9
149 10653.3
150 10649
151 10645
152 10641.4
153 10638.1
154 10635.1
155 10632.4
156 10630
157 10627.8
158 10625.9
159 10624.2
160 10622.8
161 10621.6
162 10620.6
163 10619.8
164 10619.2
165 10618.8
166 10618.6
167 10618.6
168 10618.6
169 10618.8
170 10619.1
171 10619.6
172 10620.2
173 10620.9
174 10621.7
175 10622.6
176 10623.6
177 10624.7
178 10625.9
179 10627.2
180 10628.6
181 10630
182 10631.5
183 10633.7
184 10635
185 10636.7
186 10638.5
187 10640.4
188 10642.3
189 10644.2
190 10646.2
191 10648.3
192 10650.3
193 10652.4
194 10654.5
195 10656.7
196 10658.9
197 10661.1
198 10663.3
199 10665.6
200 10667.8
201 10670.1
202 10672.4
203 10674.7
204 10677
205 10679.3
206 10681.6
207 10684
208 10686.3
209 10688.6
210 10690.9
211 10693.3
212 10695.6
213 10697.9
214 10700.2
215 10702.5
216 10704.8
217 10707.1
218 10709.4
219 10711.7
220 10714
221 10716.2
222 10718.5
223 10720.7
224 10722.9
225 10725.2
226 10727.3
227 10729.5
228 10731.7
229 10733.8
230 10736
231 10738.1
232 10740.2
233 10742.3
234 10744.4
235 10746.4
236 10748.4
237 10750.5
238 10752.5
239 10754.4
240 10756.4
241 10758.3
242 10760.3
243 10762.2
244 10764.1
245 10765.9
246 10767.8
247 10769.6
248 10771.4
249 10773.2
250 10775
251 10776.8
252 10778.5
253 10780.2
254 10781.9
255 10783.6
256 10785.2
257 10786.9
258 10788.5
259 10790.1
260 10791.7
261 10793.2
262 10794.8
263 10796.3
264 10797.8
265 10799.3
266 10800.8
267 10802.2
268 10803.7
269 10805.1
270 10806.5
271 10807.9
272 10809.2
273 10810.6
274 10811.9
275 10813.2
276 10814.5
277 10815.8
278 10817.1
279 10818.3
280 10819.5
281 10820.8
282 10822
283 10823.1
284 10824.3
285 10825.4
286 10826.6
287 10827.7
288 10828.8
289 10829.9
290 10831
291 10832
292 10833.1
293 10834.1
294 10835.1
295 10836.1
296 10837.1
297 10838.1
298 10839
299 10840
300 10840.9
301 10841.8
302 10842.7
303 10843.6
304 10844.5
305 10845.3
306 10846.2
307 10847
308 10847.9
309 10848.7
310 10849.5
311 10850.3
312 10851.1
313 10851.8
314 10852.6
315 10853.3
316 10854.1
317 10854.8
318 10855.5
319 10856.2
320 10856.9
321 10857.6
322 10858.3
323 10858.9
324 10859.6
325 10860.2
326 10860.9
327 10861.5
328 10862.1
329 10862.7
330 10863.3
331 10863.9
332 10864.5
333 10865
334 10865.6
335 10866.1
336 10866.7
337 10867.2
338 10867.7
339 10868.3
340 10868.8
341 10869.3
342 10869.8
343 10870.3
344 10870.7
345 10871.2
346 10871.7
347 10872.1
348 10872.6
349 10873
350 10873.5
351 10873.9
352 10874.3
353 10874.7
354 10875.2
355 10875.6
356 10876
357 10876.3
358 10876.7
359 10877.1
360 10877.5
361 10877.9
362 10878.2
363 10878.6
364 10878.9
365 10879.3
366 10879.6
367 10879.9
368 10880.3
369 10880.6
370 10880.9
371 10881.2
372 10881.5
373 10881.8
374 10882.1
375 10882.4
376 10882.7
377 10883
378 10883.3
379 10883.6
380 10883.8
381 10884.1
382 10884.4
383 10884.6
384 10884.9
385 10885.1
386 10885.4
387 10885.6
388 10885.8
389 10886.1
390 10886.3
391 10886.5
392 10886.8
393 10887
394 10887.2
395 10887.4
396 10887.6
397 10887.8
398 10888
399 10888.2
400 10888.4
401 10888.6
402 10888.8
403 10889
404 10889.2
405 10889.4
406 10889.5
407 10889.7
408 10889.9
409 10890.1
410 10890.2
411 10890.4
412 10890.5
413 10890.7
414 10890.9
415 10891
416 10891.2
417 10891.3
418 10891.5
419 10891.6
420 10891.7
421 10891.9
422 10892
423 10892.2
424 10892.3
425 10892.4
426 10892.6
427 10892.7
428 10892.8
429 10892.9
430 10893
431 10893.2
432 10893.3
433 10893.4
434 10893.5
435 10893.6
436 10893.7
437 10893.8
438 10893.9
439 10894
440 10894.1
441 10894.2
442 10894.3
443 10894.4
444 10894.5
445 10894.6
446 10894.7
447 10894.8
448 10894.9
449 10895
450 10895.1
451 10895.2
452 10895.2
453 10895.3
454 10895.4
455 10895.5
456 10895.6
457 10895.6
458 10895.7
459 10895.8
460 10895.9
461 10895.9
462 10896
463 10896.1
464 10896.1
465 10896.2
466 10896.3
467 10896.3
468 10896.4
469 10896.5
470 10896.5
471 10896.6
472 10896.6
473 10896.7
474 10896.8
475 10896.8
476 10896.9
477 10896.9
478 10897
479 10897
480 10897.1
481 10897.1
482 10897.2
483 10897.2
484 10897.3
485 10897.3
486 10897.4
487 10897.4
488 10897.5
489 10897.5
490 10897.6
491 10897.6
492 10897.7
493 10897.7
494 10897.7
495 10897.8
496 10897.8
497 10897.9
498 10897.9
499 10897.9
500 10898
501 10898
502 10898
503 10898.1
504 10898.1
505 10898.1
506 10898.2
507 10898.2
508 10898.2
509 10898.3
510 10898.3
511 10898.3
512 10898.4
513 10898.4
514 10898.4
515 10898.5
516 10898.5
517 10898.5
518 10898.5
519 10898.6
520 10898.6
521 10898.6
522 10898.7
523 10898.7
524 10898.7
525 10898.7
526 10898.8
527 10898.8
528 10898.8
529 10898.8
530 10898.8
531 10898.9
532 10898.9
533 10898.9
534 10898.9
535 10899
536 10899
537 10899
538 10899
539 10899
540 10899.1
541 10899.1
542 10899.1
543 10899.1
544 10899.1
545 10899.1
546 10899.2
547 10899.2
548 10899.2
549 10899.2
550 10899.2
551 10899.2
552 10899.3
553 10899.3
554 10899.3
555 10899.3
556 10899.3
557 10899.3
558 10899.3
559 10899.4
560 10899.4
561 10899.4
562 10899.4
563 10899.4
564 10899.4
565 10899.4
566 10899.5
567 10899.5
568 10899.5
569 10899.5
570 10899.5
571 10899.5
572 10899.5
573 10899.5
574 10899.5
575 10899.6
576 10899.6
577 10899.6
578 10899.6
579 10899.6
580 10899.6
581 10899.6
582 10899.6
583 10899.6
584 10899.6
585 10899.7
586 10899.7
587 10899.7
588 10899.7
589 10899.7
590 10899.7
591 10899.7
592 10899.7
593 10899.7
594 10899.7
595 10899.7
596 10899.7
597 10899.7
598 10899.8
599 10899.8
600 10899.8
601 10899.8
602 10899.8
603 10899.8
604 10899.8
605 10899.8
606 10899.8
607 10899.8
608 10899.8
609 10899.8
610 10899.8
611 10899.8
612 10899.8
613 10899.8
614 10899.9
615 10899.9
616 10899.9
617 10899.9
618 10899.9
619 10899.9
620 10899.9
621 10899.9
622 10899.9
623 10899.9
624 10899.9
625 10899.9
626 10899.9
627 10899.9
628 10899.9
629 10899.9
630 10899.9
631 10899.9
632 10899.9
633 10899.9
634 10899.9
635 10900
636 10900
637 10900
638 10900
639 10900
640 10900
641 10900
642 10900
643 10900
644 10900
645 10900
646 10900
647 10900
648 10900
649 10900
650 10900
651 10900
652 10900
653 10900
654 10900
655 10900
656 10900
657 10900
658 10900
659 10900
660 10900
661 10900
662 10900
663 10900
664 10900
665 10900
666 10900
667 10900
668 10900
669 10900
670 10900.1
671 10900.1
672 10900.1
673 10900.1
674 10900.1
675 10900.1
676 10900.1
677 10900.1
678 10900.1
679 10900.1
680 10900.1
681 10900.1
682 10900.1
683 10900.1
684 10900.1
685 10900.1
686 10900.1
687 10900.1
688 10900.1
689 10900.1
690 10900.1
691 10900.1
692 10900.1
693 10900.1
694 10900.1
695 10900.1
696 10900.1
697 10900.1
698 10900.1
699 10900.1
700 10900.1
701 10900.1
702 10900.1
703 10900.1
704 10900.1
705 10900.1
706 10900.1
707 10900.1
708 10900.1
709 10900.1
710 10900.1
711 10900.1
712 10900.1
713 10900.1
714 10900.1
715 10900.1
716 10900.1
717 10900.1
718 10900.1
719 10900.1
720 10900.1
721 10900.1
722 10900.1
723 10900.1
724 10900.1
725 10900.1
726 10900.1
727 10900.1
728 10900.1
729 10900.1
730 10900.1
731 10900.1
732 10900.1
733 10900.1
734 10900.1
735 10900.1
736 10900.1
737 10900.1
738 10900.1
739 10900.1
740 10900.1
741 10900.1
742 10900.1
743 10900.1
744 10900.1
745 10900.1
746 10900.1
747 10900.1
748 10900.1
749 10900.1
750 10900.1
751 10900.1
752 10900.1
753 10900.1
754 10900.1
755 10900.1
756 10900.1
757 10900.1
758 10900.1
759 10900.1
760 10900.1
761 10900.1
762 10900.1
763 10900.2
764 10900.2
765 10900.2
766 10900.2
767 10900.2
768 10900.2
769 10900.2
770 10900.2
771 10900.2
772 10900.2
773 10900.2
774 10900.2
775 10900.2
776 10900.2
777 10900.2
778 10900.2
779 10900.2
780 10900.2
781 10900.2
782 10900.2
783 10900.2
784 10900.2
785 10900.2
786 10900.2
787 10900.2
788 10900.2
789 10900.2
790 10900.2
791 10900.2
792 10900.2
793 10900.2
794 10900.2
795 10900.2
796 10900.2
797 10900.2
798 10900.2
799 10900.2
800 10900.2
801 10900.2
802 10900.2
803 10900.2
804 10900.2
805 10900.2
806 10900.2
807 10900.2
808 10900.2
809 10900.2
810 10900.2
811 10900.2
812 10900.2
813 10900.2
814 10900.2
815 10900.2
816 10900.2
817 10900.2
818 10900.2
819 10900.2
820 10900.2
821 10900.2
822 10900.2
823 10900.2
824 10900.2
825 10900.2
826 10900.2
827 10900.2
828 10900.2
829 10900.2
830 10900.2
831 10900.2
832 10900.2
833 10900.2
834 10900.2
835 10900.2
836 10900.2
837 10900.2
838 10900.2
839 10900.2
840 10900.2
841 10900.2
842 10900.2
843 10900.2
844 10900.2
845 10900.2
