1 880919
2 732712
3 610555
4 510490
5 428730
6 361947
7 307364
8 262720
9 226170
10 196206
11 171599
12 151350
13 134647
14 120832
15 109371
16 99828.8
17 91853.6
18 85159.6
19 79514.4
20 74729.6
21 70651.6
22 67155.8
23 64140.6
24 61523.3
25 59236.3
26 57224.5
27 55442.7
28 53853.9
29 52427.9
30 51139.5
31 49968.4
32 48897.4
33 47912.5
34 47001.9
35 46156
36 45366.5
37 44626.6
38 43930.7
39 43273.7
40 42651.5
41 42060.6
42 41498.1
43 40961.2
44 40447.7
45 39955.6
46 39483.3
47 39029.3
48 38592.1
49 38170.6
50 37763.8
51 37370.7
52 36990.5
53 36622.4
54 36265.7
55 35919.7
56 35584
57 35257.9
58 34941
59 34632.8
60 34332.9
61 34040.9
62 33756.5
63 33479.3
64 33209
65 32945.3
66 32687.9
67 32436.7
68 32191.2
69 31951.4
70 31717
71 31487.7
72 31263.5
73 31044
74 30829.2
75 30618.9
76 30412.8
77 30211
78 30013.2
79 29819.2
80 29629.1
81 29442.5
82 29259.5
83 29080
84 28903.7
85 28730.6
86 28560.5
87 28393.5
88 28229.3
89 28067.9
90 27909.2
91 27753.1
92 27599.4
93 27448.3
94 27299.5
95 27152.9
96 27008.6
97 26866.4
98 26726.2
99 26588.1
100 26451.9
101 26317.6
102 26185.1
103 26054.4
104 25925.4
105 25798
106 25672.3
107 25548.2
108 25425.6
109 25304.5
110 25184.8
111 25066.6
112 24949.7
113 24834.2
114 24720
115 24607.1
116 24495.4
117 24384.9
118 24275.6
119 24167.5
120 24060.5
121 23954.6
122 23849.8
123 23746.1
124 23643.4
125 23541.8
126 23441.1
127 23341.4
128 23242.7
129 23145
130 23048.1
131 22952.2
132 22857.2
133 22763
134 22669.8
135 22577.3
136 22485.8
137 22395
138 22305.1
139 22215.9
140 22127.6
141 22040
142 21953.2
143 21867.1
144 21781.8
145 21697.2
146 21613.4
147 21530.2
148 21447.8
149 21366.1
150 21285
151 21204.6
152 21124.9
153 21045.9
154 20967.5
155 20889.7
156 20812.6
157 20736.2
158 20660.3
159 20585.1
160 20510.4
161 20436.4
162 20363
163 20290.1
164 20217.9
165 20146.2
166 20075.1
167 20004.5
168 19934.5
169 19865.1
170 19796.2
171 19727.8
172 19660
173 19592.7
174 19525.9
175 19459.7
176 19394
177 19328.7
178 19264
179 19199.8
180 19136
181 19072.8
182 19010
183 18947.7
184 18885.9
185 18824.6
186 18763.7
187 18703.3
188 18643.3
189 18583.8
190 18524.8
191 18466.1
192 18408
193 18350.2
194 18292.9
195 18236
196 18179.5
197 18123.5
198 18067.9
199 18012.6
200 17957.8
201 17903.4
202 17849.4
203 17795.8
204 17742.5
205 17689.7
206 17637.3
207 17585.2
208 17533.5
209 17482.2
210 17431.2
211 17380.6
212 17330.4
213 17280.6
214 17231.1
215 17181.9
216 17133.1
217 17084.7
218 17036.6
219 16988.8
220 16941.4
221 16894.3
222 16847.5
223 16801.1
224 16755
225 16709.2
226 16663.8
227 16618.6
228 16573.8
229 16529.3
230 16485.1
231 16441.2
232 16397.6
233 16354.3
234 16311.3
235 16268.6
236 16226.2
237 16184.1
238 16142.3
239 16100.7
240 16059.4
241 16018.5
242 15977.8
243 15937.3
244 15897.2
245 15857.3
246 15817.7
247 15778.3
248 15739.2
249 15700.4
250 15661.8
251 15623.5
252 15585.5
253 15547.7
254 15510.1
255 15472.8
256 15435.7
257 15398.9
258 15362.4
259 15326
260 15289.9
261 15254
262 15218.4
263 15183
264 15147.8
265 15112.9
266 15078.2
267 15043.7
268 15009.4
269 14975.3
270 14941.5
271 14907.9
272 14874.5
273 14841.3
274 14808.3
275 14775.5
276 14742.9
277 14710.5
278 14678.4
279 14646.4
280 14614.7
281 14583.1
282 14551.7
283 14520.5
284 14489.6
285 14458.8
286 14428.2
287 14397.8
288 14367.5
289 14337.5
290 14307.6
291 14278
292 14248.5
293 14219.2
294 14190
295 14161.1
296 14132.3
297 14103.7
298 14075.2
299 14047
300 14018.9
301 13990.9
302 13963.2
303 13935.6
304 13908.1
305 13880.8
306 13853.7
307 13826.8
308 13800
309 13773.4
310 13746.9
311 13720.5
312 13694.4
313 13668.4
314 13642.5
315 13616.8
316 13591.2
317 13565.8
318 13540.5
319 13515.4
320 13490.4
321 13465.6
322 13440.9
323 13416.3
324 13391.9
325 13367.6
326 13343.5
327 13319.5
328 13295.6
329 13271.9
330 13248.3
331 13224.8
332 13201.5
333 13178.3
334 13155.2
335 13132.3
336 13109.4
337 13086.7
338 13064.2
339 13041.7
340 13019.4
341 12997.2
342 12975.2
343 12953.2
344 12931.4
345 12909.7
346 12888.1
347 12866.6
348 12845.3
349 12824
350 12802.9
351 12781.9
352 12761
353 12740.2
354 12719.6
355 12699
356 12678.6
357 12658.2
358 12638
359 12617.9
360 12597.9
361 12578
362 12558.2
363 12538.5
364 12518.9
365 12499.4
366 12480
367 12460.7
368 12441.6
369 12422.5
370 12403.5
371 12384.6
372 12365.9
373 12347.2
374 12328.6
375 12310.1
376 12291.7
377 12273.4
378 12255.2
379 12237.1
380 12219.1
381 12201.2
382 12183.4
383 12165.7
384 12148
385 12130.5
386 12113
387 12095.6
388 12078.4
389 12061.2
390 12044.1
391 12027.1
392 12010.1
393 11993.3
394 11976.5
395 11959.9
396 11943.3
397 11926.8
398 11910.3
399 11894
400 11877.8
401 11861.6
402 11845.5
403 11829.5
404 11813.6
405 11797.7
406 11781.9
407 11766.3
408 11750.6
409 11735.1
410 11719.7
411 11704.3
412 11689
413 11673.8
414 11658.6
415 11643.5
416 11628.5
417 11613.6
418 11598.8
419 11584
420 11569.3
421 11554.6
422 11540.1
423 11525.6
424 11511.2
425 11496.8
426 11482.6
427 11468.4
428 11454.2
429 11440.2
430 11426.2
431 11412.2
432 11398.4
433 11384.6
434 11370.9
435 11357.2
436 11343.6
437 11330.1
438 11316.6
439 11303.3
440 11289.9
441 11276.7
442 11263.5
443 11250.3
444 11237.3
445 11224.3
446 11211.3
447 11198.4
448 11185.6
449 11172.9
450 11160.2
451 11147.5
452 11135
453 11122.4
454 11110
455 11097.6
456 11085.3
457 11073
458 11060.8
459 11048.6
460 11036.5
461 11024.5
462 11012.5
463 11000.6
464 10988.7
465 10976.9
466 10965.1
467 10953.5
468 10941.8
469 10930.2
470 10918.7
471 10907.2
472 10895.8
473 10884.4
474 10873.1
475 10861.9
476 10850.7
477 10839.5
478 10828.4
479 10817.4
480 10806.4
481 10795.4
482 10784.5
483 10773.7
484 10762.9
485 10752.2
486 10741.5
487 10730.9
488 10720.3
489 10709.7
490 10699.3
491 10688.8
492 10678.5
493 10668.1
494 10657.8
495 10647.6
496 10637.4
497 10627.3
498 10617.2
499 10607.1
500 10597.1
501 10587.2
502 10577.3
503 10567.4
504 10557.6
505 10547.8
506 10538.1
507 10528.5
508 10518.8
509 10509.2
510 10499.7
511 10490.2
512 10480.8
513 10471.4
514 10462
515 10452.7
516 10443.4
517 10434.2
518 10425
519 10415.9
520 10406.8
521 10397.7
522 10388.7
523 10379.7
524 10370.8
525 10361.9
526 10353.1
527 10344.3
528 10335.5
529 10326.8
530 10318.1
531 10309.5
532 10300.9
533 10292.3
534 10283.8
535 10275.3
536 10266.9
537 10258.5
538 10250.1
539 10241.8
540 10233.5
541 10225.3
542 10217.1
543 10208.9
544 10200.8
545 10192.7
546 10184.7
547 10176.7
548 10168.7
549 10160.8
550 10152.9
551 10145
552 10137.2
553 10129.4
554 10121.6
555 10113.9
556 10106.2
557 10098.6
558 10091
559 10083.4
560 10075.9
561 10068.4
562 10060.9
563 10053.5
564 10046.1
565 10038.7
566 10031.4
567 10024.1
568 10016.8
569 10009.6
570 10002.4
571 9995.23
572 9988.11
573 9981.02
574 9973.96
575 9966.93
576 9959.94
577 9952.98
578 9946.05
579 9939.16
580 9932.3
581 9925.47
582 9918.67
583 9911.9
584 9905.17
585 9898.47
586 9891.8
587 9885.16
588 9878.55
589 9871.97
590 9865.42
591 9858.91
592 9852.42
593 9845.96
594 9839.54
595 9833.15
596 9826.78
597 9820.45
598 9814.14
599 9807.87
600 9801.62
601 9795.4
602 9789.22
603 9783.06
604 9776.93
605 9770.83
606 9764.76
607 9758.71
608 9752.7
609 9746.71
610 9740.75
611 9734.82
612 9728.92
613 9723.04
614 9717.2
615 9711.38
616 9705.59
617 9699.82
618 9694.08
619 9688.37
620 9682.69
621 9677.03
622 9671.4
623 9665.8
624 9660.22
625 9654.67
626 9649.15
627 9643.65
628 9638.17
629 9632.73
630 9627.31
631 9621.91
632 9616.54
633 9611.19
634 9605.88
635 9600.58
636 9595.31
637 9590.07
638 9584.85
639 9579.65
640 9574.48
641 9569.34
642 9564.21
643 9559.12
644 9554.04
645 9548.99
646 9543.97
647 9538.97
648 9533.99
649 9529.04
650 9524.1
651 9519.2
652 9514.31
653 9509.45
654 9504.61
655 9499.8
656 9495.01
657 9490.24
658 9485.49
659 9480.77
660 9476.07
661 9471.39
662 9466.73
663 9462.1
664 9457.48
665 9452.89
666 9448.32
667 9443.78
668 9439.25
669 9434.75
670 9430.26
671 9425.8
672 9421.36
673 9416.94
674 9412.55
675 9408.17
676 9403.81
677 9399.48
678 9395.16
679 9390.87
680 9386.6
681 9382.34
682 9378.11
683 9373.9
684 9369.71
685 9365.53
686 9361.38
687 9357.25
688 9353.14
689 9349.04
690 9344.97
691 9340.92
692 9336.88
693 9332.87
694 9328.87
695 9324.9
696 9320.94
697 9317
698 9313.08
699 9309.18
700 9305.3
701 9301.43
702 9297.59
703 9293.76
704 9289.96
705 9286.17
706 9282.39
707 9278.64
708 9274.91
709 9271.19
710 9267.49
711 9263.81
712 9260.14
713 9256.5
714 9252.87
715 9249.26
716 9245.67
717 9242.09
718 9238.53
719 9234.99
720 9231.46
721 9227.96
722 9224.47
723 9220.99
724 9217.54
725 9214.1
726 9210.67
727 9207.27
728 9203.88
729 9200.5
730 9197.14
731 9193.8
732 9190.48
733 9187.17
734 9183.88
735 9180.6
736 9177.34
737 9174.09
738 9170.86
739 9167.65
740 9164.45
741 9161.27
742 9158.1
743 9154.95
744 9151.82
745 9148.7
746 9145.59
747 9142.5
748 9139.42
749 9136.36
750 9133.32
751 9130.29
752 9127.27
753 9124.27
754 9121.28
755 9118.31
756 9115.35
757 9112.41
758 9109.48
759 9106.57
760 9103.67
761 9100.78
762 9097.91
763 9095.06
764 9092.21
765 9089.38
766 9086.57
767 9083.77
768 9080.98
769 9078.2
770 9075.44
771 9072.7
772 9069.96
773 9067.24
774 9064.54
775 9061.84
776 9059.16
777 9056.5
778 9053.84
779 9051.2
780 9048.57
781 9045.96
782 9043.36
783 9040.77
784 9038.19
785 9035.63
786 9033.08
787 9030.54
788 9028.02
789 9025.5
790 9023
791 9020.52
792 9018.04
793 9015.58
794 9013.12
795 9010.69
796 9008.26
797 9005.84
798 9003.44
799 9001.05
800 8998.67
801 8996.3
802 8993.95
803 8991.6
804 8989.27
805 8986.95
806 8984.64
807 8982.35
808 8980.06
809 8977.79
810 8975.52
811 8973.27
812 8971.03
813 8968.8
814 8966.58
815 8964.37
816 8962.18
817 8959.99
818 8957.82
819 8955.66
820 8953.5
821 8951.36
822 8949.23
823 8947.11
824 8945
825 8942.9
826 8940.81
827 8938.74
828 8936.67
829 8934.61
830 8932.57
831 8930.53
832 8928.5
833 8926.49
834 8924.48
835 8922.49
836 8920.5
837 8918.52
838 8916.56
839 8914.6
840 8912.66
841 8910.72
842 8908.8
843 8906.88
844 8904.97
845 8903.08
846 8901.19
847 8899.31
848 8897.44
849 8895.58
850 8893.73
851 8891.89
852 8890.06
853 8888.24
854 8886.43
855 8884.63
856 8882.83
857 8881.05
858 8879.27
859 8877.51
860 8875.75
861 8874
862 8872.26
863 8870.53
864 8868.81
865 8867.1
866 8865.39
867 8863.7
868 8862.01
869 8860.33
870 8858.66
871 8857
872 8855.35
873 8853.71
874 8852.07
875 8850.44
876 8848.82
877 8847.21
878 8845.61
879 8844.02
880 8842.43
881 8840.85
882 8839.29
883 8837.72
884 8836.17
885 8834.63
886 8833.09
887 8831.56
888 8830.04
889 8828.52
890 8827.02
891 8825.52
892 8824.03
893 8822.55
894 8821.07
895 8819.61
896 8818.15
897 8816.69
898 8815.25
899 8813.81
900 8812.38
901 8810.96
902 8809.55
903 8808.14
904 8806.74
905 8805.35
906 8803.96
907 8802.58
908 8801.21
909 8799.85
910 8798.49
911 8797.14
912 8795.8
913 8794.47
914 8793.14
915 8791.82
916 8790.5
917 8789.19
918 8787.89
919 8786.6
920 8785.31
921 8784.03
922 8782.76
923 8781.49
924 8780.23
925 8778.98
926 8777.73
927 8776.49
928 8775.26
929 8774.03
930 8772.81
931 8771.59
932 8770.38
933 8769.18
934 8767.99
935 8766.8
936 8765.62
937 8764.44
938 8763.27
939 8762.11
940 8760.95
941 8759.8
942 8758.65
943 8757.51
944 8756.38
945 8755.25
946 8754.13
947 8753.01
948 8751.9
949 8750.8
950 8749.7
951 8748.61
952 8747.53
953 8746.45
954 8745.37
955 8744.3
956 8743.24
957 8742.18
958 8741.13
959 8740.09
960 8739.05
961 8738.01
962 8736.98
963 8735.96
964 8734.94
965 8733.93
966 8732.92
967 8731.92
968 8730.92
969 8729.93
970 8728.95
971 8727.97
972 8726.99
973 8726.02
974 8725.06
975 8724.1
976 8723.15
977 8722.2
978 8721.26
979 8720.32
980 8719.38
981 8718.46
982 8717.53
983 8716.61
984 8715.7
985 8714.79
986 8713.89
987 8712.99
988 8712.1
989 8711.21
990 8710.33
991 8709.45
992 8708.57
993 8707.71
994 8706.84
995 8705.98
996 8705.13
997 8704.28
998 8703.43
999 8702.59
1000 8701.76
1001 8700.92
1002 8700.1
1003 8699.27
1004 8698.46
1005 8697.64
1006 8696.83
1007 8696.03
1008 8695.23
1009 8694.43
1010 8693.64
1011 8692.86
1012 8692.08
1013 8691.3
1014 8690.52
1015 8689.75
1016 8688.99
1017 8688.23
1018 8687.47
1019 8686.72
1020 8685.97
1021 8685.23
1022 8684.49
1023 8683.75
1024 8683.02
1025 8682.29
1026 8681.57
1027 8680.85
1028 8680.14
1029 8679.43
1030 8678.72
1031 8678.02
1032 8677.32
1033 8676.62
1034 8675.93
1035 8675.24
1036 8674.56
1037 8673.88
1038 8673.2
1039 8672.53
1040 8671.86
1041 8671.2
1042 8670.54
1043 8669.88
1044 8669.23
1045 8668.58
1046 8667.94
1047 8667.29
1048 8666.66
1049 8666.02
1050 8665.39
1051 8664.76
1052 8664.14
1053 8663.52
1054 8662.9
1055 8662.29
1056 8661.68
1057 8661.07
1058 8660.47
1059 8659.87
1060 8659.28
1061 8658.68
1062 8658.1
1063 8657.51
1064 8656.93
1065 8656.35
1066 8655.77
1067 8655.2
1068 8654.63
1069 8654.07
1070 8653.51
1071 8652.95
1072 8652.39
1073 8651.84
1074 8651.29
1075 8650.75
1076 8650.2
1077 8649.66
1078 8649.13
1079 8648.59
1080 8648.06
1081 8647.54
1082 8647.01
1083 8646.49
1084 8645.98
1085 8645.46
1086 8644.95
1087 8644.44
1088 8643.94
1089 8643.43
1090 8642.93
1091 8642.44
1092 8641.94
1093 8641.45
1094 8640.97
1095 8640.48
1096 8640
1097 8639.52
1098 8639.04
1099 8638.57
1100 8638.1
1101 8637.63
1102 8637.17
1103 8636.7
1104 8636.24
1105 8635.79
1106 8635.33
1107 8634.88
1108 8634.43
1109 8633.99
1110 8633.55
1111 8633.11
1112 8632.67
1113 8632.23
1114 8631.8
1115 8631.37
1116 8630.94
1117 8630.52
1118 8630.1
1119 8629.68
1120 8629.26
1121 8628.85
1122 8628.44
1123 8628.03
1124 8627.62
1125 8627.22
1126 8626.81
1127 8626.41
1128 8626.02
1129 8625.62
1130 8625.23
1131 8624.84
1132 8624.45
1133 8624.07
1134 8623.69
1135 8623.31
1136 8622.93
1137 8622.56
1138 8622.18
1139 8621.81
1140 8621.44
1141 8621.08
1142 8620.71
1143 8620.35
1144 8619.99
1145 8619.64
1146 8619.28
1147 8618.93
1148 8618.58
1149 8618.23
1150 8617.89
1151 8617.54
1152 8617.2
1153 8616.86
1154 8616.53
1155 8616.19
1156 8615.86
1157 8615.53
1158 8615.2
1159 8614.87
1160 8614.55
1161 8614.23
1162 8613.91
1163 8613.59
1164 8613.27
1165 8612.96
1166 8612.64
1167 8612.33
1168 8612.03
1169 8611.72
1170 8611.42
1171 8611.11
1172 8610.81
1173 8610.52
1174 8610.22
1175 8609.93
1176 8609.63
1177 8609.34
1178 8609.05
1179 8608.77
1180 8608.48
1181 8608.2
1182 8607.92
1183 8607.64
1184 8607.36
1185 8607.09
1186 8606.81
1187 8606.54
1188 8606.27
1189 8606
1190 8605.74
1191 8605.47
1192 8605.21
1193 8604.95
1194 8604.69
1195 8604.43
1196 8604.18
1197 8603.92
1198 8603.67
1199 8603.42
1200 8603.17
1201 8602.92
1202 8602.68
1203 8602.43
1204 8602.19
1205 8601.95
1206 8601.71
1207 8601.47
1208 8601.24
1209 8601
1210 8600.77
1211 8600.54
1212 8600.31
1213 8600.08
1214 8599.86
1215 8599.63
1216 8599.41
1217 8599.19
1218 8598.97
1219 8598.75
1220 8598.53
1221 8598.32
1222 8598.1
1223 8597.89
1224 8597.68
1225 8597.47
1226 8597.26
1227 8597.06
1228 8596.85
1229 8596.65
1230 8596.45
1231 8596.24
1232 8596.05
1233 8595.85
1234 8595.65
1235 8595.46
1236 8595.26
1237 8595.07
1238 8594.88
1239 8594.69
1240 8594.5
1241 8594.32
1242 8594.13
1243 8593.95
1244 8593.76
1245 8593.58
1246 8593.4
1247 8593.23
1248 8593.05
1249 8592.87
1250 8592.7
1251 8592.52
1252 8592.35
1253 8592.18
1254 8592.01
1255 8591.84
1256 8591.68
1257 8591.51
1258 8591.35
1259 8591.18
1260 8591.02
1261 8590.86
1262 8590.7
1263 8590.54
1264 8590.39
1265 8590.23
1266 8590.08
1267 8589.92
1268 8589.77
1269 8589.62
1270 8589.47
1271 8589.32
1272 8589.17
1273 8589.03
1274 8588.88
1275 8588.74
1276 8588.59
1277 8588.45
1278 8588.31
1279 8588.17
1280 8588.03
1281 8587.89
1282 8587.76
1283 8587.62
1284 8587.49
1285 8587.35
1286 8587.22
1287 8587.09
1288 8586.96
1289 8586.83
1290 8586.71
1291 8586.58
1292 8586.45
1293 8586.33
1294 8586.2
1295 8586.08
1296 8585.96
1297 8585.84
1298 8585.72
1299 8585.6
1300 8585.48
1301 8585.37
1302 8585.25
1303 8585.14
1304 8585.02
1305 8584.91
1306 8584.8
1307 8584.69
1308 8584.58
1309 8584.47
1310 8584.36
1311 8584.25
1312 8584.15
1313 8584.04
1314 8583.94
1315 8583.83
1316 8583.73
1317 8583.63
1318 8583.53
1319 8583.43
1320 8583.33
1321 8583.23
1322 8583.13
1323 8583.04
1324 8582.94
1325 8582.85
1326 8582.75
1327 8582.66
1328 8582.57
1329 8582.48
1330 8582.39
1331 8582.3
1332 8582.21
1333 8582.12
1334 8582.03
1335 8581.95
1336 8581.86
1337 8581.78
1338 8581.69
1339 8581.61
1340 8581.53
1341 8581.45
1342 8581.37
1343 8581.29
1344 8581.21
1345 8581.13
1346 8581.05
1347 8580.98
1348 8580.9
1349 8580.82
1350 8580.75
1351 8580.68
1352 8580.6
1353 8580.53
1354 8580.46
1355 8580.39
1356 8580.32
1357 8580.25
1358 8580.18
1359 8580.11
1360 8580.05
1361 8579.98
1362 8579.91
1363 8579.85
1364 8579.78
1365 8579.72
1366 8579.66
1367 8579.59
1368 8579.53
1369 8579.47
1370 8579.41
1371 8579.35
1372 8579.29
1373 8579.23
1374 8579.18
1375 8579.12
1376 8579.06
1377 8579.01
1378 8578.95
1379 8578.9
1380 8578.84
1381 8578.79
1382 8578.74
1383 8578.69
1384 8578.63
1385 8578.58
1386 8578.53
1387 8578.48
1388 8578.43
1389 8578.39
1390 8578.34
1391 8578.29
1392 8578.24
1393 8578.2
1394 8578.15
1395 8578.11
1396 8578.06
1397 8578.02
1398 8577.98
1399 8577.93
1400 8577.89
1401 8577.85
1402 8577.81
1403 8577.77
1404 8577.73
1405 8577.69
1406 8577.65
1407 8577.61
1408 8577.58
1409 8577.54
1410 8577.5
1411 8577.47
1412 8577.43
1413 8577.39
1414 8577.36
1415 8577.33
1416 8577.29
1417 8577.26
1418 8577.23
1419 8577.19
1420 8577.16
1421 8577.13
1422 8577.1
1423 8577.07
1424 8577.04
1425 8577.01
1426 8576.98
1427 8576.96
1428 8576.93
1429 8576.9
1430 8576.87
1431 8576.85
1432 8576.82
1433 8576.8
1434 8576.77
1435 8576.75
1436 8576.72
1437 8576.7
1438 8576.68
1439 8576.65
1440 8576.63
1441 8576.61
1442 8576.59
1443 8576.57
1444 8576.55
1445 8576.53
1446 8576.51
1447 8576.49
1448 8576.47
1449 8576.45
1450 8576.43
1451 8576.42
1452 8576.4
1453 8576.38
1454 8576.37
1455 8576.35
1456 8576.33
1457 8576.32
1458 8576.3
1459 8576.29
1460 8576.28
1461 8576.26
1462 8576.25
1463 8576.24
1464 8576.22
1465 8576.21
1466 8576.2
1467 8576.19
1468 8576.18
1469 8576.17
1470 8576.16
1471 8576.15
1472 8576.14
1473 8576.13
1474 8576.12
1475 8576.11
1476 8576.1
1477 8576.09
1478 8576.09
1479 8576.08
1480 8576.07
1481 8576.07
1482 8576.06
1483 8576.05
1484 8576.05
1485 8576.04
1486 8576.04
1487 8576.03
1488 8576.03
1489 8576.03
1490 8576.02
1491 8576.02
1492 8576.02
1493 8576.01
1494 8576.01
1495 8576.01
1496 8576.01
1497 8576.01
1498 8576.01
1499 8576
1500 8576
1501 8576
1502 8576
1503 8576
1504 8576.01
1505 8576.01
1506 8576.01
1507 8576.01
1508 8576.01
1509 8576.01
1510 8576.02
1511 8576.02
1512 8576.02
1513 8576.02
1514 8576.03
1515 8576.03
1516 8576.04
1517 8576.04
1518 8576.05
1519 8576.05
1520 8576.06
1521 8576.06
1522 8576.07
1523 8576.07
1524 8576.08
1525 8576.08
1526 8576.09
1527 8576.1
1528 8576.1
1529 8576.11
1530 8576.12
1531 8576.13
1532 8576.14
1533 8576.14
1534 8576.15
1535 8576.16
1536 8576.17
1537 8576.18
1538 8576.19
1539 8576.2
1540 8576.21
1541 8576.22
1542 8576.23
1543 8576.24
1544 8576.25
1545 8576.26
1546 8576.27
1547 8576.28
1548 8576.3
1549 8576.31
1550 8576.32
1551 8576.33
1552 8576.35
1553 8576.36
1554 8576.37
1555 8576.38
1556 8576.4
1557 8576.41
1558 8576.42
1559 8576.44
1560 8576.45
1561 8576.47
1562 8576.48
1563 8576.5
1564 8576.51
1565 8576.53
1566 8576.54
1567 8576.56
1568 8576.57
1569 8576.59
1570 8576.6
1571 8576.62
1572 8576.64
1573 8576.65
1574 8576.67
1575 8576.69
1576 8576.7
1577 8576.72
1578 8576.74
1579 8576.76
1580 8576.77
1581 8576.79
1582 8576.81
1583 8576.83
1584 8576.85
1585 8576.86
1586 8576.88
1587 8576.9
1588 8576.92
1589 8576.94
1590 8576.96
1591 8576.98
1592 8577
1593 8577.02
1594 8577.04
1595 8577.06
1596 8577.08
1597 8577.1
1598 8577.12
1599 8577.14
1600 8577.16
1601 8577.18
1602 8577.2
1603 8577.22
1604 8577.25
1605 8577.27
1606 8577.29
1607 8577.31
1608 8577.33
1609 8577.35
1610 8577.38
1611 8577.4
1612 8577.42
1613 8577.44
1614 8577.47
1615 8577.49
1616 8577.51
1617 8577.53
1618 8577.56
1619 8577.58
1620 8577.6
1621 8577.63
1622 8577.65
1623 8577.68
1624 8577.7
1625 8577.72
1626 8577.75
1627 8577.77
1628 8577.8
1629 8577.82
1630 8577.84
1631 8577.87
1632 8577.89
1633 8577.92
1634 8577.94
1635 8577.97
1636 8577.99
1637 8578.02
1638 8578.04
1639 8578.07
1640 8578.1
1641 8578.12
1642 8578.15
1643 8578.17
1644 8578.2
1645 8578.23
1646 8578.25
1647 8578.28
1648 8578.3
1649 8578.33
1650 8578.36
1651 8578.38
1652 8578.41
1653 8578.44
1654 8578.46
1655 8578.49
1656 8578.52
1657 8578.55
1658 8578.57
1659 8578.6
1660 8578.63
1661 8578.65
1662 8578.68
1663 8578.71
1664 8578.74
1665 8578.77
1666 8578.79
1667 8578.82
1668 8578.85
1669 8578.88
1670 8578.91
1671 8578.93
1672 8578.96
1673 8578.99
1674 8579.02
1675 8579.05
1676 8579.08
1677 8579.1
1678 8579.13
1679 8579.16
1680 8579.19
1681 8579.22
1682 8579.25
1683 8579.28
1684 8579.31
1685 8579.34
1686 8579.37
1687 8579.4
1688 8579.42
1689 8579.45
1690 8579.48
1691 8579.51
1692 8579.54
1693 8579.57
1694 8579.6
1695 8579.63
1696 8579.66
1697 8579.69
1698 8579.72
1699 8579.75
1700 8579.78
1701 8579.81
1702 8579.84
1703 8579.87
1704 8579.9
1705 8579.93
1706 8579.96
1707 8579.99
1708 8580.02
1709 8580.05
1710 8580.09
1711 8580.12
1712 8580.15
1713 8580.18
1714 8580.21
1715 8580.24
1716 8580.27
1717 8580.3
1718 8580.33
1719 8580.36
1720 8580.39
1721 8580.42
1722 8580.46
1723 8580.49
1724 8580.52
1725 8580.55
1726 8580.58
1727 8580.61
1728 8580.64
1729 8580.67
1730 8580.71
1731 8580.74
1732 8580.77
1733 8580.8
1734 8580.83
1735 8580.86
1736 8580.89
1737 8580.93
1738 8580.96
1739 8580.99
1740 8581.02
1741 8581.05
1742 8581.08
1743 8581.12
1744 8581.15
1745 8581.18
1746 8581.21
1747 8581.24
1748 8581.28
1749 8581.31
1750 8581.34
1751 8581.37
1752 8581.4
1753 8581.44
1754 8581.47
1755 8581.5
1756 8581.53
1757 8581.56
1758 8581.6
1759 8581.63
1760 8581.66
1761 8581.69
1762 8581.72
1763 8581.76
1764 8581.79
1765 8581.82
1766 8581.85
1767 8581.89
1768 8581.92
1769 8581.95
1770 8581.98
1771 8582.01
1772 8582.05
1773 8582.08
1774 8582.11
1775 8582.14
1776 8582.18
1777 8582.21
1778 8582.24
1779 8582.27
1780 8582.31
1781 8582.34
1782 8582.37
1783 8582.4
1784 8582.44
1785 8582.47
1786 8582.5
1787 8582.53
1788 8582.57
1789 8582.6
1790 8582.63
1791 8582.66
1792 8582.7
1793 8582.73
1794 8582.76
1795 8582.79
1796 8582.83
1797 8582.86
1798 8582.89
1799 8582.92
1800 8582.96
1801 8582.99
1802 8583.02
1803 8583.06
1804 8583.09
1805 8583.12
1806 8583.15
1807 8583.19
1808 8583.22
1809 8583.25
1810 8583.28
1811 8583.32
1812 8583.35
1813 8583.38
1814 8583.41
1815 8583.45
1816 8583.48
1817 8583.51
1818 8583.54
1819 8583.58
1820 8583.61
1821 8583.64
1822 8583.67
1823 8583.71
1824 8583.74
1825 8583.77
1826 8583.8
1827 8583.84
1828 8583.87
1829 8583.9
1830 8583.94
1831 8583.97
1832 8584
1833 8584.03
1834 8584.07
1835 8584.1
1836 8584.13
1837 8584.16
1838 8584.2
1839 8584.23
1840 8584.26
1841 8584.29
1842 8584.33
1843 8584.36
1844 8584.39
1845 8584.42
1846 8584.45
1847 8584.49
1848 8584.52
1849 8584.55
1850 8584.58
1851 8584.62
1852 8584.65
1853 8584.68
1854 8584.71
1855 8584.75
1856 8584.78
1857 8584.81
1858 8584.84
1859 8584.87
1860 8584.91
1861 8584.94
1862 8584.97
1863 8585
1864 8585.04
1865 8585.07
1866 8585.1
1867 8585.13
1868 8585.16
1869 8585.2
1870 8585.23
1871 8585.26
1872 8585.29
1873 8585.32
1874 8585.36
1875 8585.39
1876 8585.42
1877 8585.45
1878 8585.48
1879 8585.52
1880 8585.55
1881 8585.58
1882 8585.61
1883 8585.64
1884 8585.68
1885 8585.71
1886 8585.74
1887 8585.77
1888 8585.8
1889 8585.83
1890 8585.87
1891 8585.9
1892 8585.93
1893 8585.96
1894 8585.99
1895 8586.02
1896 8586.06
1897 8586.09
1898 8586.12
1899 8586.15
1900 8586.18
1901 8586.21
1902 8586.25
1903 8586.28
1904 8586.31
1905 8586.34
1906 8586.37
1907 8586.4
1908 8586.43
1909 8586.46
1910 8586.5
1911 8586.53
1912 8586.56
1913 8586.59
1914 8586.62
1915 8586.65
1916 8586.68
1917 8586.71
1918 8586.75
1919 8586.78
1920 8586.81
1921 8586.84
1922 8586.87
1923 8586.9
1924 8586.93
1925 8586.96
1926 8586.99
1927 8587.02
1928 8587.05
1929 8587.09
1930 8587.12
1931 8587.15
1932 8587.18
1933 8587.21
1934 8587.24
1935 8587.27
1936 8587.3
1937 8587.33
1938 8587.36
1939 8587.39
1940 8587.42
1941 8587.45
1942 8587.48
1943 8587.51
1944 8587.54
1945 8587.57
1946 8587.6
1947 8587.63
1948 8587.66
1949 8587.7
1950 8587.73
1951 8587.76
1952 8587.79
1953 8587.82
1954 8587.85
1955 8587.88
1956 8587.91
1957 8587.94
1958 8587.97
1959 8588
1960 8588.03
1961 8588.06
1962 8588.09
1963 8588.12
1964 8588.15
1965 8588.17
1966 8588.2
1967 8588.23
1968 8588.26
1969 8588.29
1970 8588.32
1971 8588.35
1972 8588.38
1973 8588.41
1974 8588.44
1975 8588.47
1976 8588.5
1977 8588.53
1978 8588.56
1979 8588.59
1980 8588.62
1981 8588.65
1982 8588.68
1983 8588.71
1984 8588.73
1985 8588.76
1986 8588.79
1987 8588.82
1988 8588.85
1989 8588.88
1990 8588.91
1991 8588.94
1992 8588.97
1993 8589
1994 8589.02
1995 8589.05
1996 8589.08
1997 8589.11
1998 8589.14
1999 8589.17
2000 8589.2
2001 8589.22
2002 8589.25
2003 8589.28
2004 8589.31
2005 8589.34
2006 8589.37
2007 8589.4
2008 8589.42
2009 8589.45
2010 8589.48
2011 8589.51
2012 8589.54
2013 8589.57
2014 8589.59
2015 8589.62
2016 8589.65
2017 8589.68
2018 8589.71
2019 8589.73
2020 8589.76
2021 8589.79
2022 8589.82
2023 8589.85
2024 8589.87
2025 8589.9
2026 8589.93
2027 8589.96
2028 8589.98
2029 8590.01
2030 8590.04
2031 8590.07
2032 8590.09
2033 8590.12
2034 8590.15
2035 8590.18
2036 8590.2
2037 8590.23
2038 8590.26
2039 8590.29
2040 8590.31
2041 8590.34
2042 8590.37
2043 8590.39
2044 8590.42
2045 8590.45
2046 8590.48
2047 8590.5
2048 8590.53
2049 8590.56
2050 8590.58
2051 8590.61
2052 8590.64
2053 8590.66
2054 8590.69
2055 8590.72
2056 8590.74
2057 8590.77
2058 8590.8
2059 8590.82
2060 8590.85
2061 8590.88
2062 8590.9
2063 8590.93
2064 8590.96
2065 8590.98
2066 8591.01
2067 8591.04
2068 8591.06
2069 8591.09
2070 8591.11
2071 8591.14
2072 8591.17
2073 8591.19
2074 8591.22
2075 8591.24
2076 8591.27
2077 8591.3
2078 8591.32
2079 8591.35
2080 8591.37
2081 8591.4
2082 8591.43
2083 8591.45
2084 8591.48
2085 8591.5
2086 8591.53
2087 8591.55
2088 8591.58
2089 8591.6
2090 8591.63
2091 8591.66
2092 8591.68
2093 8591.71
2094 8591.73
2095 8591.76
2096 8591.78
2097 8591.81
2098 8591.83
2099 8591.86
2100 8591.88
2101 8591.91
2102 8591.93
2103 8591.96
2104 8591.98
2105 8592.01
2106 8592.03
2107 8592.06
2108 8592.08
2109 8592.11
2110 8592.13
2111 8592.16
2112 8592.18
2113 8592.2
2114 8592.23
2115 8592.25
2116 8592.28
2117 8592.3
2118 8592.33
2119 8592.35
2120 8592.38
2121 8592.4
2122 8592.42
2123 8592.45
2124 8592.47
2125 8592.5
2126 8592.52
2127 8592.55
2128 8592.57
2129 8592.59
2130 8592.62
2131 8592.64
2132 8592.66
2133 8592.69
2134 8592.71
2135 8592.74
2136 8592.76
2137 8592.78
2138 8592.81
2139 8592.83
2140 8592.85
2141 8592.88
2142 8592.9
2143 8592.93
2144 8592.95
2145 8592.97
2146 8593
2147 8593.02
2148 8593.04
2149 8593.07
2150 8593.09
2151 8593.11
2152 8593.14
2153 8593.16
2154 8593.18
2155 8593.2
2156 8593.23
2157 8593.25
2158 8593.27
2159 8593.3
2160 8593.32
2161 8593.34
2162 8593.36
2163 8593.39
2164 8593.41
2165 8593.43
2166 8593.46
2167 8593.48
2168 8593.5
2169 8593.52
2170 8593.55
2171 8593.57
2172 8593.59
2173 8593.61
2174 8593.64
2175 8593.66
2176 8593.68
2177 8593.7
2178 8593.72
2179 8593.75
2180 8593.77
2181 8593.79
2182 8593.81
2183 8593.84
2184 8593.86
2185 8593.88
2186 8593.9
2187 8593.92
2188 8593.94
2189 8593.97
2190 8593.99
2191 8594.01
2192 8594.03
2193 8594.05
2194 8594.08
2195 8594.1
2196 8594.12
2197 8594.14
2198 8594.16
2199 8594.18
2200 8594.2
2201 8594.23
2202 8594.25
2203 8594.27
2204 8594.29
2205 8594.31
2206 8594.33
2207 8594.35
2208 8594.37
2209 8594.4
2210 8594.42
2211 8594.44
2212 8594.46
2213 8594.48
2214 8594.5
2215 8594.52
2216 8594.54
2217 8594.56
2218 8594.58
2219 8594.6
2220 8594.63
2221 8594.65
2222 8594.67
2223 8594.69
2224 8594.71
2225 8594.73
2226 8594.75
2227 8594.77
2228 8594.79
2229 8594.81
2230 8594.83
2231 8594.85
2232 8594.87
2233 8594.89
2234 8594.91
2235 8594.93
2236 8594.95
2237 8594.97
2238 8594.99
2239 8595.01
2240 8595.03
2241 8595.05
2242 8595.07
2243 8595.09
2244 8595.11
2245 8595.13
2246 8595.15
2247 8595.17
2248 8595.19
2249 8595.21
2250 8595.23
2251 8595.25
2252 8595.27
2253 8595.29
2254 8595.31
2255 8595.33
2256 8595.35
2257 8595.37
2258 8595.39
2259 8595.41
2260 8595.43
2261 8595.45
2262 8595.46
2263 8595.48
2264 8595.5
2265 8595.52
2266 8595.54
2267 8595.56
2268 8595.58
2269 8595.6
2270 8595.62
2271 8595.64
2272 8595.66
2273 8595.67
2274 8595.69
2275 8595.71
2276 8595.73
2277 8595.75
2278 8595.77
2279 8595.79
2280 8595.81
2281 8595.82
2282 8595.84
2283 8595.86
2284 8595.88
2285 8595.9
2286 8595.92
2287 8595.94
2288 8595.95
2289 8595.97
2290 8595.99
2291 8596.01
2292 8596.03
2293 8596.05
2294 8596.06
2295 8596.08
2296 8596.1
2297 8596.12
2298 8596.14
2299 8596.15
2300 8596.17
2301 8596.19
2302 8596.21
2303 8596.23
2304 8596.24
2305 8596.26
2306 8596.28
2307 8596.3
2308 8596.31
2309 8596.33
2310 8596.35
2311 8596.37
2312 8596.39
2313 8596.4
2314 8596.42
2315 8596.44
2316 8596.46
2317 8596.47
2318 8596.49
2319 8596.51
2320 8596.53
2321 8596.54
2322 8596.56
2323 8596.58
2324 8596.59
2325 8596.61
2326 8596.63
2327 8596.65
2328 8596.66
2329 8596.68
2330 8596.7
2331 8596.71
2332 8596.73
2333 8596.75
2334 8596.76
2335 8596.78
2336 8596.8
2337 8596.82
2338 8596.83
2339 8596.85
2340 8596.87
2341 8596.88
2342 8596.9
2343 8596.92
2344 8596.93
2345 8596.95
2346 8596.97
2347 8596.98
2348 8597
2349 8597.02
2350 8597.03
2351 8597.05
2352 8597.06
2353 8597.08
2354 8597.1
2355 8597.11
2356 8597.13
2357 8597.15
2358 8597.16
2359 8597.18
2360 8597.19
2361 8597.21
2362 8597.23
2363 8597.24
2364 8597.26
2365 8597.27
2366 8597.29
2367 8597.31
2368 8597.32
2369 8597.34
2370 8597.35
2371 8597.37
2372 8597.39
2373 8597.4
2374 8597.42
2375 8597.43
2376 8597.45
2377 8597.46
2378 8597.48
2379 8597.49
2380 8597.51
2381 8597.53
2382 8597.54
2383 8597.56
2384 8597.57
2385 8597.59
2386 8597.6
2387 8597.62
2388 8597.63
2389 8597.65
2390 8597.66
2391 8597.68
2392 8597.69
2393 8597.71
2394 8597.72
2395 8597.74
2396 8597.75
2397 8597.77
2398 8597.78
2399 8597.8
2400 8597.81
2401 8597.83
2402 8597.84
2403 8597.86
2404 8597.87
2405 8597.89
2406 8597.9
2407 8597.92
2408 8597.93
2409 8597.95
2410 8597.96
2411 8597.98
2412 8597.99
2413 8598.01
2414 8598.02
2415 8598.04
2416 8598.05
2417 8598.06
2418 8598.08
2419 8598.09
2420 8598.11
2421 8598.12
2422 8598.14
2423 8598.15
2424 8598.16
2425 8598.18
2426 8598.19
2427 8598.21
2428 8598.22
2429 8598.24
2430 8598.25
2431 8598.26
2432 8598.28
2433 8598.29
2434 8598.31
2435 8598.32
2436 8598.33
2437 8598.35
2438 8598.36
2439 8598.38
2440 8598.39
2441 8598.4
2442 8598.42
2443 8598.43
2444 8598.44
2445 8598.46
2446 8598.47
2447 8598.49
2448 8598.5
2449 8598.51
2450 8598.53
2451 8598.54
2452 8598.55
2453 8598.57
2454 8598.58
2455 8598.59
2456 8598.61
2457 8598.62
2458 8598.63
2459 8598.65
2460 8598.66
2461 8598.67
2462 8598.69
2463 8598.7
2464 8598.71
2465 8598.73
2466 8598.74
2467 8598.75
2468 8598.77
2469 8598.78
2470 8598.79
2471 8598.81
2472 8598.82
2473 8598.83
2474 8598.84
2475 8598.86
2476 8598.87
2477 8598.88
2478 8598.9
2479 8598.91
2480 8598.92
2481 8598.93
2482 8598.95
2483 8598.96
2484 8598.97
2485 8598.98
2486 8599
2487 8599.01
2488 8599.02
2489 8599.04
2490 8599.05
2491 8599.06
2492 8599.07
2493 8599.09
2494 8599.1
2495 8599.11
2496 8599.12
2497 8599.14
2498 8599.15
2499 8599.16
2500 8599.17
2501 8599.18
2502 8599.2
2503 8599.21
2504 8599.22
2505 8599.23
2506 8599.25
2507 8599.26
2508 8599.27
2509 8599.28
2510 8599.29
2511 8599.31
2512 8599.32
2513 8599.33
2514 8599.34
2515 8599.35
2516 8599.37
2517 8599.38
2518 8599.39
2519 8599.4
2520 8599.41
2521 8599.42
2522 8599.44
2523 8599.45
2524 8599.46
2525 8599.47
2526 8599.48
2527 8599.49
2528 8599.51
2529 8599.52
2530 8599.53
2531 8599.54
2532 8599.55
2533 8599.56
2534 8599.58
2535 8599.59
2536 8599.6
2537 8599.61
2538 8599.62
2539 8599.63
2540 8599.64
2541 8599.66
2542 8599.67
2543 8599.68
2544 8599.69
2545 8599.7
2546 8599.71
2547 8599.72
2548 8599.73
2549 8599.75
2550 8599.76
2551 8599.77
2552 8599.78
2553 8599.79
2554 8599.8
2555 8599.81
2556 8599.82
2557 8599.83
2558 8599.84
2559 8599.86
2560 8599.87
2561 8599.88
2562 8599.89
2563 8599.9
2564 8599.91
2565 8599.92
2566 8599.93
2567 8599.94
2568 8599.95
2569 8599.96
2570 8599.97
2571 8599.98
2572 8600
2573 8600.01
2574 8600.02
2575 8600.03
2576 8600.04
2577 8600.05
2578 8600.06
2579 8600.07
2580 8600.08
2581 8600.09
2582 8600.1
2583 8600.11
2584 8600.12
2585 8600.13
2586 8600.14
2587 8600.15
2588 8600.16
2589 8600.17
2590 8600.18
2591 8600.19
2592 8600.2
2593 8600.21
2594 8600.22
2595 8600.23
2596 8600.24
2597 8600.25
2598 8600.26
2599 8600.27
2600 8600.28
2601 8600.29
2602 8600.3
2603 8600.31
2604 8600.32
2605 8600.33
2606 8600.34
2607 8600.35
2608 8600.36
2609 8600.37
2610 8600.38
2611 8600.39
2612 8600.4
2613 8600.41
2614 8600.42
2615 8600.43
2616 8600.44
2617 8600.45
2618 8600.46
2619 8600.47
2620 8600.48
2621 8600.49
2622 8600.5
2623 8600.51
2624 8600.52
2625 8600.53
2626 8600.54
2627 8600.55
2628 8600.56
2629 8600.57
2630 8600.58
2631 8600.59
2632 8600.6
2633 8600.61
2634 8600.61
2635 8600.62
2636 8600.63
2637 8600.64
2638 8600.65
2639 8600.66
2640 8600.67
2641 8600.68
2642 8600.69
2643 8600.7
2644 8600.71
2645 8600.72
2646 8600.73
2647 8600.73
2648 8600.74
2649 8600.75
2650 8600.76
2651 8600.77
2652 8600.78
2653 8600.79
2654 8600.8
2655 8600.81
2656 8600.82
2657 8600.82
2658 8600.83
2659 8600.84
2660 8600.85
2661 8600.86
2662 8600.87
2663 8600.88
2664 8600.89
2665 8600.9
2666 8600.9
2667 8600.91
2668 8600.92
2669 8600.93
2670 8600.94
2671 8600.95
2672 8600.96
2673 8600.97
2674 8600.97
2675 8600.98
2676 8600.99
2677 8601
2678 8601.01
2679 8601.02
2680 8601.03
2681 8601.03
2682 8601.04
2683 8601.05
2684 8601.06
2685 8601.07
2686 8601.08
2687 8601.08
2688 8601.09
2689 8601.1
2690 8601.11
2691 8601.12
2692 8601.13
2693 8601.13
2694 8601.14
2695 8601.15
2696 8601.16
2697 8601.17
2698 8601.18
2699 8601.18
2700 8601.19
2701 8601.2
2702 8601.21
2703 8601.22
2704 8601.22
2705 8601.23
2706 8601.24
2707 8601.25
2708 8601.26
2709 8601.26
2710 8601.27
2711 8601.28
2712 8601.29
2713 8601.3
2714 8601.3
2715 8601.31
2716 8601.32
2717 8601.33
2718 8601.34
2719 8601.34
2720 8601.35
2721 8601.36
2722 8601.37
2723 8601.37
2724 8601.38
2725 8601.39
2726 8601.4
2727 8601.41
2728 8601.41
2729 8601.42
2730 8601.43
2731 8601.44
2732 8601.44
2733 8601.45
2734 8601.46
2735 8601.47
2736 8601.47
2737 8601.48
2738 8601.49
2739 8601.5
2740 8601.5
2741 8601.51
2742 8601.52
2743 8601.53
2744 8601.53
2745 8601.54
2746 8601.55
2747 8601.56
2748 8601.56
2749 8601.57
2750 8601.58
2751 8601.59
2752 8601.59
2753 8601.6
2754 8601.61
2755 8601.62
2756 8601.62
2757 8601.63
2758 8601.64
2759 8601.64
2760 8601.65
2761 8601.66
2762 8601.67
2763 8601.67
2764 8601.68
2765 8601.69
2766 8601.69
2767 8601.7
2768 8601.71
2769 8601.72
2770 8601.72
2771 8601.73
2772 8601.74
2773 8601.74
2774 8601.75
2775 8601.76
2776 8601.76
2777 8601.77
2778 8601.78
2779 8601.79
2780 8601.79
2781 8601.8
2782 8601.81
2783 8601.81
2784 8601.82
2785 8601.83
2786 8601.83
2787 8601.84
2788 8601.85
2789 8601.85
2790 8601.86
2791 8601.87
2792 8601.87
2793 8601.88
2794 8601.89
2795 8601.89
2796 8601.9
2797 8601.91
2798 8601.91
2799 8601.92
2800 8601.93
2801 8601.93
2802 8601.94
2803 8601.95
2804 8601.95
2805 8601.96
2806 8601.97
2807 8601.97
2808 8601.98
2809 8601.99
2810 8601.99
2811 8602
2812 8602.01
2813 8602.01
2814 8602.02
2815 8602.03
2816 8602.03
2817 8602.04
2818 8602.04
2819 8602.05
2820 8602.06
2821 8602.06
2822 8602.07
2823 8602.08
2824 8602.08
2825 8602.09
2826 8602.09
2827 8602.1
2828 8602.11
2829 8602.11
2830 8602.12
2831 8602.13
2832 8602.13
2833 8602.14
2834 8602.14
2835 8602.15
2836 8602.16
2837 8602.16
2838 8602.17
2839 8602.17
2840 8602.18
2841 8602.19
2842 8602.19
2843 8602.2
2844 8602.21
2845 8602.21
2846 8602.22
2847 8602.22
2848 8602.23
2849 8602.23
2850 8602.24
2851 8602.25
2852 8602.25
2853 8602.26
2854 8602.26
2855 8602.27
2856 8602.28
2857 8602.28
2858 8602.29
2859 8602.29
2860 8602.3
2861 8602.31
2862 8602.31
2863 8602.32
2864 8602.32
2865 8602.33
2866 8602.33
2867 8602.34
2868 8602.35
2869 8602.35
2870 8602.36
2871 8602.36
2872 8602.37
2873 8602.37
2874 8602.38
2875 8602.39
2876 8602.39
2877 8602.4
2878 8602.4
2879 8602.41
2880 8602.41
2881 8602.42
2882 8602.42
2883 8602.43
2884 8602.44
2885 8602.44
2886 8602.45
2887 8602.45
2888 8602.46
2889 8602.46
2890 8602.47
2891 8602.47
2892 8602.48
2893 8602.48
2894 8602.49
2895 8602.5
2896 8602.5
2897 8602.51
2898 8602.51
2899 8602.52
2900 8602.52
2901 8602.53
2902 8602.53
2903 8602.54
2904 8602.54
2905 8602.55
2906 8602.55
2907 8602.56
2908 8602.56
2909 8602.57
2910 8602.58
2911 8602.58
2912 8602.59
2913 8602.59
2914 8602.6
2915 8602.6
2916 8602.61
2917 8602.61
2918 8602.62
2919 8602.62
2920 8602.63
2921 8602.63
2922 8602.64
2923 8602.64
2924 8602.65
2925 8602.65
2926 8602.66
2927 8602.66
2928 8602.67
2929 8602.67
2930 8602.68
2931 8602.68
2932 8602.69
2933 8602.69
2934 8602.7
2935 8602.7
2936 8602.71
2937 8602.71
2938 8602.72
2939 8602.72
2940 8602.73
2941 8602.73
2942 8602.74
2943 8602.74
2944 8602.75
2945 8602.75
2946 8602.76
2947 8602.76
2948 8602.77
2949 8602.77
2950 8602.78
2951 8602.78
2952 8602.78
2953 8602.79
2954 8602.79
2955 8602.8
2956 8602.8
2957 8602.81
2958 8602.81
2959 8602.82
2960 8602.82
2961 8602.83
2962 8602.83
2963 8602.84
2964 8602.84
2965 8602.85
2966 8602.85
2967 8602.86
2968 8602.86
2969 8602.86
2970 8602.87
2971 8602.87
2972 8602.88
2973 8602.88
2974 8602.89
2975 8602.89
2976 8602.9
2977 8602.9
2978 8602.91
2979 8602.91
2980 8602.91
2981 8602.92
2982 8602.92
2983 8602.93
2984 8602.93
2985 8602.94
2986 8602.94
2987 8602.95
2988 8602.95
2989 8602.95
2990 8602.96
2991 8602.96
2992 8602.97
2993 8602.97
2994 8602.98
2995 8602.98
2996 8602.98
2997 8602.99
2998 8602.99
2999 8603
3000 8603
3001 8603.01
3002 8603.01
3003 8603.01
3004 8603.02
3005 8603.02
3006 8603.03
3007 8603.03
3008 8603.04
3009 8603.04
3010 8603.04
3011 8603.05
3012 8603.05
3013 8603.06
3014 8603.06
3015 8603.07
3016 8603.07
3017 8603.07
3018 8603.08
3019 8603.08
3020 8603.09
3021 8603.09
3022 8603.09
3023 8603.1
3024 8603.1
3025 8603.11
3026 8603.11
3027 8603.11
3028 8603.12
3029 8603.12
3030 8603.13
3031 8603.13
3032 8603.13
3033 8603.14
3034 8603.14
3035 8603.15
3036 8603.15
3037 8603.15
3038 8603.16
3039 8603.16
3040 8603.17
3041 8603.17
3042 8603.17
3043 8603.18
3044 8603.18
3045 8603.19
3046 8603.19
3047 8603.19
3048 8603.2
3049 8603.2
3050 8603.21
3051 8603.21
3052 8603.21
3053 8603.22
3054 8603.22
3055 8603.22
3056 8603.23
3057 8603.23
3058 8603.24
3059 8603.24
3060 8603.24
3061 8603.25
3062 8603.25
3063 8603.25
3064 8603.26
3065 8603.26
3066 8603.27
3067 8603.27
3068 8603.27
3069 8603.28
3070 8603.28
3071 8603.28
3072 8603.29
3073 8603.29
3074 8603.3
3075 8603.3
3076 8603.3
3077 8603.31
3078 8603.31
3079 8603.31
3080 8603.32
3081 8603.32
3082 8603.32
3083 8603.33
3084 8603.33
3085 8603.34
3086 8603.34
3087 8603.34
3088 8603.35
3089 8603.35
3090 8603.35
3091 8603.36
3092 8603.36
3093 8603.36
3094 8603.37
3095 8603.37
3096 8603.37
3097 8603.38
3098 8603.38
3099 8603.38
3100 8603.39
3101 8603.39
3102 8603.39
3103 8603.4
3104 8603.4
3105 8603.41
3106 8603.41
3107 8603.41
3108 8603.42
3109 8603.42
3110 8603.42
3111 8603.43
3112 8603.43
3113 8603.43
3114 8603.44
3115 8603.44
3116 8603.44
3117 8603.45
3118 8603.45
3119 8603.45
3120 8603.46
3121 8603.46
3122 8603.46
3123 8603.47
3124 8603.47
3125 8603.47
3126 8603.48
3127 8603.48
3128 8603.48
3129 8603.49
3130 8603.49
3131 8603.49
3132 8603.49
3133 8603.5
3134 8603.5
3135 8603.5
3136 8603.51
3137 8603.51
3138 8603.51
3139 8603.52
3140 8603.52
3141 8603.52
3142 8603.53
3143 8603.53
3144 8603.53
3145 8603.54
3146 8603.54
3147 8603.54
3148 8603.55
3149 8603.55
3150 8603.55
3151 8603.55
3152 8603.56
3153 8603.56
3154 8603.56
3155 8603.57
3156 8603.57
3157 8603.57
3158 8603.58
3159 8603.58
3160 8603.58
3161 8603.59
3162 8603.59
3163 8603.59
3164 8603.59
3165 8603.6
3166 8603.6
3167 8603.6
3168 8603.61
3169 8603.61
3170 8603.61
3171 8603.62
3172 8603.62
3173 8603.62
3174 8603.62
3175 8603.63
3176 8603.63
3177 8603.63
3178 8603.64
3179 8603.64
3180 8603.64
3181 8603.64
3182 8603.65
3183 8603.65
3184 8603.65
3185 8603.66
3186 8603.66
3187 8603.66
3188 8603.66
3189 8603.67
3190 8603.67
3191 8603.67
3192 8603.68
3193 8603.68
3194 8603.68
3195 8603.68
3196 8603.69
3197 8603.69
3198 8603.69
3199 8603.7
3200 8603.7
3201 8603.7
3202 8603.7
3203 8603.71
3204 8603.71
3205 8603.71
3206 8603.71
3207 8603.72
3208 8603.72
3209 8603.72
3210 8603.73
3211 8603.73
3212 8603.73
3213 8603.73
3214 8603.74
3215 8603.74
3216 8603.74
3217 8603.74
3218 8603.75
3219 8603.75
3220 8603.75
3221 8603.75
3222 8603.76
3223 8603.76
3224 8603.76
3225 8603.77
3226 8603.77
3227 8603.77
3228 8603.77
3229 8603.78
3230 8603.78
3231 8603.78
3232 8603.78
3233 8603.79
3234 8603.79
3235 8603.79
3236 8603.79
3237 8603.8
3238 8603.8
3239 8603.8
3240 8603.8
3241 8603.81
3242 8603.81
3243 8603.81
3244 8603.81
3245 8603.82
3246 8603.82
3247 8603.82
3248 8603.82
3249 8603.83
3250 8603.83
3251 8603.83
3252 8603.83
3253 8603.84
3254 8603.84
3255 8603.84
3256 8603.84
3257 8603.85
3258 8603.85
3259 8603.85
3260 8603.85
3261 8603.86
3262 8603.86
3263 8603.86
3264 8603.86
3265 8603.87
3266 8603.87
3267 8603.87
3268 8603.87
3269 8603.88
3270 8603.88
3271 8603.88
3272 8603.88
3273 8603.88
3274 8603.89
3275 8603.89
3276 8603.89
3277 8603.89
3278 8603.9
3279 8603.9
3280 8603.9
3281 8603.9
3282 8603.91
3283 8603.91
3284 8603.91
3285 8603.91
3286 8603.92
3287 8603.92
3288 8603.92
3289 8603.92
3290 8603.92
3291 8603.93
3292 8603.93
3293 8603.93
3294 8603.93
3295 8603.94
3296 8603.94
3297 8603.94
3298 8603.94
3299 8603.94
3300 8603.95
3301 8603.95
3302 8603.95
3303 8603.95
3304 8603.96
3305 8603.96
3306 8603.96
3307 8603.96
3308 8603.96
3309 8603.97
3310 8603.97
3311 8603.97
3312 8603.97
3313 8603.98
3314 8603.98
3315 8603.98
3316 8603.98
3317 8603.98
3318 8603.99
3319 8603.99
3320 8603.99
3321 8603.99
3322 8603.99
3323 8604
3324 8604
3325 8604
3326 8604
3327 8604
3328 8604.01
3329 8604.01
3330 8604.01
3331 8604.01
3332 8604.02
3333 8604.02
3334 8604.02
3335 8604.02
3336 8604.02
3337 8604.03
3338 8604.03
3339 8604.03
3340 8604.03
3341 8604.03
3342 8604.04
3343 8604.04
3344 8604.04
3345 8604.04
3346 8604.04
3347 8604.05
3348 8604.05
3349 8604.05
3350 8604.05
3351 8604.05
3352 8604.06
3353 8604.06
3354 8604.06
3355 8604.06
3356 8604.06
3357 8604.07
3358 8604.07
3359 8604.07
3360 8604.07
3361 8604.07
3362 8604.08
3363 8604.08
3364 8604.08
3365 8604.08
3366 8604.08
3367 8604.09
3368 8604.09
3369 8604.09
3370 8604.09
3371 8604.09
3372 8604.09
3373 8604.1
3374 8604.1
3375 8604.1
3376 8604.1
3377 8604.1
3378 8604.11
3379 8604.11
3380 8604.11
3381 8604.11
3382 8604.11
3383 8604.12
3384 8604.12
3385 8604.12
3386 8604.12
3387 8604.12
3388 8604.12
3389 8604.13
3390 8604.13
3391 8604.13
3392 8604.13
3393 8604.13
3394 8604.14
3395 8604.14
3396 8604.14
3397 8604.14
3398 8604.14
3399 8604.14
3400 8604.15
3401 8604.15
3402 8604.15
3403 8604.15
3404 8604.15
3405 8604.15
3406 8604.16
3407 8604.16
3408 8604.16
3409 8604.16
3410 8604.16
3411 8604.17
3412 8604.17
3413 8604.17
3414 8604.17
3415 8604.17
3416 8604.17
3417 8604.18
3418 8604.18
3419 8604.18
3420 8604.18
3421 8604.18
3422 8604.18
3423 8604.19
3424 8604.19
3425 8604.19
3426 8604.19
3427 8604.19
3428 8604.19
3429 8604.2
3430 8604.2
3431 8604.2
3432 8604.2
3433 8604.2
3434 8604.2
3435 8604.21
3436 8604.21
3437 8604.21
3438 8604.21
3439 8604.21
3440 8604.21
3441 8604.22
3442 8604.22
3443 8604.22
3444 8604.22
3445 8604.22
3446 8604.22
3447 8604.23
3448 8604.23
3449 8604.23
3450 8604.23
3451 8604.23
3452 8604.23
3453 8604.23
3454 8604.24
3455 8604.24
3456 8604.24
3457 8604.24
3458 8604.24
3459 8604.24
3460 8604.25
3461 8604.25
3462 8604.25
3463 8604.25
3464 8604.25
3465 8604.25
3466 8604.26
3467 8604.26
3468 8604.26
3469 8604.26
3470 8604.26
3471 8604.26
3472 8604.26
3473 8604.27
3474 8604.27
3475 8604.27
3476 8604.27
3477 8604.27
3478 8604.27
3479 8604.27
3480 8604.28
3481 8604.28
3482 8604.28
3483 8604.28
3484 8604.28
3485 8604.28
3486 8604.29
3487 8604.29
3488 8604.29
3489 8604.29
3490 8604.29
3491 8604.29
3492 8604.29
3493 8604.3
3494 8604.3
3495 8604.3
3496 8604.3
3497 8604.3
3498 8604.3
3499 8604.3
3500 8604.31
3501 8604.31
3502 8604.31
3503 8604.31
3504 8604.31
3505 8604.31
3506 8604.31
3507 8604.32
3508 8604.32
3509 8604.32
3510 8604.32
3511 8604.32
3512 8604.32
3513 8604.32
3514 8604.33
3515 8604.33
3516 8604.33
3517 8604.33
3518 8604.33
3519 8604.33
3520 8604.33
3521 8604.33
3522 8604.34
3523 8604.34
3524 8604.34
3525 8604.34
3526 8604.34
3527 8604.34
3528 8604.34
3529 8604.35
3530 8604.35
3531 8604.35
3532 8604.35
3533 8604.35
3534 8604.35
3535 8604.35
3536 8604.35
3537 8604.36
3538 8604.36
3539 8604.36
3540 8604.36
3541 8604.36
3542 8604.36
3543 8604.36
3544 8604.37
3545 8604.37
3546 8604.37
3547 8604.37
3548 8604.37
3549 8604.37
3550 8604.37
3551 8604.37
3552 8604.38
3553 8604.38
3554 8604.38
3555 8604.38
3556 8604.38
3557 8604.38
3558 8604.38
3559 8604.38
3560 8604.39
3561 8604.39
3562 8604.39
3563 8604.39
3564 8604.39
3565 8604.39
3566 8604.39
3567 8604.39
3568 8604.4
3569 8604.4
3570 8604.4
3571 8604.4
3572 8604.4
3573 8604.4
3574 8604.4
3575 8604.4
3576 8604.41
3577 8604.41
3578 8604.41
3579 8604.41
3580 8604.41
3581 8604.41
3582 8604.41
3583 8604.41
3584 8604.41
3585 8604.42
3586 8604.42
3587 8604.42
3588 8604.42
3589 8604.42
3590 8604.42
3591 8604.42
3592 8604.42
3593 8604.43
3594 8604.43
3595 8604.43
3596 8604.43
3597 8604.43
3598 8604.43
3599 8604.43
3600 8604.43
3601 8604.43
3602 8604.44
3603 8604.44
3604 8604.44
3605 8604.44
3606 8604.44
3607 8604.44
3608 8604.44
3609 8604.44
3610 8604.44
3611 8604.45
3612 8604.45
3613 8604.45
3614 8604.45
3615 8604.45
3616 8604.45
3617 8604.45
3618 8604.45
3619 8604.45
3620 8604.46
3621 8604.46
3622 8604.46
3623 8604.46
3624 8604.46
3625 8604.46
3626 8604.46
3627 8604.46
3628 8604.46
3629 8604.47
3630 8604.47
3631 8604.47
3632 8604.47
3633 8604.47
3634 8604.47
3635 8604.47
3636 8604.47
3637 8604.47
3638 8604.47
3639 8604.48
3640 8604.48
3641 8604.48
3642 8604.48
3643 8604.48
3644 8604.48
3645 8604.48
3646 8604.48
3647 8604.48
3648 8604.49
3649 8604.49
3650 8604.49
3651 8604.49
3652 8604.49
3653 8604.49
3654 8604.49
3655 8604.49
3656 8604.49
3657 8604.49
3658 8604.5
3659 8604.5
3660 8604.5
3661 8604.5
3662 8604.5
3663 8604.5
3664 8604.5
3665 8604.5
3666 8604.5
3667 8604.5
3668 8604.51
3669 8604.51
3670 8604.51
3671 8604.51
3672 8604.51
3673 8604.51
3674 8604.51
3675 8604.51
3676 8604.51
3677 8604.51
3678 8604.51
3679 8604.52
3680 8604.52
3681 8604.52
3682 8604.52
3683 8604.52
3684 8604.52
3685 8604.52
3686 8604.52
3687 8604.52
3688 8604.52
3689 8604.53
3690 8604.53
3691 8604.53
3692 8604.53
3693 8604.53
3694 8604.53
3695 8604.53
3696 8604.53
3697 8604.53
3698 8604.53
3699 8604.53
3700 8604.54
3701 8604.54
3702 8604.54
3703 8604.54
3704 8604.54
3705 8604.54
3706 8604.54
3707 8604.54
3708 8604.54
3709 8604.54
3710 8604.54
3711 8604.55
3712 8604.55
3713 8604.55
3714 8604.55
3715 8604.55
3716 8604.55
3717 8604.55
3718 8604.55
3719 8604.55
3720 8604.55
3721 8604.55
3722 8604.55
3723 8604.56
3724 8604.56
3725 8604.56
3726 8604.56
3727 8604.56
3728 8604.56
3729 8604.56
3730 8604.56
3731 8604.56
3732 8604.56
3733 8604.56
3734 8604.57
3735 8604.57
3736 8604.57
3737 8604.57
3738 8604.57
3739 8604.57
3740 8604.57
3741 8604.57
3742 8604.57
3743 8604.57
3744 8604.57
3745 8604.57
3746 8604.58
3747 8604.58
3748 8604.58
3749 8604.58
3750 8604.58
3751 8604.58
3752 8604.58
3753 8604.58
3754 8604.58
3755 8604.58
3756 8604.58
3757 8604.58
3758 8604.58
3759 8604.59
3760 8604.59
3761 8604.59
3762 8604.59
3763 8604.59
3764 8604.59
3765 8604.59
3766 8604.59
3767 8604.59
3768 8604.59
3769 8604.59
3770 8604.59
3771 8604.6
3772 8604.6
3773 8604.6
3774 8604.6
3775 8604.6
3776 8604.6
3777 8604.6
3778 8604.6
3779 8604.6
3780 8604.6
3781 8604.6
3782 8604.6
3783 8604.6
3784 8604.61
3785 8604.61
3786 8604.61
3787 8604.61
3788 8604.61
3789 8604.61
3790 8604.61
3791 8604.61
3792 8604.61
3793 8604.61
3794 8604.61
3795 8604.61
3796 8604.61
3797 8604.61
3798 8604.62
3799 8604.62
3800 8604.62
3801 8604.62
3802 8604.62
3803 8604.62
3804 8604.62
3805 8604.62
3806 8604.62
3807 8604.62
3808 8604.62
3809 8604.62
3810 8604.62
3811 8604.62
3812 8604.63
3813 8604.63
3814 8604.63
3815 8604.63
3816 8604.63
3817 8604.63
3818 8604.63
3819 8604.63
3820 8604.63
3821 8604.63
3822 8604.63
3823 8604.63
3824 8604.63
3825 8604.63
3826 8604.64
3827 8604.64
3828 8604.64
3829 8604.64
3830 8604.64
3831 8604.64
3832 8604.64
3833 8604.64
3834 8604.64
3835 8604.64
3836 8604.64
3837 8604.64
3838 8604.64
3839 8604.64
3840 8604.64
3841 8604.65
3842 8604.65
3843 8604.65
3844 8604.65
3845 8604.65
3846 8604.65
3847 8604.65
3848 8604.65
3849 8604.65
3850 8604.65
3851 8604.65
3852 8604.65
3853 8604.65
3854 8604.65
3855 8604.65
3856 8604.66
3857 8604.66
3858 8604.66
3859 8604.66
3860 8604.66
3861 8604.66
3862 8604.66
3863 8604.66
3864 8604.66
3865 8604.66
3866 8604.66
3867 8604.66
3868 8604.66
3869 8604.66
3870 8604.66
3871 8604.66
3872 8604.67
3873 8604.67
3874 8604.67
3875 8604.67
3876 8604.67
3877 8604.67
3878 8604.67
3879 8604.67
3880 8604.67
3881 8604.67
3882 8604.67
3883 8604.67
3884 8604.67
3885 8604.67
3886 8604.67
3887 8604.67
3888 8604.68
3889 8604.68
3890 8604.68
3891 8604.68
3892 8604.68
3893 8604.68
3894 8604.68
3895 8604.68
3896 8604.68
3897 8604.68
3898 8604.68
3899 8604.68
3900 8604.68
3901 8604.68
3902 8604.68
3903 8604.68
3904 8604.68
3905 8604.69
3906 8604.69
3907 8604.69
3908 8604.69
3909 8604.69
3910 8604.69
3911 8604.69
3912 8604.69
3913 8604.69
3914 8604.69
3915 8604.69
3916 8604.69
3917 8604.69
3918 8604.69
3919 8604.69
3920 8604.69
3921 8604.69
3922 8604.69
3923 8604.7
3924 8604.7
3925 8604.7
3926 8604.7
3927 8604.7
3928 8604.7
3929 8604.7
3930 8604.7
3931 8604.7
3932 8604.7
3933 8604.7
3934 8604.7
3935 8604.7
3936 8604.7
3937 8604.7
3938 8604.7
3939 8604.7
3940 8604.7
3941 8604.7
3942 8604.71
3943 8604.71
3944 8604.71
3945 8604.71
3946 8604.71
3947 8604.71
3948 8604.71
3949 8604.71
3950 8604.71
3951 8604.71
3952 8604.71
3953 8604.71
3954 8604.71
3955 8604.71
3956 8604.71
3957 8604.71
3958 8604.71
3959 8604.71
3960 8604.71
3961 8604.72
3962 8604.72
3963 8604.72
3964 8604.72
3965 8604.72
3966 8604.72
3967 8604.72
3968 8604.72
3969 8604.72
3970 8604.72
3971 8604.72
3972 8604.72
3973 8604.72
3974 8604.72
3975 8604.72
3976 8604.72
3977 8604.72
3978 8604.72
3979 8604.72
3980 8604.72
3981 8604.73
3982 8604.73
3983 8604.73
3984 8604.73
3985 8604.73
3986 8604.73
3987 8604.73
3988 8604.73
3989 8604.73
3990 8604.73
3991 8604.73
3992 8604.73
3993 8604.73
3994 8604.73
3995 8604.73
3996 8604.73
3997 8604.73
3998 8604.73
3999 8604.73
4000 8604.73
4001 8604.73
4002 8604.74
4003 8604.74
4004 8604.74
4005 8604.74
4006 8604.74
4007 8604.74
4008 8604.74
4009 8604.74
4010 8604.74
4011 8604.74
4012 8604.74
4013 8604.74
4014 8604.74
4015 8604.74
4016 8604.74
4017 8604.74
4018 8604.74
4019 8604.74
4020 8604.74
4021 8604.74
4022 8604.74
4023 8604.74
4024 8604.75
4025 8604.75
4026 8604.75
4027 8604.75
4028 8604.75
4029 8604.75
4030 8604.75
4031 8604.75
4032 8604.75
4033 8604.75
4034 8604.75
4035 8604.75
4036 8604.75
4037 8604.75
4038 8604.75
4039 8604.75
4040 8604.75
4041 8604.75
4042 8604.75
4043 8604.75
4044 8604.75
4045 8604.75
4046 8604.75
4047 8604.76
4048 8604.76
4049 8604.76
4050 8604.76
4051 8604.76
4052 8604.76
4053 8604.76
4054 8604.76
4055 8604.76
4056 8604.76
4057 8604.76
4058 8604.76
4059 8604.76
4060 8604.76
4061 8604.76
4062 8604.76
4063 8604.76
4064 8604.76
4065 8604.76
4066 8604.76
4067 8604.76
4068 8604.76
4069 8604.76
4070 8604.76
4071 8604.76
4072 8604.77
4073 8604.77
4074 8604.77
4075 8604.77
4076 8604.77
4077 8604.77
4078 8604.77
4079 8604.77
4080 8604.77
4081 8604.77
4082 8604.77
4083 8604.77
4084 8604.77
4085 8604.77
4086 8604.77
4087 8604.77
4088 8604.77
4089 8604.77
4090 8604.77
4091 8604.77
4092 8604.77
4093 8604.77
4094 8604.77
4095 8604.77
4096 8604.77
4097 8604.77
4098 8604.78
4099 8604.78
4100 8604.78
4101 8604.78
4102 8604.78
4103 8604.78
4104 8604.78
4105 8604.78
4106 8604.78
4107 8604.78
4108 8604.78
4109 8604.78
4110 8604.78
4111 8604.78
4112 8604.78
4113 8604.78
4114 8604.78
4115 8604.78
4116 8604.78
4117 8604.78
4118 8604.78
4119 8604.78
4120 8604.78
4121 8604.78
4122 8604.78
4123 8604.78
4124 8604.78
4125 8604.78
4126 8604.79
4127 8604.79
4128 8604.79
4129 8604.79
4130 8604.79
4131 8604.79
4132 8604.79
4133 8604.79
4134 8604.79
4135 8604.79
4136 8604.79
4137 8604.79
4138 8604.79
4139 8604.79
4140 8604.79
4141 8604.79
4142 8604.79
4143 8604.79
4144 8604.79
4145 8604.79
4146 8604.79
4147 8604.79
4148 8604.79
4149 8604.79
4150 8604.79
4151 8604.79
4152 8604.79
4153 8604.79
4154 8604.79
4155 8604.8
4156 8604.8
4157 8604.8
4158 8604.8
4159 8604.8
4160 8604.8
4161 8604.8
4162 8604.8
4163 8604.8
4164 8604.8
4165 8604.8
4166 8604.8
4167 8604.8
4168 8604.8
4169 8604.8
4170 8604.8
4171 8604.8
4172 8604.8
4173 8604.8
4174 8604.8
4175 8604.8
4176 8604.8
4177 8604.8
4178 8604.8
4179 8604.8
4180 8604.8
4181 8604.8
4182 8604.8
4183 8604.8
4184 8604.8
4185 8604.8
4186 8604.8
4187 8604.81
4188 8604.81
4189 8604.81
4190 8604.81
4191 8604.81
4192 8604.81
4193 8604.81
4194 8604.81
4195 8604.81
4196 8604.81
4197 8604.81
4198 8604.81
4199 8604.81
4200 8604.81
4201 8604.81
4202 8604.81
4203 8604.81
4204 8604.81
4205 8604.81
4206 8604.81
4207 8604.81
4208 8604.81
4209 8604.81
4210 8604.81
4211 8604.81
4212 8604.81
4213 8604.81
4214 8604.81
4215 8604.81
4216 8604.81
4217 8604.81
4218 8604.81
4219 8604.81
4220 8604.81
4221 8604.82
4222 8604.82
4223 8604.82
4224 8604.82
4225 8604.82
4226 8604.82
4227 8604.82
4228 8604.82
4229 8604.82
4230 8604.82
4231 8604.82
4232 8604.82
4233 8604.82
4234 8604.82
4235 8604.82
4236 8604.82
4237 8604.82
4238 8604.82
4239 8604.82
4240 8604.82
4241 8604.82
4242 8604.82
4243 8604.82
4244 8604.82
4245 8604.82
4246 8604.82
4247 8604.82
4248 8604.82
4249 8604.82
4250 8604.82
4251 8604.82
4252 8604.82
4253 8604.82
4254 8604.82
4255 8604.82
4256 8604.82
4257 8604.83
4258 8604.83
4259 8604.83
4260 8604.83
4261 8604.83
4262 8604.83
4263 8604.83
4264 8604.83
4265 8604.83
4266 8604.83
4267 8604.83
4268 8604.83
4269 8604.83
4270 8604.83
4271 8604.83
4272 8604.83
4273 8604.83
4274 8604.83
4275 8604.83
4276 8604.83
4277 8604.83
4278 8604.83
4279 8604.83
4280 8604.83
4281 8604.83
4282 8604.83
4283 8604.83
4284 8604.83
4285 8604.83
4286 8604.83
4287 8604.83
4288 8604.83
4289 8604.83
4290 8604.83
4291 8604.83
4292 8604.83
4293 8604.83
4294 8604.83
4295 8604.83
4296 8604.83
4297 8604.84
4298 8604.84
4299 8604.84
4300 8604.84
4301 8604.84
4302 8604.84
4303 8604.84
4304 8604.84
4305 8604.84
4306 8604.84
4307 8604.84
4308 8604.84
4309 8604.84
4310 8604.84
4311 8604.84
4312 8604.84
4313 8604.84
4314 8604.84
4315 8604.84
4316 8604.84
4317 8604.84
4318 8604.84
4319 8604.84
4320 8604.84
4321 8604.84
4322 8604.84
4323 8604.84
4324 8604.84
4325 8604.84
4326 8604.84
4327 8604.84
4328 8604.84
4329 8604.84
4330 8604.84
4331 8604.84
4332 8604.84
4333 8604.84
4334 8604.84
4335 8604.84
4336 8604.84
4337 8604.84
4338 8604.84
4339 8604.84
4340 8604.84
4341 8604.85
4342 8604.85
4343 8604.85
4344 8604.85
4345 8604.85
4346 8604.85
4347 8604.85
4348 8604.85
4349 8604.85
4350 8604.85
4351 8604.85
4352 8604.85
4353 8604.85
4354 8604.85
4355 8604.85
4356 8604.85
4357 8604.85
4358 8604.85
4359 8604.85
4360 8604.85
4361 8604.85
4362 8604.85
4363 8604.85
4364 8604.85
4365 8604.85
4366 8604.85
4367 8604.85
4368 8604.85
4369 8604.85
4370 8604.85
4371 8604.85
4372 8604.85
4373 8604.85
4374 8604.85
4375 8604.85
4376 8604.85
4377 8604.85
4378 8604.85
4379 8604.85
4380 8604.85
4381 8604.85
4382 8604.85
4383 8604.85
4384 8604.85
4385 8604.85
4386 8604.85
4387 8604.85
4388 8604.85
4389 8604.85
4390 8604.86
4391 8604.86
4392 8604.86
4393 8604.86
4394 8604.86
4395 8604.86
4396 8604.86
4397 8604.86
4398 8604.86
4399 8604.86
4400 8604.86
4401 8604.86
4402 8604.86
4403 8604.86
4404 8604.86
4405 8604.86
4406 8604.86
4407 8604.86
4408 8604.86
4409 8604.86
4410 8604.86
4411 8604.86
4412 8604.86
4413 8604.86
4414 8604.86
4415 8604.86
4416 8604.86
4417 8604.86
4418 8604.86
4419 8604.86
4420 8604.86
4421 8604.86
4422 8604.86
4423 8604.86
4424 8604.86
4425 8604.86
4426 8604.86
4427 8604.86
4428 8604.86
4429 8604.86
4430 8604.86
4431 8604.86
4432 8604.86
4433 8604.86
4434 8604.86
4435 8604.86
4436 8604.86
4437 8604.86
4438 8604.86
4439 8604.86
4440 8604.86
4441 8604.86
4442 8604.86
4443 8604.86
4444 8604.86
4445 8604.87
4446 8604.87
4447 8604.87
4448 8604.87
4449 8604.87
4450 8604.87
4451 8604.87
4452 8604.87
4453 8604.87
4454 8604.87
4455 8604.87
4456 8604.87
4457 8604.87
4458 8604.87
4459 8604.87
4460 8604.87
4461 8604.87
4462 8604.87
4463 8604.87
4464 8604.87
4465 8604.87
4466 8604.87
4467 8604.87
4468 8604.87
4469 8604.87
4470 8604.87
4471 8604.87
4472 8604.87
4473 8604.87
4474 8604.87
4475 8604.87
4476 8604.87
4477 8604.87
4478 8604.87
4479 8604.87
4480 8604.87
4481 8604.87
4482 8604.87
4483 8604.87
4484 8604.87
4485 8604.87
4486 8604.87
4487 8604.87
4488 8604.87
4489 8604.87
4490 8604.87
4491 8604.87
4492 8604.87
4493 8604.87
4494 8604.87
4495 8604.87
4496 8604.87
4497 8604.87
4498 8604.87
4499 8604.87
4500 8604.87
4501 8604.87
4502 8604.87
4503 8604.87
4504 8604.87
4505 8604.87
4506 8604.87
4507 8604.87
4508 8604.88
4509 8604.88
4510 8604.88
4511 8604.88
4512 8604.88
4513 8604.88
4514 8604.88
4515 8604.88
4516 8604.88
4517 8604.88
4518 8604.88
4519 8604.88
4520 8604.88
4521 8604.88
4522 8604.88
4523 8604.88
4524 8604.88
4525 8604.88
4526 8604.88
4527 8604.88
4528 8604.88
4529 8604.88
4530 8604.88
4531 8604.88
4532 8604.88
4533 8604.88
4534 8604.88
4535 8604.88
4536 8604.88
4537 8604.88
4538 8604.88
4539 8604.88
4540 8604.88
4541 8604.88
4542 8604.88
4543 8604.88
4544 8604.88
4545 8604.88
4546 8604.88
4547 8604.88
4548 8604.88
4549 8604.88
4550 8604.88
4551 8604.88
4552 8604.88
4553 8604.88
4554 8604.88
4555 8604.88
4556 8604.88
4557 8604.88
4558 8604.88
4559 8604.88
4560 8604.88
4561 8604.88
4562 8604.88
4563 8604.88
4564 8604.88
4565 8604.88
4566 8604.88
4567 8604.88
4568 8604.88
4569 8604.88
4570 8604.88
4571 8604.88
4572 8604.88
4573 8604.88
4574 8604.88
4575 8604.88
4576 8604.88
4577 8604.88
4578 8604.88
4579 8604.88
4580 8604.88
4581 8604.89
4582 8604.89
4583 8604.89
4584 8604.89
4585 8604.89
4586 8604.89
4587 8604.89
4588 8604.89
4589 8604.89
4590 8604.89
4591 8604.89
4592 8604.89
4593 8604.89
4594 8604.89
4595 8604.89
4596 8604.89
4597 8604.89
4598 8604.89
4599 8604.89
4600 8604.89
4601 8604.89
4602 8604.89
4603 8604.89
4604 8604.89
4605 8604.89
4606 8604.89
4607 8604.89
4608 8604.89
4609 8604.89
4610 8604.89
4611 8604.89
4612 8604.89
4613 8604.89
4614 8604.89
4615 8604.89
4616 8604.89
4617 8604.89
4618 8604.89
4619 8604.89
4620 8604.89
4621 8604.89
4622 8604.89
4623 8604.89
4624 8604.89
4625 8604.89
4626 8604.89
4627 8604.89
4628 8604.89
4629 8604.89
4630 8604.89
4631 8604.89
4632 8604.89
4633 8604.89
4634 8604.89
4635 8604.89
4636 8604.89
4637 8604.89
4638 8604.89
4639 8604.89
4640 8604.89
4641 8604.89
4642 8604.89
4643 8604.89
4644 8604.89
4645 8604.89
4646 8604.89
4647 8604.89
4648 8604.89
4649 8604.89
4650 8604.89
4651 8604.89
4652 8604.89
4653 8604.89
4654 8604.89
4655 8604.89
4656 8604.89
4657 8604.89
4658 8604.89
4659 8604.89
4660 8604.89
4661 8604.89
4662 8604.89
4663 8604.89
4664 8604.89
4665 8604.89
4666 8604.89
4667 8604.89
4668 8604.89
4669 8604.9
4670 8604.9
4671 8604.9
4672 8604.9
4673 8604.9
4674 8604.9
4675 8604.9
4676 8604.9
4677 8604.9
4678 8604.9
4679 8604.9
4680 8604.9
4681 8604.9
4682 8604.9
4683 8604.9
4684 8604.9
4685 8604.9
4686 8604.9
4687 8604.9
4688 8604.9
4689 8604.9
4690 8604.9
4691 8604.9
4692 8604.9
4693 8604.9
4694 8604.9
4695 8604.9
4696 8604.9
4697 8604.9
4698 8604.9
4699 8604.9
4700 8604.9
4701 8604.9
4702 8604.9
4703 8604.9
4704 8604.9
4705 8604.9
4706 8604.9
4707 8604.9
4708 8604.9
4709 8604.9
4710 8604.9
4711 8604.9
4712 8604.9
4713 8604.9
4714 8604.9
4715 8604.9
4716 8604.9
4717 8604.9
4718 8604.9
4719 8604.9
4720 8604.9
4721 8604.9
4722 8604.9
4723 8604.9
4724 8604.9
4725 8604.9
4726 8604.9
4727 8604.9
4728 8604.9
4729 8604.9
4730 8604.9
4731 8604.9
4732 8604.9
4733 8604.9
4734 8604.9
4735 8604.9
4736 8604.9
4737 8604.9
4738 8604.9
4739 8604.9
4740 8604.9
4741 8604.9
4742 8604.9
4743 8604.9
4744 8604.9
4745 8604.9
4746 8604.9
4747 8604.9
4748 8604.9
4749 8604.9
4750 8604.9
