0 1.37028
1 0.385495
2 0.254167
3 0.186296
4 0.145846
5 0.118793
6 0.0990117
7 0.0835936
8 0.0710247
9 0.0604622
10 0.051381
11 0.0434412
12 0.0364039
13 0.0300964
14 0.0243887
15 0.019177
16 0.0143826
17 0.00994441
18 0.00581303
19 0.00194859
20 -0.00168197
21 -0.0051061
22 -0.00834693
23 -0.0114241
24 -0.0143542
25 -0.0171518
26 -0.0198293
27 -0.0223975
28 -0.0248659
29 -0.0272428
30 -0.0295356
31 -0.0317506
32 -0.0338936
33 -0.0359698
34 -0.0379838
35 -0.0399397
36 -0.0418411
37 -0.0436915
38 -0.0454938
39 -0.0472509
40 -0.0489652
41 -0.0506391
42 -0.0522746
43 -0.0538737
44 -0.0554381
45 -0.0569696
46 -0.0584695
47 -0.0599394
48 -0.0613804
49 -0.0627938
50 -0.0641808
51 -0.0655422
52 -0.0668791
53 -0.0681924
54 -0.0694829
55 -0.0707514
56 -0.0719986
57 -0.0732251
58 -0.0744317
59 -0.075619
60 -0.0767874
61 -0.0779375
62 -0.0790698
63 -0.0801848
64 -0.081283
65 -0.0823647
66 -0.0834304
67 -0.0844804
68 -0.0855151
69 -0.0865349
70 -0.08754
71 -0.0885309
72 -0.0895078
73 -0.0904709
74 -0.0914206
75 -0.0923572
76 -0.0932809
77 -0.0941918
78 -0.0950904
79 -0.0959768
80 -0.0968512
81 -0.0977138
82 -0.0985649
83 -0.0994047
84 -0.100233
85 -0.101051
86 -0.101858
87 -0.102654
88 -0.10344
89 -0.104215
90 -0.104981
91 -0.105736
92 -0.106482
93 -0.107218
94 -0.107945
95 -0.108662
96 -0.10937
97 -0.110069
98 -0.11076
99 -0.111441
100 -0.112114
101 -0.112778
102 -0.113433
103 -0.114081
104 -0.11472
105 -0.115351
106 -0.115975
107 -0.11659
108 -0.117198
109 -0.117798
110 -0.118391
111 -0.118976
112 -0.119554
113 -0.120124
114 -0.120688
115 -0.121245
116 -0.121794
117 -0.122337
118 -0.122874
119 -0.123403
120 -0.123926
121 -0.124443
122 -0.124953
123 -0.125457
124 -0.125955
125 -0.126446
126 -0.126932
127 -0.127411
128 -0.127885
129 -0.128353
130 -0.128815
131 -0.129272
132 -0.129722
133 -0.130168
134 -0.130608
135 -0.131042
136 -0.131472
137 -0.131896
138 -0.132315
139 -0.132729
140 -0.133137
141 -0.133541
142 -0.13394
143 -0.134334
144 -0.134723
145 -0.135108
146 -0.135488
147 -0.135863
148 -0.136234
149 -0.1366
150 -0.136962
151 -0.137319
152 -0.137673
153 -0.138021
154 -0.138366
155 -0.138707
156 -0.139043
157 -0.139375
158 -0.139703
159 -0.140028
160 -0.140348
161 -0.140665
162 -0.140977
163 -0.141286
164 -0.141592
165 -0.141893
166 -0.142191
167 -0.142486
168 -0.142776
169 -0.143064
170 -0.143347
171 -0.143628
172 -0.143905
173 -0.144179
174 -0.144449
175 -0.144716
176 -0.14498
177 -0.145241
178 -0.145499
179 -0.145753
180 -0.146005
181 -0.146253
182 -0.146499
183 -0.146742
184 -0.146981
185 -0.147218
186 -0.147452
187 -0.147683
188 -0.147912
189 -0.148137
190 -0.14836
191 -0.14858
192 -0.148798
193 -0.149013
194 -0.149225
195 -0.149435
196 -0.149643
197 -0.149848
198 -0.15005
199 -0.15025
200 -0.150448
201 -0.150643
202 -0.150836
203 -0.151026
204 -0.151215
205 -0.151401
206 -0.151584
207 -0.151766
208 -0.151945
209 -0.152123
210 -0.152298
211 -0.152471
212 -0.152642
213 -0.152811
214 -0.152978
215 -0.153143
216 -0.153306
217 -0.153467
218 -0.153626
219 -0.153783
220 -0.153938
221 -0.154092
222 -0.154243
223 -0.154393
224 -0.154541
225 -0.154687
226 -0.154831
227 -0.154974
228 -0.155115
229 -0.155254
230 -0.155392
231 -0.155528
232 -0.155662
233 -0.155795
234 -0.155926
235 -0.156056
236 -0.156184
237 -0.15631
238 -0.156435
239 -0.156559
240 -0.156681
241 -0.156801
242 -0.15692
243 -0.157038
244 -0.157154
245 -0.157269
246 -0.157382
247 -0.157494
248 -0.157605
249 -0.157715
250 -0.157823
251 -0.15793
252 -0.158035
253 -0.158139
254 -0.158242
255 -0.158344
256 -0.158445
257 -0.158544
258 -0.158642
259 -0.158739
260 -0.158835
261 -0.158929
262 -0.159023
263 -0.159115
264 -0.159207
265 -0.159297
266 -0.159386
267 -0.159474
268 -0.159561
269 -0.159647
270 -0.159732
271 -0.159815
272 -0.159898
273 -0.15998
274 -0.160061
275 -0.160141
276 -0.16022
277 -0.160298
278 -0.160375
279 -0.160451
280 -0.160526
281 -0.1606
282 -0.160674
283 -0.160746
284 -0.160818
285 -0.160889
286 -0.160959
287 -0.161028
288 -0.161096
289 -0.161163
290 -0.16123
291 -0.161296
292 -0.161361
293 -0.161425
294 -0.161488
295 -0.161551
296 -0.161613
297 -0.161674
298 -0.161734
299 -0.161794
300 -0.161853
301 -0.161911
302 -0.161969
303 -0.162026
304 -0.162082
305 -0.162137
306 -0.162192
307 -0.162246
308 -0.1623
309 -0.162353
310 -0.162405
311 -0.162456
312 -0.162507
313 -0.162558
314 -0.162607
315 -0.162657
316 -0.162705
317 -0.162753
318 -0.1628
319 -0.162847
320 -0.162893
321 -0.162939
322 -0.162984
323 -0.163029
324 -0.163073
325 -0.163116
326 -0.163159
327 -0.163202
328 -0.163244
329 -0.163285
330 -0.163326
331 -0.163366
332 -0.163406
333 -0.163446
334 -0.163485
335 -0.163523
336 -0.163561
337 -0.163599
338 -0.163636
339 -0.163672
340 -0.163708
341 -0.163744
342 -0.16378
343 -0.163814
344 -0.163849
345 -0.163883
346 -0.163917
347 -0.16395
348 -0.163983
349 -0.164015
350 -0.164047
351 -0.164079
352 -0.16411
353 -0.164141
354 -0.164171
355 -0.164201
356 -0.164231
357 -0.16426
358 -0.164289
359 -0.164318
360 -0.164346
361 -0.164374
362 -0.164402
363 -0.164429
364 -0.164456
365 -0.164483
366 -0.164509
367 -0.164535
368 -0.164561
369 -0.164586
370 -0.164611
371 -0.164636
372 -0.16466
373 -0.164684
374 -0.164708
375 -0.164732
376 -0.164755
377 -0.164778
378 -0.1648
379 -0.164823
380 -0.164845
381 -0.164867
382 -0.164888
383 -0.16491
384 -0.164931
385 -0.164951
386 -0.164972
387 -0.164992
388 -0.165012
389 -0.165032
390 -0.165052
391 -0.165071
392 -0.16509
393 -0.165109
394 -0.165127
395 -0.165146
396 -0.165164
397 -0.165182
398 -0.165199
399 -0.165217
400 -0.165234
401 -0.165251
402 -0.165268
403 -0.165285
404 -0.165301
405 -0.165317
406 -0.165333
407 -0.165349
408 -0.165365
409 -0.16538
410 -0.165395
411 -0.16541
412 -0.165425
413 -0.16544
414 -0.165454
415 -0.165469
416 -0.165483
417 -0.165497
418 -0.165511
419 -0.165524
420 -0.165538
421 -0.165551
422 -0.165564
423 -0.165577
424 -0.16559
425 -0.165602
426 -0.165615
427 -0.165627
428 -0.165639
429 -0.165651
430 -0.165663
431 -0.165675
432 -0.165687
433 -0.165698
434 -0.165709
435 -0.16572
436 -0.165731
437 -0.165742
438 -0.165753
439 -0.165764
440 -0.165774
441 -0.165784
442 -0.165794
443 -0.165805
444 -0.165814
445 -0.165824
446 -0.165834
447 -0.165844
448 -0.165853
449 -0.165862
450 -0.165872
451 -0.165881
452 -0.16589
453 -0.165898
454 -0.165907
455 -0.165916
456 -0.165924
457 -0.165933
458 -0.165941
459 -0.165949
460 -0.165957
461 -0.165965
462 -0.165973
463 -0.165981
464 -0.165989
465 -0.165997
466 -0.166004
467 -0.166011
468 -0.166019
469 -0.166026
470 -0.166033
471 -0.16604
472 -0.166047
473 -0.166054
474 -0.166061
475 -0.166068
476 -0.166074
477 -0.166081
478 -0.166087
479 -0.166093
480 -0.1661
481 -0.166106
482 -0.166112
483 -0.166118
484 -0.166124
485 -0.16613
486 -0.166136
487 -0.166141
488 -0.166147
489 -0.166153
490 -0.166158
491 -0.166164
492 -0.166169
493 -0.166174
494 -0.16618
495 -0.166185
496 -0.16619
497 -0.166195
498 -0.1662
499 -0.166205
500 -0.16621
501 -0.166214
502 -0.166219
503 -0.166224
504 -0.166228
505 -0.166233
506 -0.166237
507 -0.166242
508 -0.166246
509 -0.16625
510 -0.166255
511 -0.166259
512 -0.166263
513 -0.166267
514 -0.166271
515 -0.166275
516 -0.166279
517 -0.166283
518 -0.166287
519 -0.166291
520 -0.166294
521 -0.166298
522 -0.166302
523 -0.166305
524 -0.166309
525 -0.166312
526 -0.166316
527 -0.166319
528 -0.166322
529 -0.166326
530 -0.166329
531 -0.166332
532 -0.166335
533 -0.166338
534 -0.166342
535 -0.166345
536 -0.166348
537 -0.166351
538 -0.166353
539 -0.166356
540 -0.166359
541 -0.166362
542 -0.166365
543 -0.166368
544 -0.16637
545 -0.166373
546 -0.166376
547 -0.166378
548 -0.166381
549 -0.166383
550 -0.166386
551 -0.166388
552 -0.166391
553 -0.166393
554 -0.166395
555 -0.166398
556 -0.1664
557 -0.166402
558 -0.166404
559 -0.166407
560 -0.166409
561 -0.166411
562 -0.166413
563 -0.166415
564 -0.166417
565 -0.166419
566 -0.166421
567 -0.166423
568 -0.166425
569 -0.166427
570 -0.166429
571 -0.166431
572 -0.166433
573 -0.166434
574 -0.166436
575 -0.166438
576 -0.16644
577 -0.166441
578 -0.166443
579 -0.166445
580 -0.166446
581 -0.166448
582 -0.166449
583 -0.166451
584 -0.166453
585 -0.166454
586 -0.166456
587 -0.166457
588 -0.166459
589 -0.16646
590 -0.166461
591 -0.166463
592 -0.166464
593 -0.166466
594 -0.166467
595 -0.166468
596 -0.166469
597 -0.166471
598 -0.166472
599 -0.166473
600 -0.166474
601 -0.166476
602 -0.166477
603 -0.166478
604 -0.166479
605 -0.16648
606 -0.166481
607 -0.166483
608 -0.166484
609 -0.166485
610 -0.166486
611 -0.166487
612 -0.166488
613 -0.166489
614 -0.16649
615 -0.166491
616 -0.166492
617 -0.166493
618 -0.166494
619 -0.166495
620 -0.166495
621 -0.166496
622 -0.166497
623 -0.166498
624 -0.166499
625 -0.1665
626 -0.166501
627 -0.166501
628 -0.166502
629 -0.166503
630 -0.166504
631 -0.166504
632 -0.166505
633 -0.166506
634 -0.166507
635 -0.166507
636 -0.166508
637 -0.166509
638 -0.166509
639 -0.16651
640 -0.166511
641 -0.166511
642 -0.166512
643 -0.166513
644 -0.166513
645 -0.166514
646 -0.166514
647 -0.166515
648 -0.166516
649 -0.166516
650 -0.166517
651 -0.166517
652 -0.166518
653 -0.166518
654 -0.166519
655 -0.166519
656 -0.16652
657 -0.16652
658 -0.166521
659 -0.166521
660 -0.166522
661 -0.166522
662 -0.166523
663 -0.166523
664 -0.166524
665 -0.166524
666 -0.166524
667 -0.166525
668 -0.166525
669 -0.166526
670 -0.166526
671 -0.166526
672 -0.166527
673 -0.166527
674 -0.166527
675 -0.166528
676 -0.166528
677 -0.166528
678 -0.166529
679 -0.166529
680 -0.166529
681 -0.16653
682 -0.16653
683 -0.16653
684 -0.166531
685 -0.166531
686 -0.166531
687 -0.166532
688 -0.166532
689 -0.166532
690 -0.166532
691 -0.166533
692 -0.166533
693 -0.166533
694 -0.166533
695 -0.166533
696 -0.166534
697 -0.166534
698 -0.166534
699 -0.166534
700 -0.166535
701 -0.166535
702 -0.166535
703 -0.166535
704 -0.166535
705 -0.166536
706 -0.166536
707 -0.166536
708 -0.166536
709 -0.166536
710 -0.166536
711 -0.166536
712 -0.166537
713 -0.166537
714 -0.166537
715 -0.166537
716 -0.166537
717 -0.166537
718 -0.166537
719 -0.166538
720 -0.166538
721 -0.166538
722 -0.166538
723 -0.166538
724 -0.166538
725 -0.166538
726 -0.166538
727 -0.166538
728 -0.166539
729 -0.166539
730 -0.166539
731 -0.166539
732 -0.166539
733 -0.166539
734 -0.166539
735 -0.166539
736 -0.166539
737 -0.166539
738 -0.166539
739 -0.166539
740 -0.166539
741 -0.166539
742 -0.166539
743 -0.166539
744 -0.16654
745 -0.16654
746 -0.16654
747 -0.16654
748 -0.16654
749 -0.16654
750 -0.16654
751 -0.16654
752 -0.16654
753 -0.16654
754 -0.16654
755 -0.16654
756 -0.16654
757 -0.16654
758 -0.16654
759 -0.16654
760 -0.16654
761 -0.16654
762 -0.16654
763 -0.16654
764 -0.16654
765 -0.16654
766 -0.16654
767 -0.16654
768 -0.16654
769 -0.16654
770 -0.16654
771 -0.16654
772 -0.16654
773 -0.16654
774 -0.16654
775 -0.16654
776 -0.16654
777 -0.16654
778 -0.16654
779 -0.16654
780 -0.16654
781 -0.16654
782 -0.166539
783 -0.166539
784 -0.166539
785 -0.166539
786 -0.166539
787 -0.166539
788 -0.166539
789 -0.166539
790 -0.166539
791 -0.166539
792 -0.166539
793 -0.166539
794 -0.166539
795 -0.166539
796 -0.166539
797 -0.166539
798 -0.166539
799 -0.166539
800 -0.166539
801 -0.166539
802 -0.166539
803 -0.166538
804 -0.166538
805 -0.166538
806 -0.166538
807 -0.166538
808 -0.166538
809 -0.166538
810 -0.166538
811 -0.166538
812 -0.166538
813 -0.166538
814 -0.166538
815 -0.166538
816 -0.166538
817 -0.166537
818 -0.166537
819 -0.166537
820 -0.166537
821 -0.166537
822 -0.166537
823 -0.166537
824 -0.166537
825 -0.166537
826 -0.166537
827 -0.166537
828 -0.166537
829 -0.166537
830 -0.166536
831 -0.166536
832 -0.166536
833 -0.166536
834 -0.166536
835 -0.166536
836 -0.166536
837 -0.166536
838 -0.166536
839 -0.166536
840 -0.166536
841 -0.166535
842 -0.166535
843 -0.166535
844 -0.166535
845 -0.166535
846 -0.166535
847 -0.166535
848 -0.166535
849 -0.166535
850 -0.166535
851 -0.166534
852 -0.166534
853 -0.166534
854 -0.166534
855 -0.166534
856 -0.166534
857 -0.166534
858 -0.166534
859 -0.166534
860 -0.166534
861 -0.166534
862 -0.166533
863 -0.166533
864 -0.166533
865 -0.166533
866 -0.166533
867 -0.166533
868 -0.166533
869 -0.166533
870 -0.166533
871 -0.166532
872 -0.166532
873 -0.166532
874 -0.166532
875 -0.166532
876 -0.166532
877 -0.166532
878 -0.166532
879 -0.166532
880 -0.166532
881 -0.166531
882 -0.166531
883 -0.166531
884 -0.166531
885 -0.166531
886 -0.166531
887 -0.166531
888 -0.166531
889 -0.166531
890 -0.16653
891 -0.16653
892 -0.16653
893 -0.16653
894 -0.16653
895 -0.16653
896 -0.16653
897 -0.16653
898 -0.16653
899 -0.16653
900 -0.166529
901 -0.166529
902 -0.166529
903 -0.166529
904 -0.166529
905 -0.166529
906 -0.166529
907 -0.166529
908 -0.166529
909 -0.166528
910 -0.166528
911 -0.166528
912 -0.166528
913 -0.166528
914 -0.166528
915 -0.166528
916 -0.166528
917 -0.166528
918 -0.166527
919 -0.166527
920 -0.166527
921 -0.166527
922 -0.166527
923 -0.166527
924 -0.166527
925 -0.166527
926 -0.166527
927 -0.166526
928 -0.166526
929 -0.166526
930 -0.166526
931 -0.166526
932 -0.166526
933 -0.166526
934 -0.166526
935 -0.166526
936 -0.166525
937 -0.166525
938 -0.166525
939 -0.166525
940 -0.166525
941 -0.166525
942 -0.166525
943 -0.166525
944 -0.166525
945 -0.166524
946 -0.166524
947 -0.166524
948 -0.166524
949 -0.166524
950 -0.166524
951 -0.166524
952 -0.166524
953 -0.166524
954 -0.166524
955 -0.166523
956 -0.166523
957 -0.166523
958 -0.166523
959 -0.166523
960 -0.166523
961 -0.166523
962 -0.166523
963 -0.166523
964 -0.166522
965 -0.166522
966 -0.166522
967 -0.166522
968 -0.166522
969 -0.166522
970 -0.166522
971 -0.166522
972 -0.166522
973 -0.166521
974 -0.166521
975 -0.166521
976 -0.166521
977 -0.166521
978 -0.166521
979 -0.166521
980 -0.166521
981 -0.166521
982 -0.166521
983 -0.16652
984 -0.16652
985 -0.16652
986 -0.16652
987 -0.16652
988 -0.16652
989 -0.16652
990 -0.16652
991 -0.16652
992 -0.166519
993 -0.166519
994 -0.166519
995 -0.166519
996 -0.166519
997 -0.166519
998 -0.166519
999 -0.166519
1000 -0.166519
1001 -0.166519
1002 -0.166518
1003 -0.166518
1004 -0.166518
1005 -0.166518
1006 -0.166518
1007 -0.166518
1008 -0.166518
1009 -0.166518
1010 -0.166518
1011 -0.166518
1012 -0.166517
1013 -0.166517
1014 -0.166517
1015 -0.166517
1016 -0.166517
1017 -0.166517
1018 -0.166517
1019 -0.166517
1020 -0.166517
1021 -0.166517
1022 -0.166516
1023 -0.166516
1024 -0.166516
1025 -0.166516
1026 -0.166516
1027 -0.166516
1028 -0.166516
1029 -0.166516
1030 -0.166516
1031 -0.166516
1032 -0.166515
1033 -0.166515
1034 -0.166515
1035 -0.166515
1036 -0.166515
1037 -0.166515
1038 -0.166515
1039 -0.166515
1040 -0.166515
1041 -0.166515
1042 -0.166515
1043 -0.166514
1044 -0.166514
1045 -0.166514
1046 -0.166514
1047 -0.166514
1048 -0.166514
1049 -0.166514
1050 -0.166514
1051 -0.166514
1052 -0.166514
1053 -0.166513
1054 -0.166513
1055 -0.166513
1056 -0.166513
1057 -0.166513
1058 -0.166513
1059 -0.166513
1060 -0.166513
1061 -0.166513
1062 -0.166513
1063 -0.166513
1064 -0.166512
1065 -0.166512
1066 -0.166512
1067 -0.166512
1068 -0.166512
1069 -0.166512
1070 -0.166512
1071 -0.166512
1072 -0.166512
1073 -0.166512
1074 -0.166512
1075 -0.166511
1076 -0.166511
1077 -0.166511
1078 -0.166511
1079 -0.166511
1080 -0.166511
1081 -0.166511
1082 -0.166511
1083 -0.166511
1084 -0.166511
1085 -0.166511
1086 -0.16651
1087 -0.16651
1088 -0.16651
1089 -0.16651
1090 -0.16651
1091 -0.16651
1092 -0.16651
1093 -0.16651
1094 -0.16651
1095 -0.16651
1096 -0.16651
1097 -0.16651
1098 -0.166509
1099 -0.166509
1100 -0.166509
1101 -0.166509
1102 -0.166509
1103 -0.166509
1104 -0.166509
1105 -0.166509
1106 -0.166509
1107 -0.166509
1108 -0.166509
1109 -0.166509
1110 -0.166508
1111 -0.166508
1112 -0.166508
1113 -0.166508
1114 -0.166508
1115 -0.166508
1116 -0.166508
1117 -0.166508
1118 -0.166508
1119 -0.166508
1120 -0.166508
1121 -0.166508
1122 -0.166507
1123 -0.166507
1124 -0.166507
1125 -0.166507
1126 -0.166507
1127 -0.166507
1128 -0.166507
1129 -0.166507
1130 -0.166507
1131 -0.166507
1132 -0.166507
1133 -0.166507
1134 -0.166506
1135 -0.166506
1136 -0.166506
1137 -0.166506
1138 -0.166506
1139 -0.166506
1140 -0.166506
1141 -0.166506
1142 -0.166506
1143 -0.166506
1144 -0.166506
1145 -0.166506
1146 -0.166506
1147 -0.166505
1148 -0.166505
1149 -0.166505
1150 -0.166505
1151 -0.166505
1152 -0.166505
1153 -0.166505
1154 -0.166505
1155 -0.166505
1156 -0.166505
1157 -0.166505
1158 -0.166505
1159 -0.166505
1160 -0.166504
1161 -0.166504
1162 -0.166504
1163 -0.166504
1164 -0.166504
1165 -0.166504
1166 -0.166504
1167 -0.166504
1168 -0.166504
1169 -0.166504
1170 -0.166504
1171 -0.166504
1172 -0.166504
1173 -0.166504
1174 -0.166503
1175 -0.166503
1176 -0.166503
1177 -0.166503
1178 -0.166503
1179 -0.166503
1180 -0.166503
1181 -0.166503
1182 -0.166503
1183 -0.166503
1184 -0.166503
1185 -0.166503
1186 -0.166503
1187 -0.166503
1188 -0.166502
1189 -0.166502
1190 -0.166502
1191 -0.166502
1192 -0.166502
1193 -0.166502
1194 -0.166502
1195 -0.166502
1196 -0.166502
1197 -0.166502
1198 -0.166502
1199 -0.166502
1200 -0.166502
1201 -0.166502
1202 -0.166501
1203 -0.166501
1204 -0.166501
1205 -0.166501
1206 -0.166501
1207 -0.166501
1208 -0.166501
1209 -0.166501
1210 -0.166501
1211 -0.166501
1212 -0.166501
1213 -0.166501
1214 -0.166501
1215 -0.166501
1216 -0.166501
1217 -0.1665
1218 -0.1665
1219 -0.1665
1220 -0.1665
1221 -0.1665
1222 -0.1665
1223 -0.1665
1224 -0.1665
1225 -0.1665
1226 -0.1665
1227 -0.1665
1228 -0.1665
1229 -0.1665
1230 -0.1665
1231 -0.1665
1232 -0.1665
1233 -0.166499
1234 -0.166499
1235 -0.166499
1236 -0.166499
1237 -0.166499
1238 -0.166499
1239 -0.166499
1240 -0.166499
1241 -0.166499
1242 -0.166499
1243 -0.166499
1244 -0.166499
1245 -0.166499
1246 -0.166499
1247 -0.166499
1248 -0.166499
1249 -0.166498
1250 -0.166498
1251 -0.166498
1252 -0.166498
1253 -0.166498
1254 -0.166498
1255 -0.166498
1256 -0.166498
1257 -0.166498
1258 -0.166498
1259 -0.166498
1260 -0.166498
1261 -0.166498
1262 -0.166498
1263 -0.166498
1264 -0.166498
1265 -0.166497
1266 -0.166497
1267 -0.166497
1268 -0.166497
1269 -0.166497
1270 -0.166497
1271 -0.166497
1272 -0.166497
1273 -0.166497
1274 -0.166497
1275 -0.166497
1276 -0.166497
1277 -0.166497
1278 -0.166497
1279 -0.166497
1280 -0.166497
1281 -0.166497
1282 -0.166497
1283 -0.166496
1284 -0.166496
1285 -0.166496
1286 -0.166496
1287 -0.166496
1288 -0.166496
1289 -0.166496
1290 -0.166496
1291 -0.166496
1292 -0.166496
1293 -0.166496
1294 -0.166496
1295 -0.166496
1296 -0.166496
1297 -0.166496
1298 -0.166496
1299 -0.166496
1300 -0.166496
1301 -0.166495
1302 -0.166495
1303 -0.166495
1304 -0.166495
1305 -0.166495
1306 -0.166495
1307 -0.166495
1308 -0.166495
1309 -0.166495
1310 -0.166495
1311 -0.166495
1312 -0.166495
1313 -0.166495
1314 -0.166495
1315 -0.166495
1316 -0.166495
1317 -0.166495
1318 -0.166495
1319 -0.166495
1320 -0.166494
1321 -0.166494
1322 -0.166494
1323 -0.166494
1324 -0.166494
1325 -0.166494
1326 -0.166494
1327 -0.166494
1328 -0.166494
1329 -0.166494
1330 -0.166494
1331 -0.166494
1332 -0.166494
1333 -0.166494
1334 -0.166494
1335 -0.166494
1336 -0.166494
1337 -0.166494
1338 -0.166494
1339 -0.166494
1340 -0.166493
1341 -0.166493
1342 -0.166493
1343 -0.166493
1344 -0.166493
1345 -0.166493
1346 -0.166493
1347 -0.166493
1348 -0.166493
1349 -0.166493
1350 -0.166493
1351 -0.166493
1352 -0.166493
1353 -0.166493
1354 -0.166493
1355 -0.166493
1356 -0.166493
1357 -0.166493
1358 -0.166493
1359 -0.166493
1360 -0.166493
1361 -0.166492
1362 -0.166492
1363 -0.166492
1364 -0.166492
1365 -0.166492
1366 -0.166492
1367 -0.166492
1368 -0.166492
1369 -0.166492
1370 -0.166492
1371 -0.166492
1372 -0.166492
1373 -0.166492
1374 -0.166492
1375 -0.166492
1376 -0.166492
1377 -0.166492
1378 -0.166492
1379 -0.166492
1380 -0.166492
1381 -0.166492
1382 -0.166491
1383 -0.166491
1384 -0.166491
1385 -0.166491
1386 -0.166491
1387 -0.166491
1388 -0.166491
1389 -0.166491
1390 -0.166491
1391 -0.166491
1392 -0.166491
1393 -0.166491
1394 -0.166491
1395 -0.166491
1396 -0.166491
1397 -0.166491
1398 -0.166491
1399 -0.166491
1400 -0.166491
1401 -0.166491
1402 -0.166491
1403 -0.166491
1404 -0.166491
1405 -0.166491
1406 -0.16649
1407 -0.16649
1408 -0.16649
1409 -0.16649
1410 -0.16649
1411 -0.16649
1412 -0.16649
1413 -0.16649
1414 -0.16649
1415 -0.16649
1416 -0.16649
1417 -0.16649
1418 -0.16649
1419 -0.16649
1420 -0.16649
1421 -0.16649
1422 -0.16649
1423 -0.16649
1424 -0.16649
1425 -0.16649
1426 -0.16649
1427 -0.16649
1428 -0.16649
1429 -0.16649
1430 -0.166489
1431 -0.166489
1432 -0.166489
1433 -0.166489
1434 -0.166489
1435 -0.166489
1436 -0.166489
1437 -0.166489
1438 -0.166489
1439 -0.166489
1440 -0.166489
1441 -0.166489
1442 -0.166489
1443 -0.166489
1444 -0.166489
1445 -0.166489
1446 -0.166489
1447 -0.166489
1448 -0.166489
1449 -0.166489
1450 -0.166489
1451 -0.166489
1452 -0.166489
1453 -0.166489
1454 -0.166489
1455 -0.166489
1456 -0.166488
1457 -0.166488
1458 -0.166488
1459 -0.166488
1460 -0.166488
1461 -0.166488
1462 -0.166488
1463 -0.166488
1464 -0.166488
1465 -0.166488
1466 -0.166488
1467 -0.166488
1468 -0.166488
1469 -0.166488
1470 -0.166488
1471 -0.166488
1472 -0.166488
1473 -0.166488
1474 -0.166488
1475 -0.166488
1476 -0.166488
1477 -0.166488
1478 -0.166488
1479 -0.166488
1480 -0.166488
1481 -0.166488
1482 -0.166488
1483 -0.166488
1484 -0.166487
1485 -0.166487
1486 -0.166487
1487 -0.166487
1488 -0.166487
1489 -0.166487
1490 -0.166487
1491 -0.166487
1492 -0.166487
1493 -0.166487
1494 -0.166487
1495 -0.166487
1496 -0.166487
1497 -0.166487
1498 -0.166487
1499 -0.166487
1500 -0.166487
1501 -0.166487
1502 -0.166487
1503 -0.166487
1504 -0.166487
1505 -0.166487
1506 -0.166487
1507 -0.166487
1508 -0.166487
1509 -0.166487
1510 -0.166487
1511 -0.166487
1512 -0.166487
1513 -0.166486
1514 -0.166486
1515 -0.166486
1516 -0.166486
1517 -0.166486
1518 -0.166486
1519 -0.166486
1520 -0.166486
1521 -0.166486
1522 -0.166486
1523 -0.166486
1524 -0.166486
1525 -0.166486
1526 -0.166486
1527 -0.166486
1528 -0.166486
1529 -0.166486
1530 -0.166486
1531 -0.166486
1532 -0.166486
1533 -0.166486
1534 -0.166486
1535 -0.166486
1536 -0.166486
1537 -0.166486
1538 -0.166486
1539 -0.166486
1540 -0.166486
1541 -0.166486
1542 -0.166486
1543 -0.166486
1544 -0.166486
1545 -0.166485
1546 -0.166485
1547 -0.166485
1548 -0.166485
1549 -0.166485
1550 -0.166485
1551 -0.166485
1552 -0.166485
1553 -0.166485
1554 -0.166485
1555 -0.166485
1556 -0.166485
1557 -0.166485
1558 -0.166485
1559 -0.166485
1560 -0.166485
1561 -0.166485
1562 -0.166485
1563 -0.166485
1564 -0.166485
1565 -0.166485
1566 -0.166485
1567 -0.166485
1568 -0.166485
1569 -0.166485
1570 -0.166485
1571 -0.166485
1572 -0.166485
1573 -0.166485
1574 -0.166485
1575 -0.166485
1576 -0.166485
1577 -0.166485
1578 -0.166485
1579 -0.166484
1580 -0.166484
1581 -0.166484
1582 -0.166484
1583 -0.166484
1584 -0.166484
1585 -0.166484
1586 -0.166484
1587 -0.166484
1588 -0.166484
1589 -0.166484
1590 -0.166484
1591 -0.166484
1592 -0.166484
1593 -0.166484
1594 -0.166484
1595 -0.166484
1596 -0.166484
1597 -0.166484
1598 -0.166484
1599 -0.166484
1600 -0.166484
1601 -0.166484
1602 -0.166484
1603 -0.166484
1604 -0.166484
1605 -0.166484
1606 -0.166484
1607 -0.166484
1608 -0.166484
1609 -0.166484
1610 -0.166484
1611 -0.166484
1612 -0.166484
1613 -0.166484
1614 -0.166484
1615 -0.166484
1616 -0.166484
1617 -0.166483
1618 -0.166483
1619 -0.166483
1620 -0.166483
1621 -0.166483
1622 -0.166483
1623 -0.166483
1624 -0.166483
1625 -0.166483
1626 -0.166483
1627 -0.166483
1628 -0.166483
1629 -0.166483
1630 -0.166483
1631 -0.166483
1632 -0.166483
1633 -0.166483
1634 -0.166483
1635 -0.166483
1636 -0.166483
1637 -0.166483
1638 -0.166483
1639 -0.166483
1640 -0.166483
1641 -0.166483
1642 -0.166483
1643 -0.166483
1644 -0.166483
1645 -0.166483
1646 -0.166483
1647 -0.166483
1648 -0.166483
1649 -0.166483
1650 -0.166483
1651 -0.166483
1652 -0.166483
1653 -0.166483
1654 -0.166483
1655 -0.166483
1656 -0.166483
1657 -0.166483
1658 -0.166482
1659 -0.166482
1660 -0.166482
1661 -0.166482
1662 -0.166482
1663 -0.166482
1664 -0.166482
1665 -0.166482
1666 -0.166482
1667 -0.166482
1668 -0.166482
1669 -0.166482
1670 -0.166482
1671 -0.166482
1672 -0.166482
1673 -0.166482
1674 -0.166482
1675 -0.166482
1676 -0.166482
1677 -0.166482
1678 -0.166482
1679 -0.166482
1680 -0.166482
1681 -0.166482
1682 -0.166482
1683 -0.166482
1684 -0.166482
1685 -0.166482
1686 -0.166482
1687 -0.166482
1688 -0.166482
1689 -0.166482
1690 -0.166482
1691 -0.166482
1692 -0.166482
1693 -0.166482
1694 -0.166482
1695 -0.166482
1696 -0.166482
1697 -0.166482
1698 -0.166482
1699 -0.166482
1700 -0.166482
1701 -0.166482
1702 -0.166482
1703 -0.166482
1704 -0.166481
1705 -0.166481
1706 -0.166481
1707 -0.166481
1708 -0.166481
1709 -0.166481
1710 -0.166481
1711 -0.166481
1712 -0.166481
1713 -0.166481
1714 -0.166481
1715 -0.166481
1716 -0.166481
1717 -0.166481
1718 -0.166481
1719 -0.166481
1720 -0.166481
1721 -0.166481
1722 -0.166481
1723 -0.166481
1724 -0.166481
1725 -0.166481
1726 -0.166481
1727 -0.166481
1728 -0.166481
1729 -0.166481
1730 -0.166481
1731 -0.166481
1732 -0.166481
1733 -0.166481
1734 -0.166481
1735 -0.166481
1736 -0.166481
1737 -0.166481
1738 -0.166481
1739 -0.166481
1740 -0.166481
1741 -0.166481
1742 -0.166481
1743 -0.166481
1744 -0.166481
1745 -0.166481
1746 -0.166481
1747 -0.166481
1748 -0.166481
1749 -0.166481
1750 -0.166481
1751 -0.166481
1752 -0.166481
1753 -0.166481
1754 -0.166481
1755 -0.16648
1756 -0.16648
1757 -0.16648
1758 -0.16648
1759 -0.16648
1760 -0.16648
1761 -0.16648
1762 -0.16648
1763 -0.16648
1764 -0.16648
1765 -0.16648
1766 -0.16648
1767 -0.16648
1768 -0.16648
1769 -0.16648
1770 -0.16648
1771 -0.16648
1772 -0.16648
1773 -0.16648
1774 -0.16648
1775 -0.16648
1776 -0.16648
1777 -0.16648
1778 -0.16648
1779 -0.16648
1780 -0.16648
1781 -0.16648
1782 -0.16648
1783 -0.16648
1784 -0.16648
1785 -0.16648
1786 -0.16648
1787 -0.16648
1788 -0.16648
1789 -0.16648
1790 -0.16648
1791 -0.16648
1792 -0.16648
1793 -0.16648
1794 -0.16648
1795 -0.16648
1796 -0.16648
1797 -0.16648
1798 -0.16648
1799 -0.16648
1800 -0.16648
1801 -0.16648
1802 -0.16648
1803 -0.16648
1804 -0.16648
1805 -0.16648
1806 -0.16648
1807 -0.16648
1808 -0.16648
1809 -0.16648
1810 -0.16648
1811 -0.16648
1812 -0.16648
1813 -0.16648
1814 -0.166479
1815 -0.166479
1816 -0.166479
1817 -0.166479
1818 -0.166479
1819 -0.166479
1820 -0.166479
1821 -0.166479
1822 -0.166479
1823 -0.166479
1824 -0.166479
1825 -0.166479
1826 -0.166479
1827 -0.166479
1828 -0.166479
1829 -0.166479
1830 -0.166479
1831 -0.166479
1832 -0.166479
1833 -0.166479
1834 -0.166479
1835 -0.166479
1836 -0.166479
1837 -0.166479
1838 -0.166479
1839 -0.166479
1840 -0.166479
1841 -0.166479
1842 -0.166479
1843 -0.166479
1844 -0.166479
1845 -0.166479
1846 -0.166479
1847 -0.166479
1848 -0.166479
1849 -0.166479
1850 -0.166479
1851 -0.166479
1852 -0.166479
1853 -0.166479
1854 -0.166479
1855 -0.166479
1856 -0.166479
1857 -0.166479
1858 -0.166479
1859 -0.166479
1860 -0.166479
1861 -0.166479
1862 -0.166479
1863 -0.166479
1864 -0.166479
1865 -0.166479
1866 -0.166479
1867 -0.166479
1868 -0.166479
1869 -0.166479
1870 -0.166479
1871 -0.166479
1872 -0.166479
1873 -0.166479
1874 -0.166479
1875 -0.166479
1876 -0.166479
1877 -0.166479
1878 -0.166479
1879 -0.166479
1880 -0.166479
1881 -0.166479
1882 -0.166478
1883 -0.166478
1884 -0.166478
1885 -0.166478
1886 -0.166478
1887 -0.166478
1888 -0.166478
1889 -0.166478
1890 -0.166478
1891 -0.166478
1892 -0.166478
1893 -0.166478
1894 -0.166478
1895 -0.166478
1896 -0.166478
1897 -0.166478
1898 -0.166478
1899 -0.166478
1900 -0.166478
1901 -0.166478
1902 -0.166478
1903 -0.166478
1904 -0.166478
1905 -0.166478
1906 -0.166478
1907 -0.166478
1908 -0.166478
1909 -0.166478
1910 -0.166478
1911 -0.166478
1912 -0.166478
1913 -0.166478
1914 -0.166478
1915 -0.166478
1916 -0.166478
1917 -0.166478
1918 -0.166478
1919 -0.166478
1920 -0.166478
1921 -0.166478
1922 -0.166478
1923 -0.166478
1924 -0.166478
1925 -0.166478
1926 -0.166478
1927 -0.166478
1928 -0.166478
1929 -0.166478
1930 -0.166478
1931 -0.166478
1932 -0.166478
1933 -0.166478
1934 -0.166478
1935 -0.166478
1936 -0.166478
1937 -0.166478
1938 -0.166478
1939 -0.166478
1940 -0.166478
1941 -0.166478
1942 -0.166478
1943 -0.166478
1944 -0.166478
1945 -0.166478
1946 -0.166478
1947 -0.166478
1948 -0.166478
1949 -0.166478
1950 -0.166478
1951 -0.166478
1952 -0.166478
1953 -0.166478
1954 -0.166478
1955 -0.166478
1956 -0.166478
1957 -0.166478
1958 -0.166478
1959 -0.166478
1960 -0.166478
1961 -0.166478
1962 -0.166478
1963 -0.166477
1964 -0.166477
1965 -0.166477
1966 -0.166477
1967 -0.166477
1968 -0.166477
1969 -0.166477
1970 -0.166477
1971 -0.166477
1972 -0.166477
1973 -0.166477
1974 -0.166477
1975 -0.166477
1976 -0.166477
1977 -0.166477
1978 -0.166477
1979 -0.166477
1980 -0.166477
1981 -0.166477
1982 -0.166477
1983 -0.166477
1984 -0.166477
1985 -0.166477
1986 -0.166477
1987 -0.166477
1988 -0.166477
1989 -0.166477
1990 -0.166477
1991 -0.166477
1992 -0.166477
1993 -0.166477
1994 -0.166477
1995 -0.166477
1996 -0.166477
1997 -0.166477
1998 -0.166477
1999 -0.166477
2000 -0.166477
2001 -0.166477
2002 -0.166477
2003 -0.166477
2004 -0.166477
2005 -0.166477
2006 -0.166477
2007 -0.166477
2008 -0.166477
2009 -0.166477
2010 -0.166477
2011 -0.166477
2012 -0.166477
2013 -0.166477
2014 -0.166477
2015 -0.166477
2016 -0.166477
2017 -0.166477
2018 -0.166477
2019 -0.166477
2020 -0.166477
2021 -0.166477
2022 -0.166477
2023 -0.166477
2024 -0.166477
2025 -0.166477
2026 -0.166477
2027 -0.166477
2028 -0.166477
2029 -0.166477
2030 -0.166477
2031 -0.166477
2032 -0.166477
2033 -0.166477
2034 -0.166477
2035 -0.166477
2036 -0.166477
2037 -0.166477
2038 -0.166477
2039 -0.166477
2040 -0.166477
2041 -0.166477
2042 -0.166477
2043 -0.166477
2044 -0.166477
2045 -0.166477
2046 -0.166477
2047 -0.166477
2048 -0.166477
2049 -0.166477
2050 -0.166477
2051 -0.166477
2052 -0.166477
2053 -0.166477
2054 -0.166477
2055 -0.166477
2056 -0.166477
2057 -0.166477
2058 -0.166477
2059 -0.166477
2060 -0.166477
2061 -0.166477
2062 -0.166477
2063 -0.166477
2064 -0.166476
2065 -0.166476
2066 -0.166476
2067 -0.166476
2068 -0.166476
2069 -0.166476
2070 -0.166476
2071 -0.166476
2072 -0.166476
2073 -0.166476
2074 -0.166476
2075 -0.166476
2076 -0.166476
2077 -0.166476
2078 -0.166476
2079 -0.166476
2080 -0.166476
2081 -0.166476
2082 -0.166476
2083 -0.166476
2084 -0.166476
2085 -0.166476
2086 -0.166476
2087 -0.166476
2088 -0.166476
2089 -0.166476
2090 -0.166476
2091 -0.166476
2092 -0.166476
2093 -0.166476
2094 -0.166476
2095 -0.166476
2096 -0.166476
2097 -0.166476
2098 -0.166476
2099 -0.166476
2100 -0.166476
2101 -0.166476
2102 -0.166476
2103 -0.166476
2104 -0.166476
2105 -0.166476
2106 -0.166476
2107 -0.166476
2108 -0.166476
2109 -0.166476
2110 -0.166476
2111 -0.166476
2112 -0.166476
2113 -0.166476
2114 -0.166476
2115 -0.166476
2116 -0.166476
2117 -0.166476
2118 -0.166476
2119 -0.166476
2120 -0.166476
2121 -0.166476
2122 -0.166476
2123 -0.166476
2124 -0.166476
2125 -0.166476
2126 -0.166476
2127 -0.166476
2128 -0.166476
2129 -0.166476
2130 -0.166476
2131 -0.166476
2132 -0.166476
2133 -0.166476
2134 -0.166476
2135 -0.166476
2136 -0.166476
2137 -0.166476
2138 -0.166476
2139 -0.166476
2140 -0.166476
2141 -0.166476
2142 -0.166476
2143 -0.166476
2144 -0.166476
2145 -0.166476
2146 -0.166476
2147 -0.166476
2148 -0.166476
2149 -0.166476
2150 -0.166476
2151 -0.166476
2152 -0.166476
2153 -0.166476
2154 -0.166476
2155 -0.166476
2156 -0.166476
2157 -0.166476
2158 -0.166476
2159 -0.166476
2160 -0.166476
2161 -0.166476
2162 -0.166476
2163 -0.166476
2164 -0.166476
2165 -0.166476
2166 -0.166476
2167 -0.166476
2168 -0.166476
2169 -0.166476
2170 -0.166476
2171 -0.166476
2172 -0.166476
2173 -0.166476
2174 -0.166476
2175 -0.166476
2176 -0.166476
2177 -0.166476
2178 -0.166476
2179 -0.166476
2180 -0.166476
2181 -0.166476
2182 -0.166476
2183 -0.166476
2184 -0.166476
2185 -0.166476
2186 -0.166476
2187 -0.166476
2188 -0.166476
2189 -0.166476
2190 -0.166476
2191 -0.166476
2192 -0.166476
2193 -0.166476
2194 -0.166476
2195 -0.166476
2196 -0.166476
2197 -0.166476
2198 -0.166475
2199 -0.166475
2200 -0.166475
2201 -0.166475
2202 -0.166475
2203 -0.166475
2204 -0.166475
2205 -0.166475
2206 -0.166475
2207 -0.166475
2208 -0.166475
2209 -0.166475
2210 -0.166475
2211 -0.166475
2212 -0.166475
2213 -0.166475
2214 -0.166475
2215 -0.166475
2216 -0.166475
2217 -0.166475
2218 -0.166475
2219 -0.166475
2220 -0.166475
2221 -0.166475
2222 -0.166475
2223 -0.166475
2224 -0.166475
2225 -0.166475
2226 -0.166475
2227 -0.166475
2228 -0.166475
2229 -0.166475
2230 -0.166475
2231 -0.166475
2232 -0.166475
2233 -0.166475
2234 -0.166475
2235 -0.166475
2236 -0.166475
2237 -0.166475
2238 -0.166475
2239 -0.166475
2240 -0.166475
2241 -0.166475
2242 -0.166475
2243 -0.166475
2244 -0.166475
2245 -0.166475
2246 -0.166475
2247 -0.166475
2248 -0.166475
2249 -0.166475
2250 -0.166475
2251 -0.166475
2252 -0.166475
2253 -0.166475
2254 -0.166475
2255 -0.166475
2256 -0.166475
2257 -0.166475
2258 -0.166475
2259 -0.166475
2260 -0.166475
2261 -0.166475
2262 -0.166475
2263 -0.166475
2264 -0.166475
2265 -0.166475
2266 -0.166475
2267 -0.166475
2268 -0.166475
2269 -0.166475
2270 -0.166475
2271 -0.166475
2272 -0.166475
2273 -0.166475
2274 -0.166475
2275 -0.166475
2276 -0.166475
2277 -0.166475
2278 -0.166475
2279 -0.166475
2280 -0.166475
2281 -0.166475
2282 -0.166475
2283 -0.166475
2284 -0.166475
2285 -0.166475
2286 -0.166475
2287 -0.166475
2288 -0.166475
2289 -0.166475
2290 -0.166475
2291 -0.166475
2292 -0.166475
2293 -0.166475
2294 -0.166475
2295 -0.166475
2296 -0.166475
2297 -0.166475
2298 -0.166475
2299 -0.166475
2300 -0.166475
2301 -0.166475
2302 -0.166475
2303 -0.166475
2304 -0.166475
2305 -0.166475
2306 -0.166475
2307 -0.166475
2308 -0.166475
2309 -0.166475
2310 -0.166475
2311 -0.166475
2312 -0.166475
2313 -0.166475
2314 -0.166475
2315 -0.166475
2316 -0.166475
2317 -0.166475
2318 -0.166475
2319 -0.166475
2320 -0.166475
2321 -0.166475
2322 -0.166475
2323 -0.166475
2324 -0.166475
2325 -0.166475
2326 -0.166475
2327 -0.166475
2328 -0.166475
2329 -0.166475
2330 -0.166475
2331 -0.166475
2332 -0.166475
2333 -0.166475
2334 -0.166475
2335 -0.166475
2336 -0.166475
2337 -0.166475
2338 -0.166475
2339 -0.166475
2340 -0.166475
2341 -0.166475
2342 -0.166475
2343 -0.166475
2344 -0.166475
2345 -0.166475
2346 -0.166475
2347 -0.166475
2348 -0.166475
2349 -0.166475
2350 -0.166475
2351 -0.166475
2352 -0.166475
2353 -0.166475
2354 -0.166475
2355 -0.166475
2356 -0.166475
2357 -0.166475
2358 -0.166475
2359 -0.166475
2360 -0.166475
2361 -0.166475
2362 -0.166475
2363 -0.166475
2364 -0.166475
2365 -0.166475
2366 -0.166475
2367 -0.166475
2368 -0.166475
2369 -0.166475
2370 -0.166475
2371 -0.166475
2372 -0.166475
2373 -0.166475
2374 -0.166475
2375 -0.166475
2376 -0.166475
2377 -0.166475
2378 -0.166475
2379 -0.166475
2380 -0.166475
2381 -0.166475
2382 -0.166475
2383 -0.166475
2384 -0.166475
2385 -0.166475
2386 -0.166475
2387 -0.166475
2388 -0.166475
2389 -0.166475
2390 -0.166475
2391 -0.166475
2392 -0.166475
2393 -0.166475
2394 -0.166475
2395 -0.166475
2396 -0.166474
2397 -0.166474
2398 -0.166474
2399 -0.166474
2400 -0.166474
2401 -0.166474
2402 -0.166474
2403 -0.166474
2404 -0.166474
2405 -0.166474
2406 -0.166474
2407 -0.166474
2408 -0.166474
2409 -0.166474
2410 -0.166474
2411 -0.166474
2412 -0.166474
2413 -0.166474
2414 -0.166474
2415 -0.166474
2416 -0.166474
2417 -0.166474
2418 -0.166474
2419 -0.166474
2420 -0.166474
2421 -0.166474
2422 -0.166474
2423 -0.166474
2424 -0.166474
2425 -0.166474
2426 -0.166474
2427 -0.166474
2428 -0.166474
2429 -0.166474
2430 -0.166474
2431 -0.166474
2432 -0.166474
2433 -0.166474
2434 -0.166474
2435 -0.166474
2436 -0.166474
2437 -0.166474
2438 -0.166474
2439 -0.166474
2440 -0.166474
2441 -0.166474
2442 -0.166474
2443 -0.166474
2444 -0.166474
2445 -0.166474
2446 -0.166474
2447 -0.166474
2448 -0.166474
2449 -0.166474
2450 -0.166474
2451 -0.166474
2452 -0.166474
2453 -0.166474
2454 -0.166474
2455 -0.166474
2456 -0.166474
2457 -0.166474
2458 -0.166474
2459 -0.166474
2460 -0.166474
2461 -0.166474
2462 -0.166474
2463 -0.166474
2464 -0.166474
2465 -0.166474
2466 -0.166474
2467 -0.166474
2468 -0.166474
2469 -0.166474
2470 -0.166474
2471 -0.166474
2472 -0.166474
2473 -0.166474
2474 -0.166474
2475 -0.166474
2476 -0.166474
2477 -0.166474
2478 -0.166474
2479 -0.166474
2480 -0.166474
2481 -0.166474
2482 -0.166474
2483 -0.166474
2484 -0.166474
2485 -0.166474
2486 -0.166474
2487 -0.166474
2488 -0.166474
2489 -0.166474
2490 -0.166474
2491 -0.166474
2492 -0.166474
2493 -0.166474
2494 -0.166474
2495 -0.166474
2496 -0.166474
2497 -0.166474
2498 -0.166474
2499 -0.166474
2500 -0.166474
2501 -0.166474
2502 -0.166474
2503 -0.166474
2504 -0.166474
2505 -0.166474
2506 -0.166474
2507 -0.166474
2508 -0.166474
2509 -0.166474
2510 -0.166474
2511 -0.166474
2512 -0.166474
2513 -0.166474
2514 -0.166474
2515 -0.166474
2516 -0.166474
2517 -0.166474
2518 -0.166474
2519 -0.166474
2520 -0.166474
2521 -0.166474
2522 -0.166474
2523 -0.166474
2524 -0.166474
2525 -0.166474
2526 -0.166474
2527 -0.166474
2528 -0.166474
2529 -0.166474
2530 -0.166474
2531 -0.166474
2532 -0.166474
2533 -0.166474
2534 -0.166474
2535 -0.166474
2536 -0.166474
2537 -0.166474
2538 -0.166474
2539 -0.166474
2540 -0.166474
2541 -0.166474
2542 -0.166474
2543 -0.166474
2544 -0.166474
2545 -0.166474
2546 -0.166474
2547 -0.166474
2548 -0.166474
2549 -0.166474
2550 -0.166474
2551 -0.166474
2552 -0.166474
2553 -0.166474
2554 -0.166474
2555 -0.166474
2556 -0.166474
2557 -0.166474
2558 -0.166474
2559 -0.166474
2560 -0.166474
2561 -0.166474
2562 -0.166474
2563 -0.166474
2564 -0.166474
2565 -0.166474
2566 -0.166474
2567 -0.166474
2568 -0.166474
2569 -0.166474
2570 -0.166474
2571 -0.166474
2572 -0.166474
2573 -0.166474
2574 -0.166474
2575 -0.166474
2576 -0.166474
2577 -0.166474
2578 -0.166474
2579 -0.166474
2580 -0.166474
2581 -0.166474
2582 -0.166474
2583 -0.166474
2584 -0.166474
2585 -0.166474
2586 -0.166474
2587 -0.166474
2588 -0.166474
2589 -0.166474
2590 -0.166474
2591 -0.166474
2592 -0.166474
2593 -0.166474
2594 -0.166474
2595 -0.166474
2596 -0.166474
2597 -0.166474
2598 -0.166474
2599 -0.166474
2600 -0.166474
2601 -0.166474
2602 -0.166474
2603 -0.166474
2604 -0.166474
2605 -0.166474
2606 -0.166474
2607 -0.166474
2608 -0.166474
2609 -0.166474
2610 -0.166474
2611 -0.166474
2612 -0.166474
2613 -0.166474
2614 -0.166474
2615 -0.166474
2616 -0.166474
2617 -0.166474
2618 -0.166474
2619 -0.166474
2620 -0.166474
2621 -0.166474
2622 -0.166474
2623 -0.166474
2624 -0.166474
2625 -0.166474
2626 -0.166474
2627 -0.166474
2628 -0.166474
2629 -0.166474
2630 -0.166474
2631 -0.166474
2632 -0.166474
2633 -0.166474
2634 -0.166474
2635 -0.166474
2636 -0.166474
2637 -0.166474
2638 -0.166474
2639 -0.166474
2640 -0.166474
2641 -0.166474
2642 -0.166474
2643 -0.166474
2644 -0.166474
2645 -0.166474
2646 -0.166474
2647 -0.166474
2648 -0.166474
2649 -0.166474
2650 -0.166474
2651 -0.166474
2652 -0.166474
2653 -0.166474
2654 -0.166474
2655 -0.166474
2656 -0.166474
2657 -0.166474
2658 -0.166474
2659 -0.166474
2660 -0.166474
2661 -0.166474
2662 -0.166474
2663 -0.166474
2664 -0.166474
2665 -0.166474
2666 -0.166474
2667 -0.166474
2668 -0.166474
2669 -0.166474
2670 -0.166474
2671 -0.166474
2672 -0.166474
2673 -0.166474
2674 -0.166474
2675 -0.166474
2676 -0.166474
2677 -0.166474
2678 -0.166474
2679 -0.166474
2680 -0.166474
2681 -0.166474
2682 -0.166474
2683 -0.166474
2684 -0.166474
2685 -0.166474
2686 -0.166474
2687 -0.166474
2688 -0.166474
2689 -0.166474
2690 -0.166474
2691 -0.166474
2692 -0.166474
2693 -0.166474
2694 -0.166474
2695 -0.166474
2696 -0.166474
2697 -0.166474
2698 -0.166474
2699 -0.166474
2700 -0.166474
2701 -0.166474
2702 -0.166474
2703 -0.166474
2704 -0.166474
2705 -0.166474
2706 -0.166474
2707 -0.166474
2708 -0.166474
2709 -0.166474
2710 -0.166474
2711 -0.166474
2712 -0.166474
2713 -0.166474
2714 -0.166474
2715 -0.166474
2716 -0.166474
2717 -0.166474
2718 -0.166474
2719 -0.166474
2720 -0.166474
2721 -0.166474
2722 -0.166474
2723 -0.166474
2724 -0.166474
2725 -0.166474
2726 -0.166474
2727 -0.166474
2728 -0.166474
2729 -0.166474
2730 -0.166474
2731 -0.166474
2732 -0.166474
2733 -0.166474
2734 -0.166474
2735 -0.166474
2736 -0.166474
2737 -0.166474
2738 -0.166474
2739 -0.166474
2740 -0.166474
2741 -0.166474
2742 -0.166474
2743 -0.166474
2744 -0.166474
2745 -0.166474
2746 -0.166474
2747 -0.166474
2748 -0.166474
2749 -0.166474
2750 -0.166474
2751 -0.166474
2752 -0.166474
2753 -0.166474
2754 -0.166474
2755 -0.166474
2756 -0.166474
2757 -0.166474
2758 -0.166474
2759 -0.166474
2760 -0.166474
2761 -0.166474
2762 -0.166474
2763 -0.166474
2764 -0.166474
2765 -0.166474
2766 -0.166474
2767 -0.166474
2768 -0.166474
2769 -0.166474
2770 -0.166474
2771 -0.166474
2772 -0.166474
2773 -0.166474
2774 -0.166474
2775 -0.166474
2776 -0.166474
2777 -0.166474
2778 -0.166474
2779 -0.166474
2780 -0.166474
2781 -0.166474
2782 -0.166474
2783 -0.166474
2784 -0.166474
2785 -0.166474
2786 -0.166474
2787 -0.166473
2788 -0.166473
2789 -0.166473
2790 -0.166473
2791 -0.166473
2792 -0.166473
2793 -0.166473
2794 -0.166473
2795 -0.166473
2796 -0.166473
2797 -0.166473
2798 -0.166473
2799 -0.166473
2800 -0.166473
2801 -0.166473
2802 -0.166473
2803 -0.166473
2804 -0.166473
2805 -0.166473
2806 -0.166473
2807 -0.166473
2808 -0.166473
2809 -0.166473
2810 -0.166473
2811 -0.166473
2812 -0.166473
2813 -0.166473
2814 -0.166473
2815 -0.166473
2816 -0.166473
2817 -0.166473
2818 -0.166473
2819 -0.166473
2820 -0.166473
2821 -0.166473
2822 -0.166473
2823 -0.166473
2824 -0.166473
2825 -0.166473
2826 -0.166473
2827 -0.166473
2828 -0.166473
2829 -0.166473
2830 -0.166473
2831 -0.166473
2832 -0.166473
2833 -0.166473
2834 -0.166473
2835 -0.166473
2836 -0.166473
2837 -0.166473
2838 -0.166473
2839 -0.166473
2840 -0.166473
2841 -0.166473
2842 -0.166473
2843 -0.166473
2844 -0.166473
2845 -0.166473
2846 -0.166473
2847 -0.166473
2848 -0.166473
2849 -0.166473
2850 -0.166473
2851 -0.166473
2852 -0.166473
2853 -0.166473
2854 -0.166473
2855 -0.166473
2856 -0.166473
2857 -0.166473
2858 -0.166473
2859 -0.166473
2860 -0.166473
2861 -0.166473
2862 -0.166473
2863 -0.166473
2864 -0.166473
2865 -0.166473
2866 -0.166473
2867 -0.166473
2868 -0.166473
2869 -0.166473
2870 -0.166473
2871 -0.166473
2872 -0.166473
2873 -0.166473
2874 -0.166473
2875 -0.166473
2876 -0.166473
2877 -0.166473
2878 -0.166473
2879 -0.166473
2880 -0.166473
2881 -0.166473
2882 -0.166473
2883 -0.166473
2884 -0.166473
2885 -0.166473
2886 -0.166473
2887 -0.166473
2888 -0.166473
2889 -0.166473
2890 -0.166473
2891 -0.166473
2892 -0.166473
2893 -0.166473
2894 -0.166473
2895 -0.166473
2896 -0.166473
2897 -0.166473
2898 -0.166473
2899 -0.166473
2900 -0.166473
2901 -0.166473
2902 -0.166473
2903 -0.166473
2904 -0.166473
2905 -0.166473
2906 -0.166473
2907 -0.166473
2908 -0.166473
2909 -0.166473
2910 -0.166473
2911 -0.166473
2912 -0.166473
2913 -0.166473
2914 -0.166473
2915 -0.166473
2916 -0.166473
2917 -0.166473
2918 -0.166473
2919 -0.166473
2920 -0.166473
2921 -0.166473
2922 -0.166473
2923 -0.166473
2924 -0.166473
2925 -0.166473
2926 -0.166473
2927 -0.166473
2928 -0.166473
2929 -0.166473
2930 -0.166473
2931 -0.166473
2932 -0.166473
2933 -0.166473
2934 -0.166473
2935 -0.166473
2936 -0.166473
2937 -0.166473
2938 -0.166473
2939 -0.166473
2940 -0.166473
2941 -0.166473
2942 -0.166473
2943 -0.166473
2944 -0.166473
2945 -0.166473
2946 -0.166473
2947 -0.166473
2948 -0.166473
2949 -0.166473
2950 -0.166473
2951 -0.166473
2952 -0.166473
2953 -0.166473
2954 -0.166473
2955 -0.166473
2956 -0.166473
2957 -0.166473
2958 -0.166473
2959 -0.166473
2960 -0.166473
2961 -0.166473
2962 -0.166473
2963 -0.166473
2964 -0.166473
2965 -0.166473
2966 -0.166473
2967 -0.166473
2968 -0.166473
2969 -0.166473
2970 -0.166473
2971 -0.166473
2972 -0.166473
2973 -0.166473
2974 -0.166473
2975 -0.166473
2976 -0.166473
2977 -0.166473
2978 -0.166473
2979 -0.166473
2980 -0.166473
2981 -0.166473
2982 -0.166473
2983 -0.166473
2984 -0.166473
2985 -0.166473
2986 -0.166473
2987 -0.166473
2988 -0.166473
2989 -0.166473
2990 -0.166473
2991 -0.166473
2992 -0.166473
2993 -0.166473
2994 -0.166473
2995 -0.166473
2996 -0.166473
2997 -0.166473
2998 -0.166473
2999 -0.166473
3000 -0.166473
3001 -0.166473
3002 -0.166473
3003 -0.166473
3004 -0.166473
3005 -0.166473
3006 -0.166473
3007 -0.166473
3008 -0.166473
3009 -0.166473
3010 -0.166473
3011 -0.166473
3012 -0.166473
3013 -0.166473
3014 -0.166473
3015 -0.166473
3016 -0.166473
3017 -0.166473
3018 -0.166473
3019 -0.166473
3020 -0.166473
3021 -0.166473
3022 -0.166473
3023 -0.166473
3024 -0.166473
3025 -0.166473
3026 -0.166473
3027 -0.166473
3028 -0.166473
3029 -0.166473
3030 -0.166473
3031 -0.166473
3032 -0.166473
3033 -0.166473
3034 -0.166473
3035 -0.166473
3036 -0.166473
3037 -0.166473
3038 -0.166473
3039 -0.166473
3040 -0.166473
3041 -0.166473
3042 -0.166473
3043 -0.166473
3044 -0.166473
3045 -0.166473
3046 -0.166473
3047 -0.166473
3048 -0.166473
3049 -0.166473
3050 -0.166473
3051 -0.166473
3052 -0.166473
3053 -0.166473
3054 -0.166473
3055 -0.166473
3056 -0.166473
3057 -0.166473
3058 -0.166473
3059 -0.166473
3060 -0.166473
3061 -0.166473
3062 -0.166473
3063 -0.166473
3064 -0.166473
3065 -0.166473
3066 -0.166473
3067 -0.166473
3068 -0.166473
3069 -0.166473
3070 -0.166473
3071 -0.166473
3072 -0.166473
3073 -0.166473
3074 -0.166473
3075 -0.166473
3076 -0.166473
3077 -0.166473
3078 -0.166473
3079 -0.166473
3080 -0.166473
3081 -0.166473
3082 -0.166473
3083 -0.166473
3084 -0.166473
3085 -0.166473
3086 -0.166473
3087 -0.166473
3088 -0.166473
3089 -0.166473
3090 -0.166473
3091 -0.166473
3092 -0.166473
3093 -0.166473
3094 -0.166473
3095 -0.166473
3096 -0.166473
3097 -0.166473
3098 -0.166473
3099 -0.166473
3100 -0.166473
3101 -0.166473
3102 -0.166473
3103 -0.166473
3104 -0.166473
3105 -0.166473
3106 -0.166473
3107 -0.166473
3108 -0.166473
3109 -0.166473
3110 -0.166473
3111 -0.166473
3112 -0.166473
3113 -0.166473
3114 -0.166473
3115 -0.166473
3116 -0.166473
3117 -0.166473
3118 -0.166473
3119 -0.166473
3120 -0.166473
3121 -0.166473
3122 -0.166473
3123 -0.166473
3124 -0.166473
3125 -0.166473
3126 -0.166473
3127 -0.166473
3128 -0.166473
3129 -0.166473
3130 -0.166473
3131 -0.166473
3132 -0.166473
3133 -0.166473
3134 -0.166473
3135 -0.166473
3136 -0.166473
3137 -0.166473
3138 -0.166473
3139 -0.166473
3140 -0.166473
3141 -0.166473
3142 -0.166473
3143 -0.166473
3144 -0.166473
3145 -0.166473
3146 -0.166473
3147 -0.166473
3148 -0.166473
3149 -0.166473
3150 -0.166473
3151 -0.166473
3152 -0.166473
3153 -0.166473
3154 -0.166473
3155 -0.166473
3156 -0.166473
3157 -0.166473
3158 -0.166473
3159 -0.166473
3160 -0.166473
3161 -0.166473
3162 -0.166473
3163 -0.166473
3164 -0.166473
3165 -0.166473
3166 -0.166473
3167 -0.166473
3168 -0.166473
3169 -0.166473
3170 -0.166473
3171 -0.166473
3172 -0.166473
3173 -0.166473
3174 -0.166473
3175 -0.166473
3176 -0.166473
3177 -0.166473
3178 -0.166473
3179 -0.166473
3180 -0.166473
3181 -0.166473
3182 -0.166473
3183 -0.166473
3184 -0.166473
3185 -0.166473
3186 -0.166473
3187 -0.166473
3188 -0.166473
3189 -0.166473
3190 -0.166473
3191 -0.166473
3192 -0.166473
3193 -0.166473
3194 -0.166473
3195 -0.166473
3196 -0.166473
3197 -0.166473
3198 -0.166473
3199 -0.166473
3200 -0.166473
3201 -0.166473
3202 -0.166473
3203 -0.166473
3204 -0.166473
3205 -0.166473
3206 -0.166473
3207 -0.166473
3208 -0.166473
3209 -0.166473
3210 -0.166473
3211 -0.166473
3212 -0.166473
3213 -0.166473
3214 -0.166473
3215 -0.166473
3216 -0.166473
3217 -0.166473
3218 -0.166473
3219 -0.166473
3220 -0.166473
3221 -0.166473
3222 -0.166473
3223 -0.166473
3224 -0.166473
3225 -0.166473
3226 -0.166473
3227 -0.166473
3228 -0.166473
3229 -0.166473
3230 -0.166473
3231 -0.166473
3232 -0.166473
3233 -0.166473
3234 -0.166473
3235 -0.166473
3236 -0.166473
3237 -0.166473
3238 -0.166473
3239 -0.166473
3240 -0.166473
3241 -0.166473
3242 -0.166473
3243 -0.166473
3244 -0.166473
3245 -0.166473
3246 -0.166473
3247 -0.166473
3248 -0.166473
3249 -0.166473
3250 -0.166473
3251 -0.166473
3252 -0.166473
3253 -0.166473
3254 -0.166473
3255 -0.166473
3256 -0.166473
3257 -0.166473
3258 -0.166473
3259 -0.166473
3260 -0.166473
3261 -0.166473
3262 -0.166473
3263 -0.166473
3264 -0.166473
3265 -0.166473
3266 -0.166473
3267 -0.166473
3268 -0.166473
3269 -0.166473
3270 -0.166473
3271 -0.166473
3272 -0.166473
3273 -0.166473
3274 -0.166473
3275 -0.166473
3276 -0.166473
3277 -0.166473
3278 -0.166473
3279 -0.166473
3280 -0.166473
3281 -0.166473
3282 -0.166473
3283 -0.166473
3284 -0.166473
3285 -0.166473
3286 -0.166473
3287 -0.166473
3288 -0.166473
3289 -0.166473
3290 -0.166473
3291 -0.166473
3292 -0.166473
3293 -0.166473
3294 -0.166473
3295 -0.166473
3296 -0.166473
3297 -0.166473
3298 -0.166473
3299 -0.166473
3300 -0.166473
3301 -0.166473
3302 -0.166473
3303 -0.166473
3304 -0.166473
3305 -0.166473
3306 -0.166473
3307 -0.166473
3308 -0.166473
3309 -0.166473
3310 -0.166473
3311 -0.166473
3312 -0.166473
3313 -0.166473
3314 -0.166473
3315 -0.166473
3316 -0.166473
3317 -0.166473
3318 -0.166473
3319 -0.166473
3320 -0.166473
3321 -0.166473
3322 -0.166473
3323 -0.166473
3324 -0.166473
3325 -0.166473
3326 -0.166473
3327 -0.166473
3328 -0.166473
3329 -0.166473
3330 -0.166473
3331 -0.166473
3332 -0.166473
3333 -0.166473
3334 -0.166473
3335 -0.166473
3336 -0.166473
3337 -0.166473
3338 -0.166473
3339 -0.166473
3340 -0.166473
3341 -0.166473
3342 -0.166473
3343 -0.166473
3344 -0.166473
3345 -0.166473
3346 -0.166473
3347 -0.166473
3348 -0.166473
3349 -0.166473
3350 -0.166473
3351 -0.166473
3352 -0.166473
3353 -0.166473
3354 -0.166473
3355 -0.166473
3356 -0.166473
3357 -0.166473
3358 -0.166473
3359 -0.166473
3360 -0.166473
3361 -0.166473
3362 -0.166473
3363 -0.166473
3364 -0.166473
3365 -0.166473
3366 -0.166473
3367 -0.166473
3368 -0.166473
3369 -0.166473
3370 -0.166473
3371 -0.166473
3372 -0.166473
3373 -0.166473
3374 -0.166473
3375 -0.166473
3376 -0.166473
3377 -0.166473
3378 -0.166473
3379 -0.166473
3380 -0.166473
3381 -0.166473
3382 -0.166473
3383 -0.166473
3384 -0.166473
3385 -0.166473
3386 -0.166473
3387 -0.166473
3388 -0.166473
3389 -0.166473
3390 -0.166473
3391 -0.166473
3392 -0.166473
3393 -0.166473
3394 -0.166473
3395 -0.166473
3396 -0.166473
3397 -0.166473
3398 -0.166473
3399 -0.166473
3400 -0.166473
3401 -0.166473
3402 -0.166473
3403 -0.166473
3404 -0.166473
3405 -0.166473
3406 -0.166473
3407 -0.166473
3408 -0.166473
3409 -0.166473
3410 -0.166473
3411 -0.166473
3412 -0.166473
3413 -0.166473
3414 -0.166473
3415 -0.166473
3416 -0.166473
3417 -0.166473
3418 -0.166473
3419 -0.166473
3420 -0.166473
3421 -0.166473
3422 -0.166473
3423 -0.166473
3424 -0.166473
3425 -0.166473
3426 -0.166473
3427 -0.166473
3428 -0.166473
3429 -0.166473
3430 -0.166473
3431 -0.166473
3432 -0.166473
3433 -0.166473
3434 -0.166473
3435 -0.166473
3436 -0.166473
3437 -0.166473
3438 -0.166473
3439 -0.166473
3440 -0.166473
3441 -0.166473
3442 -0.166473
3443 -0.166473
3444 -0.166473
3445 -0.166473
3446 -0.166473
3447 -0.166473
3448 -0.166473
3449 -0.166473
3450 -0.166473
3451 -0.166473
3452 -0.166473
3453 -0.166473
3454 -0.166473
3455 -0.166473
3456 -0.166473
3457 -0.166473
3458 -0.166473
3459 -0.166473
3460 -0.166473
3461 -0.166473
3462 -0.166473
3463 -0.166473
3464 -0.166473
3465 -0.166473
3466 -0.166473
3467 -0.166473
3468 -0.166473
3469 -0.166473
3470 -0.166473
3471 -0.166473
3472 -0.166473
3473 -0.166473
3474 -0.166473
3475 -0.166473
3476 -0.166473
3477 -0.166473
3478 -0.166473
3479 -0.166473
3480 -0.166473
3481 -0.166473
3482 -0.166473
3483 -0.166473
3484 -0.166473
3485 -0.166473
3486 -0.166473
3487 -0.166473
3488 -0.166473
3489 -0.166473
3490 -0.166473
3491 -0.166473
3492 -0.166473
3493 -0.166473
3494 -0.166473
3495 -0.166473
3496 -0.166473
3497 -0.166473
3498 -0.166473
3499 -0.166473
3500 -0.166473
3501 -0.166473
3502 -0.166473
3503 -0.166473
3504 -0.166473
3505 -0.166473
3506 -0.166473
3507 -0.166473
3508 -0.166473
3509 -0.166473
3510 -0.166473
3511 -0.166473
3512 -0.166473
3513 -0.166473
3514 -0.166473
3515 -0.166473
3516 -0.166473
3517 -0.166473
3518 -0.166473
3519 -0.166473
3520 -0.166473
3521 -0.166473
3522 -0.166473
3523 -0.166473
3524 -0.166473
3525 -0.166473
3526 -0.166473
3527 -0.166473
3528 -0.166473
3529 -0.166473
3530 -0.166473
3531 -0.166473
3532 -0.166473
3533 -0.166473
3534 -0.166473
3535 -0.166473
3536 -0.166473
3537 -0.166473
3538 -0.166473
3539 -0.166473
3540 -0.166473
3541 -0.166473
3542 -0.166473
3543 -0.166473
3544 -0.166473
3545 -0.166473
3546 -0.166473
3547 -0.166473
3548 -0.166473
3549 -0.166473
3550 -0.166473
3551 -0.166473
3552 -0.166473
3553 -0.166473
3554 -0.166473
3555 -0.166473
3556 -0.166473
3557 -0.166473
3558 -0.166473
3559 -0.166473
3560 -0.166473
3561 -0.166473
3562 -0.166473
3563 -0.166473
3564 -0.166473
3565 -0.166473
3566 -0.166473
3567 -0.166473
3568 -0.166473
3569 -0.166473
3570 -0.166473
3571 -0.166473
3572 -0.166473
3573 -0.166473
3574 -0.166473
3575 -0.166473
3576 -0.166473
3577 -0.166473
3578 -0.166473
3579 -0.166473
3580 -0.166473
3581 -0.166473
3582 -0.166473
3583 -0.166473
3584 -0.166473
3585 -0.166473
3586 -0.166473
3587 -0.166473
3588 -0.166473
3589 -0.166473
3590 -0.166473
3591 -0.166473
3592 -0.166473
3593 -0.166473
3594 -0.166473
3595 -0.166473
3596 -0.166473
3597 -0.166473
3598 -0.166473
3599 -0.166473
3600 -0.166473
3601 -0.166473
3602 -0.166473
3603 -0.166473
3604 -0.166473
3605 -0.166473
3606 -0.166473
3607 -0.166473
3608 -0.166473
3609 -0.166473
3610 -0.166473
3611 -0.166473
3612 -0.166473
3613 -0.166473
3614 -0.166473
3615 -0.166473
3616 -0.166473
3617 -0.166473
3618 -0.166473
3619 -0.166473
3620 -0.166473
3621 -0.166473
3622 -0.166473
3623 -0.166473
3624 -0.166473
3625 -0.166473
3626 -0.166473
3627 -0.166473
3628 -0.166473
3629 -0.166473
3630 -0.166473
3631 -0.166473
3632 -0.166473
3633 -0.166473
3634 -0.166473
3635 -0.166473
3636 -0.166473
3637 -0.166473
3638 -0.166473
3639 -0.166473
3640 -0.166473
3641 -0.166473
3642 -0.166473
3643 -0.166473
3644 -0.166473
3645 -0.166473
3646 -0.166473
3647 -0.166473
3648 -0.166473
3649 -0.166473
3650 -0.166473
3651 -0.166473
3652 -0.166473
3653 -0.166473
3654 -0.166473
3655 -0.166473
3656 -0.166473
3657 -0.166473
3658 -0.166473
3659 -0.166473
3660 -0.166473
3661 -0.166473
3662 -0.166473
3663 -0.166473
3664 -0.166473
3665 -0.166473
3666 -0.166473
3667 -0.166473
3668 -0.166473
3669 -0.166473
3670 -0.166473
3671 -0.166473
3672 -0.166473
3673 -0.166473
3674 -0.166473
3675 -0.166473
3676 -0.166473
3677 -0.166473
3678 -0.166473
3679 -0.166473
3680 -0.166473
3681 -0.166473
3682 -0.166473
3683 -0.166473
3684 -0.166473
3685 -0.166473
3686 -0.166473
3687 -0.166473
3688 -0.166473
3689 -0.166473
3690 -0.166473
3691 -0.166473
3692 -0.166473
3693 -0.166473
3694 -0.166473
3695 -0.166473
3696 -0.166473
3697 -0.166473
3698 -0.166473
3699 -0.166473
3700 -0.166473
3701 -0.166473
3702 -0.166473
3703 -0.166473
3704 -0.166473
3705 -0.166473
3706 -0.166473
3707 -0.166473
3708 -0.166473
3709 -0.166473
3710 -0.166473
3711 -0.166473
3712 -0.166473
3713 -0.166473
3714 -0.166473
3715 -0.166473
3716 -0.166473
3717 -0.166473
3718 -0.166473
3719 -0.166473
3720 -0.166473
3721 -0.166473
3722 -0.166473
3723 -0.166473
3724 -0.166473
3725 -0.166473
3726 -0.166473
3727 -0.166473
3728 -0.166473
3729 -0.166473
3730 -0.166473
3731 -0.166473
3732 -0.166473
3733 -0.166473
3734 -0.166473
3735 -0.166473
3736 -0.166473
3737 -0.166473
3738 -0.166473
3739 -0.166473
3740 -0.166473
3741 -0.166473
3742 -0.166473
3743 -0.166473
3744 -0.166473
3745 -0.166473
3746 -0.166473
3747 -0.166473
3748 -0.166473
3749 -0.166473
3750 -0.166473
3751 -0.166473
3752 -0.166473
3753 -0.166473
3754 -0.166473
3755 -0.166473
3756 -0.166473
3757 -0.166473
3758 -0.166473
3759 -0.166473
3760 -0.166473
3761 -0.166473
3762 -0.166473
3763 -0.166473
3764 -0.166473
3765 -0.166473
3766 -0.166473
3767 -0.166473
3768 -0.166473
3769 -0.166473
3770 -0.166473
3771 -0.166473
3772 -0.166473
3773 -0.166473
3774 -0.166473
3775 -0.166473
3776 -0.166473
3777 -0.166473
3778 -0.166473
3779 -0.166473
3780 -0.166473
3781 -0.166473
3782 -0.166473
3783 -0.166473
3784 -0.166473
3785 -0.166473
3786 -0.166473
3787 -0.166473
3788 -0.166473
3789 -0.166473
3790 -0.166473
3791 -0.166473
3792 -0.166473
3793 -0.166473
3794 -0.166473
3795 -0.166473
3796 -0.166473
3797 -0.166473
3798 -0.166473
3799 -0.166473
3800 -0.166473
3801 -0.166473
3802 -0.166473
3803 -0.166473
3804 -0.166473
3805 -0.166473
3806 -0.166473
3807 -0.166473
3808 -0.166473
3809 -0.166473
3810 -0.166473
3811 -0.166473
3812 -0.166473
3813 -0.166473
3814 -0.166473
3815 -0.166473
3816 -0.166473
3817 -0.166473
3818 -0.166473
3819 -0.166473
3820 -0.166473
3821 -0.166473
3822 -0.166473
3823 -0.166473
3824 -0.166473
3825 -0.166473
3826 -0.166473
3827 -0.166473
3828 -0.166473
3829 -0.166473
3830 -0.166473
3831 -0.166473
3832 -0.166473
3833 -0.166473
3834 -0.166473
3835 -0.166473
3836 -0.166473
3837 -0.166473
3838 -0.166473
3839 -0.166473
3840 -0.166473
3841 -0.166473
3842 -0.166473
3843 -0.166473
3844 -0.166473
3845 -0.166473
3846 -0.166473
3847 -0.166473
3848 -0.166473
3849 -0.166473
3850 -0.166473
3851 -0.166473
3852 -0.166473
3853 -0.166473
3854 -0.166473
3855 -0.166473
3856 -0.166473
3857 -0.166473
3858 -0.166473
3859 -0.166473
3860 -0.166473
3861 -0.166473
3862 -0.166473
3863 -0.166473
3864 -0.166473
3865 -0.166473
3866 -0.166473
3867 -0.166473
3868 -0.166473
3869 -0.166473
3870 -0.166473
3871 -0.166473
3872 -0.166473
3873 -0.166473
3874 -0.166473
3875 -0.166473
3876 -0.166473
3877 -0.166473
3878 -0.166473
3879 -0.166473
3880 -0.166473
3881 -0.166473
3882 -0.166473
3883 -0.166473
3884 -0.166473
3885 -0.166473
3886 -0.166473
3887 -0.166473
3888 -0.166473
3889 -0.166473
3890 -0.166473
3891 -0.166473
3892 -0.166473
3893 -0.166473
3894 -0.166473
3895 -0.166473
3896 -0.166473
3897 -0.166473
3898 -0.166473
3899 -0.166473
3900 -0.166473
3901 -0.166473
3902 -0.166473
3903 -0.166473
3904 -0.166473
3905 -0.166473
3906 -0.166473
3907 -0.166473
3908 -0.166473
3909 -0.166473
3910 -0.166473
3911 -0.166473
3912 -0.166473
3913 -0.166473
3914 -0.166473
3915 -0.166473
3916 -0.166473
3917 -0.166473
3918 -0.166473
3919 -0.166473
3920 -0.166473
3921 -0.166473
3922 -0.166473
3923 -0.166473
3924 -0.166473
3925 -0.166473
3926 -0.166473
3927 -0.166473
3928 -0.166473
3929 -0.166473
3930 -0.166473
3931 -0.166473
3932 -0.166473
3933 -0.166473
3934 -0.166473
3935 -0.166473
3936 -0.166473
3937 -0.166473
3938 -0.166473
3939 -0.166473
3940 -0.166473
3941 -0.166473
3942 -0.166473
3943 -0.166473
3944 -0.166473
3945 -0.166473
3946 -0.166473
3947 -0.166473
3948 -0.166473
3949 -0.166473
3950 -0.166473
3951 -0.166473
3952 -0.166473
3953 -0.166473
3954 -0.166473
3955 -0.166473
3956 -0.166473
3957 -0.166473
3958 -0.166473
3959 -0.166473
3960 -0.166473
3961 -0.166473
3962 -0.166473
3963 -0.166473
3964 -0.166473
3965 -0.166473
3966 -0.166473
3967 -0.166473
3968 -0.166473
3969 -0.166473
3970 -0.166473
3971 -0.166473
3972 -0.166473
3973 -0.166473
3974 -0.166473
3975 -0.166473
3976 -0.166473
3977 -0.166473
3978 -0.166473
3979 -0.166473
3980 -0.166473
3981 -0.166473
3982 -0.166473
3983 -0.166473
3984 -0.166473
3985 -0.166473
3986 -0.166473
3987 -0.166473
3988 -0.166473
3989 -0.166473
3990 -0.166473
3991 -0.166473
3992 -0.166473
3993 -0.166473
3994 -0.166473
3995 -0.166473
3996 -0.166473
3997 -0.166473
3998 -0.166473
3999 -0.166473
4000 -0.166473
4001 -0.166473
4002 -0.166473
4003 -0.166473
4004 -0.166473
4005 -0.166473
4006 -0.166473
4007 -0.166473
4008 -0.166473
4009 -0.166473
4010 -0.166473
4011 -0.166473
4012 -0.166473
4013 -0.166473
4014 -0.166473
4015 -0.166473
4016 -0.166473
4017 -0.166473
4018 -0.166473
4019 -0.166473
4020 -0.166473
4021 -0.166473
4022 -0.166473
4023 -0.166473
4024 -0.166473
4025 -0.166473
4026 -0.166473
4027 -0.166473
4028 -0.166473
4029 -0.166473
4030 -0.166473
4031 -0.166473
4032 -0.166473
4033 -0.166473
4034 -0.166473
4035 -0.166473
4036 -0.166473
4037 -0.166473
4038 -0.166473
4039 -0.166473
4040 -0.166473
4041 -0.166473
4042 -0.166473
4043 -0.166473
4044 -0.166473
4045 -0.166473
4046 -0.166473
4047 -0.166473
4048 -0.166473
4049 -0.166473
4050 -0.166473
4051 -0.166473
4052 -0.166473
4053 -0.166473
4054 -0.166473
4055 -0.166473
4056 -0.166473
4057 -0.166473
4058 -0.166473
4059 -0.166473
4060 -0.166473
4061 -0.166473
4062 -0.166473
4063 -0.166473
4064 -0.166473
4065 -0.166473
4066 -0.166473
4067 -0.166473
4068 -0.166473
4069 -0.166473
4070 -0.166473
4071 -0.166473
4072 -0.166473
4073 -0.166473
4074 -0.166473
4075 -0.166473
4076 -0.166473
4077 -0.166473
4078 -0.166473
4079 -0.166473
4080 -0.166473
4081 -0.166473
4082 -0.166473
4083 -0.166473
4084 -0.166473
4085 -0.166473
4086 -0.166473
4087 -0.166473
4088 -0.166473
4089 -0.166473
4090 -0.166473
4091 -0.166473
4092 -0.166473
4093 -0.166473
4094 -0.166473
4095 -0.166473
4096 -0.166473
4097 -0.166473
4098 -0.166473
4099 -0.166473
4100 -0.166473
4101 -0.166473
4102 -0.166473
4103 -0.166473
4104 -0.166473
4105 -0.166473
4106 -0.166473
4107 -0.166473
4108 -0.166473
4109 -0.166473
4110 -0.166473
4111 -0.166473
4112 -0.166473
4113 -0.166473
4114 -0.166473
4115 -0.166473
4116 -0.166473
4117 -0.166473
4118 -0.166473
4119 -0.166473
4120 -0.166473
4121 -0.166473
4122 -0.166473
4123 -0.166473
4124 -0.166473
4125 -0.166473
4126 -0.166473
4127 -0.166473
4128 -0.166473
4129 -0.166473
4130 -0.166473
4131 -0.166473
4132 -0.166473
4133 -0.166473
4134 -0.166473
4135 -0.166473
4136 -0.166473
4137 -0.166473
4138 -0.166473
4139 -0.166473
4140 -0.166473
4141 -0.166473
4142 -0.166473
4143 -0.166473
4144 -0.166473
4145 -0.166473
4146 -0.166473
4147 -0.166473
4148 -0.166473
4149 -0.166473
4150 -0.166473
4151 -0.166473
4152 -0.166473
4153 -0.166473
4154 -0.166473
4155 -0.166473
4156 -0.166473
4157 -0.166473
4158 -0.166473
4159 -0.166473
4160 -0.166473
4161 -0.166473
4162 -0.166473
4163 -0.166473
4164 -0.166473
4165 -0.166473
4166 -0.166473
4167 -0.166473
4168 -0.166473
4169 -0.166473
4170 -0.166473
4171 -0.166473
4172 -0.166473
4173 -0.166473
4174 -0.166473
4175 -0.166473
4176 -0.166473
4177 -0.166473
4178 -0.166473
4179 -0.166473
4180 -0.166473
4181 -0.166473
4182 -0.166473
4183 -0.166473
4184 -0.166473
4185 -0.166473
4186 -0.166473
4187 -0.166473
4188 -0.166473
4189 -0.166473
4190 -0.166473
4191 -0.166473
4192 -0.166473
4193 -0.166473
4194 -0.166473
4195 -0.166473
4196 -0.166473
4197 -0.166473
4198 -0.166473
4199 -0.166473
4200 -0.166473
4201 -0.166473
4202 -0.166473
4203 -0.166473
4204 -0.166473
4205 -0.166473
4206 -0.166473
4207 -0.166473
4208 -0.166473
4209 -0.166473
4210 -0.166473
4211 -0.166473
4212 -0.166473
4213 -0.166473
4214 -0.166473
4215 -0.166473
4216 -0.166473
4217 -0.166473
4218 -0.166473
4219 -0.166473
4220 -0.166473
4221 -0.166473
4222 -0.166473
4223 -0.166473
4224 -0.166473
4225 -0.166473
4226 -0.166473
4227 -0.166473
4228 -0.166473
4229 -0.166473
4230 -0.166473
4231 -0.166473
4232 -0.166473
4233 -0.166473
4234 -0.166473
4235 -0.166473
4236 -0.166473
4237 -0.166473
4238 -0.166473
4239 -0.166473
4240 -0.166473
4241 -0.166473
4242 -0.166473
4243 -0.166473
4244 -0.166473
4245 -0.166473
4246 -0.166473
4247 -0.166473
4248 -0.166473
4249 -0.166473
4250 -0.166473
4251 -0.166473
4252 -0.166473
4253 -0.166473
4254 -0.166473
4255 -0.166473
4256 -0.166473
4257 -0.166473
4258 -0.166473
4259 -0.166473
4260 -0.166473
4261 -0.166473
4262 -0.166473
4263 -0.166473
4264 -0.166473
4265 -0.166473
4266 -0.166473
4267 -0.166473
4268 -0.166473
4269 -0.166473
4270 -0.166473
4271 -0.166473
4272 -0.166473
4273 -0.166473
4274 -0.166473
4275 -0.166473
4276 -0.166473
4277 -0.166473
4278 -0.166473
4279 -0.166473
4280 -0.166473
4281 -0.166473
4282 -0.166473
4283 -0.166473
4284 -0.166473
4285 -0.166473
4286 -0.166473
4287 -0.166473
4288 -0.166473
4289 -0.166473
4290 -0.166473
4291 -0.166473
4292 -0.166473
4293 -0.166473
4294 -0.166473
4295 -0.166473
4296 -0.166473
4297 -0.166473
4298 -0.166473
4299 -0.166473
4300 -0.166473
4301 -0.166473
4302 -0.166473
4303 -0.166473
4304 -0.166473
4305 -0.166473
4306 -0.166473
4307 -0.166473
4308 -0.166473
4309 -0.166473
4310 -0.166473
4311 -0.166473
4312 -0.166473
4313 -0.166473
4314 -0.166473
4315 -0.166473
4316 -0.166473
4317 -0.166473
4318 -0.166473
4319 -0.166473
4320 -0.166473
4321 -0.166473
4322 -0.166473
4323 -0.166473
4324 -0.166473
4325 -0.166473
4326 -0.166473
4327 -0.166473
4328 -0.166473
4329 -0.166473
4330 -0.166473
4331 -0.166473
4332 -0.166473
4333 -0.166473
4334 -0.166473
4335 -0.166473
4336 -0.166473
4337 -0.166473
4338 -0.166473
4339 -0.166473
4340 -0.166473
4341 -0.166473
4342 -0.166473
4343 -0.166473
4344 -0.166473
4345 -0.166473
4346 -0.166473
4347 -0.166473
4348 -0.166473
4349 -0.166473
4350 -0.166473
4351 -0.166473
4352 -0.166473
4353 -0.166473
4354 -0.166473
4355 -0.166473
4356 -0.166473
4357 -0.166473
4358 -0.166473
4359 -0.166473
4360 -0.166473
4361 -0.166473
4362 -0.166473
4363 -0.166473
4364 -0.166473
4365 -0.166473
4366 -0.166473
4367 -0.166473
4368 -0.166473
4369 -0.166473
4370 -0.166473
4371 -0.166473
4372 -0.166473
4373 -0.166473
4374 -0.166473
4375 -0.166473
4376 -0.166473
4377 -0.166473
4378 -0.166473
4379 -0.166473
4380 -0.166473
4381 -0.166473
4382 -0.166473
4383 -0.166473
4384 -0.166473
4385 -0.166473
4386 -0.166473
4387 -0.166473
4388 -0.166473
4389 -0.166473
4390 -0.166473
4391 -0.166473
4392 -0.166473
4393 -0.166473
4394 -0.166473
4395 -0.166473
4396 -0.166473
4397 -0.166473
4398 -0.166473
4399 -0.166473
4400 -0.166473
4401 -0.166473
4402 -0.166473
4403 -0.166473
4404 -0.166473
4405 -0.166473
4406 -0.166473
4407 -0.166473
4408 -0.166473
4409 -0.166473
4410 -0.166473
4411 -0.166473
4412 -0.166473
4413 -0.166473
4414 -0.166473
4415 -0.166473
4416 -0.166473
4417 -0.166473
4418 -0.166473
4419 -0.166473
4420 -0.166473
4421 -0.166473
4422 -0.166473
4423 -0.166473
4424 -0.166473
4425 -0.166473
4426 -0.166473
4427 -0.166473
4428 -0.166473
4429 -0.166473
4430 -0.166473
4431 -0.166473
4432 -0.166473
4433 -0.166473
4434 -0.166473
4435 -0.166473
4436 -0.166473
4437 -0.166473
4438 -0.166473
4439 -0.166473
4440 -0.166473
4441 -0.166473
4442 -0.166473
4443 -0.166473
4444 -0.166473
4445 -0.166473
4446 -0.166473
4447 -0.166473
4448 -0.166473
4449 -0.166473
4450 -0.166473
4451 -0.166473
4452 -0.166473
4453 -0.166473
4454 -0.166473
4455 -0.166473
4456 -0.166473
4457 -0.166473
4458 -0.166473
4459 -0.166473
4460 -0.166473
4461 -0.166473
4462 -0.166473
4463 -0.166473
4464 -0.166473
4465 -0.166473
4466 -0.166473
4467 -0.166473
4468 -0.166473
4469 -0.166473
4470 -0.166473
4471 -0.166473
4472 -0.166473
4473 -0.166473
4474 -0.166473
4475 -0.166473
4476 -0.166473
4477 -0.166473
4478 -0.166473
4479 -0.166473
4480 -0.166473
4481 -0.166473
4482 -0.166473
4483 -0.166473
4484 -0.166473
4485 -0.166473
4486 -0.166473
4487 -0.166473
4488 -0.166473
4489 -0.166473
4490 -0.166473
4491 -0.166473
4492 -0.166473
4493 -0.166473
4494 -0.166473
4495 -0.166473
4496 -0.166473
4497 -0.166473
4498 -0.166473
4499 -0.166473
4500 -0.166473
4501 -0.166473
4502 -0.166473
4503 -0.166473
4504 -0.166473
4505 -0.166473
4506 -0.166473
4507 -0.166473
4508 -0.166473
4509 -0.166473
4510 -0.166473
4511 -0.166473
4512 -0.166473
4513 -0.166473
4514 -0.166473
4515 -0.166473
4516 -0.166473
4517 -0.166473
4518 -0.166473
4519 -0.166473
4520 -0.166473
4521 -0.166473
4522 -0.166473
4523 -0.166473
4524 -0.166473
4525 -0.166473
4526 -0.166473
4527 -0.166473
4528 -0.166473
4529 -0.166473
4530 -0.166473
4531 -0.166473
4532 -0.166473
4533 -0.166473
4534 -0.166473
4535 -0.166473
4536 -0.166473
4537 -0.166473
4538 -0.166473
4539 -0.166473
4540 -0.166473
4541 -0.166473
4542 -0.166473
4543 -0.166473
4544 -0.166473
4545 -0.166473
4546 -0.166473
4547 -0.166473
4548 -0.166473
4549 -0.166473
4550 -0.166473
4551 -0.166473
4552 -0.166473
4553 -0.166473
4554 -0.166473
4555 -0.166473
4556 -0.166473
4557 -0.166473
4558 -0.166473
4559 -0.166473
4560 -0.166473
4561 -0.166473
4562 -0.166473
4563 -0.166473
4564 -0.166473
4565 -0.166473
4566 -0.166473
4567 -0.166473
4568 -0.166473
4569 -0.166473
4570 -0.166473
4571 -0.166473
4572 -0.166473
4573 -0.166473
4574 -0.166473
4575 -0.166473
4576 -0.166473
4577 -0.166473
4578 -0.166473
4579 -0.166473
4580 -0.166473
4581 -0.166473
4582 -0.166473
4583 -0.166473
4584 -0.166473
4585 -0.166473
4586 -0.166473
4587 -0.166473
4588 -0.166473
4589 -0.166473
4590 -0.166473
4591 -0.166473
4592 -0.166473
4593 -0.166473
4594 -0.166473
4595 -0.166473
4596 -0.166473
4597 -0.166473
4598 -0.166473
4599 -0.166473
4600 -0.166473
4601 -0.166473
4602 -0.166473
4603 -0.166473
4604 -0.166473
4605 -0.166473
4606 -0.166473
4607 -0.166473
4608 -0.166473
4609 -0.166473
4610 -0.166473
4611 -0.166473
4612 -0.166473
4613 -0.166473
4614 -0.166473
4615 -0.166473
4616 -0.166473
4617 -0.166473
4618 -0.166473
4619 -0.166473
4620 -0.166473
4621 -0.166473
4622 -0.166473
4623 -0.166473
4624 -0.166473
4625 -0.166473
4626 -0.166473
4627 -0.166473
4628 -0.166473
4629 -0.166473
4630 -0.166473
4631 -0.166473
4632 -0.166473
4633 -0.166473
4634 -0.166473
4635 -0.166473
4636 -0.166473
4637 -0.166473
4638 -0.166473
4639 -0.166473
4640 -0.166473
4641 -0.166473
4642 -0.166473
4643 -0.166473
4644 -0.166473
4645 -0.166473
4646 -0.166473
4647 -0.166473
4648 -0.166473
4649 -0.166473
4650 -0.166473
4651 -0.166473
4652 -0.166473
4653 -0.166473
4654 -0.166473
4655 -0.166473
4656 -0.166473
4657 -0.166473
4658 -0.166473
4659 -0.166473
4660 -0.166473
4661 -0.166473
4662 -0.166473
4663 -0.166473
4664 -0.166473
4665 -0.166473
4666 -0.166473
4667 -0.166473
4668 -0.166473
4669 -0.166473
4670 -0.166473
4671 -0.166473
4672 -0.166473
4673 -0.166473
4674 -0.166473
4675 -0.166473
4676 -0.166473
4677 -0.166473
4678 -0.166473
4679 -0.166473
4680 -0.166473
4681 -0.166473
4682 -0.166473
4683 -0.166473
4684 -0.166473
4685 -0.166473
4686 -0.166473
4687 -0.166473
4688 -0.166473
4689 -0.166473
4690 -0.166473
4691 -0.166473
4692 -0.166473
4693 -0.166473
4694 -0.166473
4695 -0.166473
4696 -0.166473
4697 -0.166473
4698 -0.166473
4699 -0.166473
4700 -0.166473
4701 -0.166473
4702 -0.166473
4703 -0.166473
4704 -0.166473
4705 -0.166473
4706 -0.166473
4707 -0.166473
4708 -0.166473
4709 -0.166473
4710 -0.166473
4711 -0.166473
4712 -0.166473
4713 -0.166473
4714 -0.166473
4715 -0.166473
4716 -0.166473
4717 -0.166473
4718 -0.166473
4719 -0.166473
4720 -0.166473
4721 -0.166473
4722 -0.166473
4723 -0.166473
4724 -0.166473
4725 -0.166473
4726 -0.166473
4727 -0.166473
4728 -0.166473
4729 -0.166473
4730 -0.166473
4731 -0.166473
4732 -0.166473
4733 -0.166473
4734 -0.166473
4735 -0.166473
4736 -0.166473
4737 -0.166473
4738 -0.166473
4739 -0.166473
4740 -0.166473
4741 -0.166473
4742 -0.166473
4743 -0.166473
4744 -0.166473
4745 -0.166473
4746 -0.166473
4747 -0.166473
4748 -0.166473
4749 -0.166473
4750 -0.166473
4751 -0.166473
4752 -0.166473
4753 -0.166473
4754 -0.166473
4755 -0.166473
4756 -0.166473
4757 -0.166473
4758 -0.166473
4759 -0.166473
4760 -0.166473
4761 -0.166473
4762 -0.166473
4763 -0.166473
4764 -0.166473
4765 -0.166473
4766 -0.166473
4767 -0.166473
4768 -0.166473
4769 -0.166473
4770 -0.166473
4771 -0.166473
4772 -0.166473
4773 -0.166473
4774 -0.166473
4775 -0.166473
4776 -0.166473
4777 -0.166473
4778 -0.166473
4779 -0.166473
4780 -0.166473
4781 -0.166473
4782 -0.166473
4783 -0.166473
4784 -0.166473
4785 -0.166473
4786 -0.166473
4787 -0.166473
4788 -0.166473
4789 -0.166473
4790 -0.166473
4791 -0.166473
4792 -0.166473
4793 -0.166473
4794 -0.166473
4795 -0.166473
4796 -0.166473
4797 -0.166473
4798 -0.166473
4799 -0.166473
4800 -0.166473
4801 -0.166473
4802 -0.166473
4803 -0.166473
4804 -0.166473
4805 -0.166473
4806 -0.166473
4807 -0.166473
4808 -0.166473
4809 -0.166473
4810 -0.166473
4811 -0.166473
4812 -0.166473
4813 -0.166473
4814 -0.166473
4815 -0.166473
4816 -0.166473
4817 -0.166473
4818 -0.166473
4819 -0.166473
4820 -0.166473
4821 -0.166473
4822 -0.166473
4823 -0.166473
4824 -0.166473
4825 -0.166473
4826 -0.166473
4827 -0.166473
4828 -0.166473
4829 -0.166473
4830 -0.166473
4831 -0.166473
4832 -0.166473
4833 -0.166473
4834 -0.166473
4835 -0.166473
4836 -0.166473
4837 -0.166473
4838 -0.166473
4839 -0.166473
4840 -0.166473
4841 -0.166473
4842 -0.166473
4843 -0.166473
4844 -0.166473
4845 -0.166473
4846 -0.166473
4847 -0.166473
4848 -0.166473
4849 -0.166473
4850 -0.166473
4851 -0.166473
4852 -0.166473
4853 -0.166473
4854 -0.166473
4855 -0.166473
4856 -0.166473
4857 -0.166473
4858 -0.166473
4859 -0.166473
4860 -0.166473
4861 -0.166473
4862 -0.166473
4863 -0.166473
4864 -0.166473
4865 -0.166473
4866 -0.166473
4867 -0.166473
4868 -0.166473
4869 -0.166473
4870 -0.166473
4871 -0.166473
4872 -0.166473
4873 -0.166473
4874 -0.166473
4875 -0.166473
4876 -0.166473
4877 -0.166473
4878 -0.166473
4879 -0.166473
4880 -0.166473
4881 -0.166473
4882 -0.166473
4883 -0.166473
4884 -0.166473
4885 -0.166473
4886 -0.166473
4887 -0.166473
4888 -0.166473
4889 -0.166473
4890 -0.166473
4891 -0.166473
4892 -0.166473
4893 -0.166473
4894 -0.166473
4895 -0.166473
4896 -0.166473
4897 -0.166473
4898 -0.166473
4899 -0.166473
4900 -0.166473
4901 -0.166473
4902 -0.166473
4903 -0.166473
4904 -0.166473
4905 -0.166473
4906 -0.166473
4907 -0.166473
4908 -0.166473
4909 -0.166473
4910 -0.166473
4911 -0.166473
4912 -0.166473
4913 -0.166473
4914 -0.166473
4915 -0.166473
4916 -0.166473
4917 -0.166473
4918 -0.166473
4919 -0.166473
4920 -0.166473
4921 -0.166473
4922 -0.166473
4923 -0.166473
4924 -0.166473
4925 -0.166473
4926 -0.166473
4927 -0.166473
4928 -0.166473
4929 -0.166473
4930 -0.166473
4931 -0.166473
4932 -0.166473
4933 -0.166473
4934 -0.166473
4935 -0.166473
4936 -0.166473
4937 -0.166473
4938 -0.166473
4939 -0.166473
4940 -0.166473
4941 -0.166473
4942 -0.166473
4943 -0.166473
4944 -0.166473
4945 -0.166473
4946 -0.166473
4947 -0.166473
4948 -0.166473
4949 -0.166473
4950 -0.166473
4951 -0.166473
4952 -0.166473
4953 -0.166473
4954 -0.166473
4955 -0.166473
4956 -0.166473
4957 -0.166473
4958 -0.166473
4959 -0.166473
4960 -0.166473
4961 -0.166473
4962 -0.166473
4963 -0.166473
4964 -0.166473
4965 -0.166473
4966 -0.166473
4967 -0.166473
4968 -0.166473
4969 -0.166473
4970 -0.166473
4971 -0.166473
4972 -0.166473
4973 -0.166473
4974 -0.166473
4975 -0.166473
4976 -0.166473
4977 -0.166473
4978 -0.166473
4979 -0.166473
4980 -0.166473
4981 -0.166473
4982 -0.166473
4983 -0.166473
4984 -0.166473
4985 -0.166473
4986 -0.166473
4987 -0.166473
4988 -0.166473
4989 -0.166473
4990 -0.166473
4991 -0.166473
4992 -0.166473
4993 -0.166473
4994 -0.166473
4995 -0.166473
4996 -0.166473
4997 -0.166473
4998 -0.166473
4999 -0.166473
5000 -0.166473
5001 -0.166473
5002 -0.166473
5003 -0.166473
5004 -0.166473
5005 -0.166473
5006 -0.166473
5007 -0.166473
5008 -0.166473
5009 -0.166473
5010 -0.166473
5011 -0.166473
5012 -0.166473
5013 -0.166473
5014 -0.166473
5015 -0.166473
5016 -0.166473
5017 -0.166473
5018 -0.166473
5019 -0.166473
5020 -0.166473
5021 -0.166473
5022 -0.166473
5023 -0.166473
5024 -0.166473
5025 -0.166473
5026 -0.166473
5027 -0.166473
5028 -0.166473
5029 -0.166473
5030 -0.166473
5031 -0.166473
5032 -0.166473
5033 -0.166473
5034 -0.166473
5035 -0.166473
5036 -0.166473
5037 -0.166473
5038 -0.166473
5039 -0.166473
5040 -0.166473
5041 -0.166473
5042 -0.166473
5043 -0.166473
5044 -0.166473
5045 -0.166473
5046 -0.166473
5047 -0.166473
5048 -0.166473
5049 -0.166473
5050 -0.166473
5051 -0.166473
5052 -0.166473
5053 -0.166473
5054 -0.166473
5055 -0.166473
5056 -0.166473
5057 -0.166473
5058 -0.166473
5059 -0.166473
5060 -0.166473
5061 -0.166473
5062 -0.166473
5063 -0.166473
5064 -0.166473
5065 -0.166473
5066 -0.166473
5067 -0.166473
5068 -0.166473
5069 -0.166473
5070 -0.166473
5071 -0.166473
5072 -0.166473
5073 -0.166473
5074 -0.166473
5075 -0.166473
5076 -0.166473
5077 -0.166473
5078 -0.166473
5079 -0.166473
5080 -0.166473
5081 -0.166473
5082 -0.166473
5083 -0.166473
5084 -0.166473
5085 -0.166473
5086 -0.166473
5087 -0.166473
5088 -0.166473
5089 -0.166473
5090 -0.166473
5091 -0.166473
5092 -0.166473
5093 -0.166473
5094 -0.166473
5095 -0.166473
5096 -0.166473
5097 -0.166473
5098 -0.166473
5099 -0.166473
5100 -0.166473
5101 -0.166473
5102 -0.166473
5103 -0.166473
5104 -0.166473
5105 -0.166473
5106 -0.166473
5107 -0.166473
5108 -0.166473
5109 -0.166473
5110 -0.166473
5111 -0.166473
5112 -0.166473
5113 -0.166473
5114 -0.166473
5115 -0.166473
5116 -0.166473
5117 -0.166473
5118 -0.166473
5119 -0.166473
5120 -0.166473
5121 -0.166473
5122 -0.166473
5123 -0.166473
5124 -0.166473
5125 -0.166473
5126 -0.166473
5127 -0.166473
5128 -0.166473
5129 -0.166473
5130 -0.166473
5131 -0.166473
5132 -0.166473
5133 -0.166473
5134 -0.166473
5135 -0.166473
5136 -0.166473
5137 -0.166473
5138 -0.166473
5139 -0.166473
5140 -0.166473
5141 -0.166473
5142 -0.166473
5143 -0.166473
5144 -0.166473
5145 -0.166473
5146 -0.166473
5147 -0.166473
5148 -0.166473
5149 -0.166473
5150 -0.166473
5151 -0.166473
5152 -0.166473
5153 -0.166473
5154 -0.166473
5155 -0.166473
5156 -0.166473
5157 -0.166473
5158 -0.166473
5159 -0.166473
5160 -0.166473
5161 -0.166473
5162 -0.166473
5163 -0.166473
5164 -0.166473
5165 -0.166473
5166 -0.166473
5167 -0.166473
5168 -0.166473
5169 -0.166473
5170 -0.166473
5171 -0.166473
5172 -0.166473
5173 -0.166473
5174 -0.166473
5175 -0.166473
5176 -0.166473
5177 -0.166473
5178 -0.166473
5179 -0.166473
5180 -0.166473
5181 -0.166473
5182 -0.166473
5183 -0.166473
5184 -0.166473
5185 -0.166473
5186 -0.166473
5187 -0.166473
5188 -0.166473
5189 -0.166473
5190 -0.166473
5191 -0.166473
5192 -0.166473
5193 -0.166473
5194 -0.166473
5195 -0.166473
5196 -0.166473
5197 -0.166473
5198 -0.166473
5199 -0.166473
5200 -0.166473
5201 -0.166473
5202 -0.166473
5203 -0.166473
5204 -0.166473
5205 -0.166473
5206 -0.166473
5207 -0.166473
5208 -0.166473
5209 -0.166473
5210 -0.166473
5211 -0.166473
5212 -0.166473
5213 -0.166473
5214 -0.166473
5215 -0.166473
5216 -0.166473
5217 -0.166473
5218 -0.166473
5219 -0.166473
5220 -0.166473
5221 -0.166473
5222 -0.166473
5223 -0.166473
5224 -0.166473
5225 -0.166473
5226 -0.166473
5227 -0.166473
5228 -0.166473
5229 -0.166473
5230 -0.166473
5231 -0.166473
5232 -0.166473
5233 -0.166473
5234 -0.166473
5235 -0.166473
5236 -0.166473
5237 -0.166473
5238 -0.166473
5239 -0.166473
5240 -0.166473
5241 -0.166473
5242 -0.166473
5243 -0.166473
5244 -0.166473
5245 -0.166473
5246 -0.166473
5247 -0.166473
5248 -0.166473
5249 -0.166473
5250 -0.166473
5251 -0.166473
5252 -0.166473
5253 -0.166473
5254 -0.166473
5255 -0.166473
5256 -0.166473
5257 -0.166473
5258 -0.166473
5259 -0.166473
5260 -0.166473
5261 -0.166473
5262 -0.166473
5263 -0.166473
5264 -0.166473
5265 -0.166473
5266 -0.166473
5267 -0.166473
5268 -0.166473
5269 -0.166473
5270 -0.166473
5271 -0.166473
5272 -0.166473
5273 -0.166473
5274 -0.166473
5275 -0.166473
5276 -0.166473
5277 -0.166473
5278 -0.166473
5279 -0.166473
5280 -0.166473
5281 -0.166473
5282 -0.166473
5283 -0.166473
5284 -0.166473
5285 -0.166473
5286 -0.166473
5287 -0.166473
5288 -0.166473
5289 -0.166473
5290 -0.166473
5291 -0.166473
5292 -0.166473
5293 -0.166473
5294 -0.166473
5295 -0.166473
5296 -0.166473
5297 -0.166473
5298 -0.166473
5299 -0.166473
5300 -0.166473
5301 -0.166473
5302 -0.166473
5303 -0.166473
5304 -0.166473
5305 -0.166473
5306 -0.166473
5307 -0.166473
5308 -0.166473
5309 -0.166473
5310 -0.166473
5311 -0.166473
5312 -0.166473
5313 -0.166473
5314 -0.166473
5315 -0.166473
5316 -0.166473
5317 -0.166473
5318 -0.166473
5319 -0.166473
5320 -0.166473
5321 -0.166473
5322 -0.166473
5323 -0.166473
5324 -0.166473
5325 -0.166473
5326 -0.166473
5327 -0.166473
5328 -0.166473
5329 -0.166473
5330 -0.166473
5331 -0.166473
5332 -0.166473
5333 -0.166473
5334 -0.166473
5335 -0.166473
5336 -0.166473
5337 -0.166473
5338 -0.166473
5339 -0.166473
5340 -0.166473
5341 -0.166473
5342 -0.166473
5343 -0.166473
5344 -0.166473
5345 -0.166473
5346 -0.166473
5347 -0.166473
5348 -0.166473
5349 -0.166473
5350 -0.166473
5351 -0.166473
5352 -0.166473
5353 -0.166473
5354 -0.166473
5355 -0.166473
5356 -0.166473
5357 -0.166473
5358 -0.166473
5359 -0.166473
5360 -0.166473
5361 -0.166473
5362 -0.166473
5363 -0.166473
5364 -0.166473
5365 -0.166473
5366 -0.166473
5367 -0.166473
5368 -0.166473
5369 -0.166473
5370 -0.166473
5371 -0.166473
5372 -0.166473
5373 -0.166473
5374 -0.166473
5375 -0.166473
5376 -0.166473
5377 -0.166473
5378 -0.166473
5379 -0.166473
5380 -0.166473
5381 -0.166473
5382 -0.166473
5383 -0.166473
5384 -0.166473
5385 -0.166473
5386 -0.166473
5387 -0.166473
5388 -0.166473
5389 -0.166473
5390 -0.166473
5391 -0.166473
5392 -0.166473
5393 -0.166473
5394 -0.166473
5395 -0.166473
5396 -0.166473
5397 -0.166473
5398 -0.166473
5399 -0.166473
5400 -0.166473
5401 -0.166473
5402 -0.166473
5403 -0.166473
5404 -0.166473
5405 -0.166473
5406 -0.166473
5407 -0.166473
5408 -0.166473
5409 -0.166473
5410 -0.166473
5411 -0.166473
5412 -0.166473
5413 -0.166473
5414 -0.166473
5415 -0.166473
5416 -0.166473
5417 -0.166473
5418 -0.166473
5419 -0.166473
5420 -0.166473
5421 -0.166473
5422 -0.166473
5423 -0.166473
5424 -0.166473
5425 -0.166473
5426 -0.166473
5427 -0.166473
5428 -0.166473
5429 -0.166473
5430 -0.166473
5431 -0.166473
5432 -0.166473
5433 -0.166473
5434 -0.166473
5435 -0.166473
5436 -0.166473
5437 -0.166473
5438 -0.166473
5439 -0.166473
5440 -0.166473
5441 -0.166473
5442 -0.166473
5443 -0.166473
5444 -0.166473
5445 -0.166473
5446 -0.166473
5447 -0.166473
5448 -0.166473
5449 -0.166473
5450 -0.166473
5451 -0.166473
5452 -0.166473
5453 -0.166473
5454 -0.166473
5455 -0.166473
5456 -0.166473
5457 -0.166473
5458 -0.166473
5459 -0.166473
5460 -0.166473
5461 -0.166473
5462 -0.166473
5463 -0.166473
5464 -0.166473
5465 -0.166473
5466 -0.166473
5467 -0.166473
5468 -0.166473
5469 -0.166473
5470 -0.166473
5471 -0.166473
5472 -0.166473
5473 -0.166473
5474 -0.166473
5475 -0.166473
5476 -0.166473
5477 -0.166473
5478 -0.166473
5479 -0.166473
5480 -0.166473
5481 -0.166473
5482 -0.166473
5483 -0.166473
5484 -0.166473
5485 -0.166473
5486 -0.166473
5487 -0.166473
5488 -0.166473
5489 -0.166473
5490 -0.166473
5491 -0.166473
5492 -0.166473
5493 -0.166473
5494 -0.166473
5495 -0.166473
5496 -0.166473
5497 -0.166473
5498 -0.166473
5499 -0.166473
5500 -0.166473
5501 -0.166473
5502 -0.166473
5503 -0.166473
5504 -0.166473
5505 -0.166473
5506 -0.166473
5507 -0.166473
5508 -0.166473
5509 -0.166473
5510 -0.166473
5511 -0.166473
5512 -0.166473
5513 -0.166473
5514 -0.166473
5515 -0.166473
5516 -0.166473
5517 -0.166473
5518 -0.166473
5519 -0.166473
5520 -0.166473
5521 -0.166473
5522 -0.166473
5523 -0.166473
5524 -0.166473
5525 -0.166473
5526 -0.166473
5527 -0.166473
5528 -0.166473
5529 -0.166473
5530 -0.166473
5531 -0.166473
5532 -0.166473
5533 -0.166473
5534 -0.166473
5535 -0.166473
5536 -0.166473
5537 -0.166473
5538 -0.166473
5539 -0.166473
5540 -0.166473
5541 -0.166473
5542 -0.166473
5543 -0.166473
5544 -0.166473
5545 -0.166473
5546 -0.166473
5547 -0.166473
5548 -0.166473
5549 -0.166473
5550 -0.166473
5551 -0.166473
5552 -0.166473
5553 -0.166473
5554 -0.166473
5555 -0.166473
5556 -0.166473
5557 -0.166473
5558 -0.166473
5559 -0.166473
5560 -0.166473
5561 -0.166473
5562 -0.166473
5563 -0.166473
5564 -0.166473
5565 -0.166473
5566 -0.166473
5567 -0.166473
5568 -0.166473
5569 -0.166473
5570 -0.166473
5571 -0.166473
5572 -0.166473
5573 -0.166473
5574 -0.166473
5575 -0.166473
5576 -0.166473
5577 -0.166473
5578 -0.166473
5579 -0.166473
5580 -0.166473
5581 -0.166473
5582 -0.166473
5583 -0.166473
5584 -0.166473
5585 -0.166473
5586 -0.166473
5587 -0.166473
5588 -0.166473
5589 -0.166473
5590 -0.166473
5591 -0.166473
5592 -0.166473
5593 -0.166473
5594 -0.166473
5595 -0.166473
5596 -0.166473
5597 -0.166473
5598 -0.166473
5599 -0.166473
5600 -0.166473
5601 -0.166473
5602 -0.166473
5603 -0.166473
5604 -0.166473
5605 -0.166473
5606 -0.166473
5607 -0.166473
5608 -0.166473
5609 -0.166473
5610 -0.166473
5611 -0.166473
5612 -0.166473
5613 -0.166473
5614 -0.166473
5615 -0.166473
