0 1.9214
1 0.415427
2 0.274224
3 0.192041
4 0.140754
5 0.106645
6 0.082514
7 0.0644861
8 0.0503645
9 0.0388969
10 0.0292974
11 0.0210773
12 0.0139034
13 0.00754583
14 0.00183872
15 -0.00335196
16 -0.00811923
17 -0.0125301
18 -0.0166384
19 -0.0204854
20 -0.0241053
21 -0.0275254
22 -0.030769
23 -0.0338551
24 -0.0367999
25 -0.0396173
26 -0.042319
27 -0.0449153
28 -0.047415
29 -0.0498257
30 -0.0521544
31 -0.0544068
32 -0.0565883
33 -0.0587036
34 -0.0607569
35 -0.062752
36 -0.0646924
37 -0.0665813
38 -0.0684217
39 -0.0702161
40 -0.071967
41 -0.0736766
42 -0.0753469
43 -0.0769797
44 -0.0785768
45 -0.0801395
46 -0.0816694
47 -0.0831677
48 -0.0846355
49 -0.0860741
50 -0.0874842
51 -0.0888669
52 -0.090223
53 -0.0915532
54 -0.0928583
55 -0.094139
56 -0.095396
57 -0.0966297
58 -0.0978408
59 -0.0990298
60 -0.100197
61 -0.101344
62 -0.102469
63 -0.103575
64 -0.104661
65 -0.105727
66 -0.106775
67 -0.107804
68 -0.108814
69 -0.109807
70 -0.110783
71 -0.111741
72 -0.112683
73 -0.113608
74 -0.114517
75 -0.11541
76 -0.116288
77 -0.11715
78 -0.117998
79 -0.11883
80 -0.119649
81 -0.120453
82 -0.121243
83 -0.12202
84 -0.122783
85 -0.123533
86 -0.12427
87 -0.124995
88 -0.125707
89 -0.126407
90 -0.127095
91 -0.127771
92 -0.128436
93 -0.129089
94 -0.129731
95 -0.130363
96 -0.130983
97 -0.131593
98 -0.132192
99 -0.132782
100 -0.133361
101 -0.13393
102 -0.13449
103 -0.13504
104 -0.135581
105 -0.136113
106 -0.136636
107 -0.13715
108 -0.137655
109 -0.138151
110 -0.13864
111 -0.13912
112 -0.139592
113 -0.140056
114 -0.140512
115 -0.14096
116 -0.141401
117 -0.141834
118 -0.14226
119 -0.142679
120 -0.143091
121 -0.143496
122 -0.143894
123 -0.144286
124 -0.14467
125 -0.145049
126 -0.145421
127 -0.145786
128 -0.146146
129 -0.146499
130 -0.146847
131 -0.147189
132 -0.147525
133 -0.147855
134 -0.14818
135 -0.148499
136 -0.148813
137 -0.149121
138 -0.149425
139 -0.149723
140 -0.150016
141 -0.150305
142 -0.150588
143 -0.150867
144 -0.151141
145 -0.15141
146 -0.151675
147 -0.151936
148 -0.152192
149 -0.152443
150 -0.152691
151 -0.152934
152 -0.153173
153 -0.153408
154 -0.15364
155 -0.153867
156 -0.15409
157 -0.15431
158 -0.154526
159 -0.154738
160 -0.154947
161 -0.155152
162 -0.155354
163 -0.155552
164 -0.155747
165 -0.155939
166 -0.156127
167 -0.156312
168 -0.156494
169 -0.156673
170 -0.156849
171 -0.157022
172 -0.157192
173 -0.15736
174 -0.157524
175 -0.157685
176 -0.157844
177 -0.158
178 -0.158154
179 -0.158304
180 -0.158453
181 -0.158598
182 -0.158742
183 -0.158882
184 -0.159021
185 -0.159157
186 -0.15929
187 -0.159422
188 -0.159551
189 -0.159678
190 -0.159803
191 -0.159925
192 -0.160046
193 -0.160165
194 -0.160281
195 -0.160395
196 -0.160508
197 -0.160619
198 -0.160727
199 -0.160834
200 -0.160939
201 -0.161042
202 -0.161144
203 -0.161243
204 -0.161341
205 -0.161437
206 -0.161532
207 -0.161625
208 -0.161716
209 -0.161806
210 -0.161894
211 -0.161981
212 -0.162066
213 -0.16215
214 -0.162232
215 -0.162313
216 -0.162393
217 -0.162471
218 -0.162547
219 -0.162623
220 -0.162697
221 -0.16277
222 -0.162841
223 -0.162911
224 -0.162981
225 -0.163048
226 -0.163115
227 -0.163181
228 -0.163245
229 -0.163308
230 -0.16337
231 -0.163431
232 -0.163491
233 -0.16355
234 -0.163608
235 -0.163665
236 -0.163721
237 -0.163776
238 -0.16383
239 -0.163883
240 -0.163935
241 -0.163986
242 -0.164036
243 -0.164086
244 -0.164134
245 -0.164182
246 -0.164229
247 -0.164275
248 -0.16432
249 -0.164364
250 -0.164408
251 -0.16445
252 -0.164492
253 -0.164534
254 -0.164574
255 -0.164614
256 -0.164653
257 -0.164692
258 -0.164729
259 -0.164767
260 -0.164803
261 -0.164839
262 -0.164874
263 -0.164908
264 -0.164942
265 -0.164975
266 -0.165008
267 -0.16504
268 -0.165072
269 -0.165103
270 -0.165133
271 -0.165163
272 -0.165192
273 -0.165221
274 -0.165249
275 -0.165277
276 -0.165304
277 -0.165331
278 -0.165357
279 -0.165383
280 -0.165408
281 -0.165433
282 -0.165458
283 -0.165482
284 -0.165505
285 -0.165528
286 -0.165551
287 -0.165573
288 -0.165595
289 -0.165616
290 -0.165638
291 -0.165658
292 -0.165678
293 -0.165698
294 -0.165718
295 -0.165737
296 -0.165756
297 -0.165774
298 -0.165793
299 -0.16581
300 -0.165828
301 -0.165845
302 -0.165862
303 -0.165878
304 -0.165895
305 -0.165911
306 -0.165926
307 -0.165941
308 -0.165956
309 -0.165971
310 -0.165986
311 -0.166
312 -0.166014
313 -0.166027
314 -0.166041
315 -0.166054
316 -0.166067
317 -0.16608
318 -0.166092
319 -0.166104
320 -0.166116
321 -0.166128
322 -0.166139
323 -0.166151
324 -0.166162
325 -0.166173
326 -0.166183
327 -0.166194
328 -0.166204
329 -0.166214
330 -0.166224
331 -0.166233
332 -0.166243
333 -0.166252
334 -0.166261
335 -0.16627
336 -0.166279
337 -0.166287
338 -0.166296
339 -0.166304
340 -0.166312
341 -0.16632
342 -0.166328
343 -0.166335
344 -0.166343
345 -0.16635
346 -0.166357
347 -0.166364
348 -0.166371
349 -0.166378
350 -0.166384
351 -0.166391
352 -0.166397
353 -0.166403
354 -0.16641
355 -0.166415
356 -0.166421
357 -0.166427
358 -0.166433
359 -0.166438
360 -0.166443
361 -0.166449
362 -0.166454
363 -0.166459
364 -0.166464
365 -0.166469
366 -0.166473
367 -0.166478
368 -0.166482
369 -0.166487
370 -0.166491
371 -0.166495
372 -0.1665
373 -0.166504
374 -0.166508
375 -0.166511
376 -0.166515
377 -0.166519
378 -0.166523
379 -0.166526
380 -0.16653
381 -0.166533
382 -0.166536
383 -0.16654
384 -0.166543
385 -0.166546
386 -0.166549
387 -0.166552
388 -0.166555
389 -0.166557
390 -0.16656
391 -0.166563
392 -0.166566
393 -0.166568
394 -0.166571
395 -0.166573
396 -0.166575
397 -0.166578
398 -0.16658
399 -0.166582
400 -0.166584
401 -0.166587
402 -0.166589
403 -0.166591
404 -0.166593
405 -0.166594
406 -0.166596
407 -0.166598
408 -0.1666
409 -0.166602
410 -0.166603
411 -0.166605
412 -0.166606
413 -0.166608
414 -0.16661
415 -0.166611
416 -0.166612
417 -0.166614
418 -0.166615
419 -0.166616
420 -0.166618
421 -0.166619
422 -0.16662
423 -0.166621
424 -0.166622
425 -0.166623
426 -0.166624
427 -0.166626
428 -0.166627
429 -0.166627
430 -0.166628
431 -0.166629
432 -0.16663
433 -0.166631
434 -0.166632
435 -0.166633
436 -0.166633
437 -0.166634
438 -0.166635
439 -0.166635
440 -0.166636
441 -0.166637
442 -0.166637
443 -0.166638
444 -0.166638
445 -0.166639
446 -0.16664
447 -0.16664
448 -0.16664
449 -0.166641
450 -0.166641
451 -0.166642
452 -0.166642
453 -0.166643
454 -0.166643
455 -0.166643
456 -0.166644
457 -0.166644
458 -0.166644
459 -0.166644
460 -0.166645
461 -0.166645
462 -0.166645
463 -0.166645
464 -0.166645
465 -0.166646
466 -0.166646
467 -0.166646
468 -0.166646
469 -0.166646
470 -0.166646
471 -0.166646
472 -0.166646
473 -0.166646
474 -0.166646
475 -0.166646
476 -0.166646
477 -0.166646
478 -0.166646
479 -0.166646
480 -0.166646
481 -0.166646
482 -0.166646
483 -0.166646
484 -0.166646
485 -0.166646
486 -0.166646
487 -0.166646
488 -0.166646
489 -0.166646
490 -0.166646
491 -0.166645
492 -0.166645
493 -0.166645
494 -0.166645
495 -0.166645
496 -0.166645
497 -0.166644
498 -0.166644
499 -0.166644
500 -0.166644
501 -0.166644
502 -0.166643
503 -0.166643
504 -0.166643
505 -0.166643
506 -0.166642
507 -0.166642
508 -0.166642
509 -0.166642
510 -0.166641
511 -0.166641
512 -0.166641
513 -0.166641
514 -0.16664
515 -0.16664
516 -0.16664
517 -0.166639
518 -0.166639
519 -0.166639
520 -0.166639
521 -0.166638
522 -0.166638
523 -0.166638
524 -0.166637
525 -0.166637
526 -0.166637
527 -0.166636
528 -0.166636
529 -0.166636
530 -0.166635
531 -0.166635
532 -0.166635
533 -0.166634
534 -0.166634
535 -0.166633
536 -0.166633
537 -0.166633
538 -0.166632
539 -0.166632
540 -0.166632
541 -0.166631
542 -0.166631
543 -0.16663
544 -0.16663
545 -0.16663
546 -0.166629
547 -0.166629
548 -0.166629
549 -0.166628
550 -0.166628
551 -0.166627
552 -0.166627
553 -0.166627
554 -0.166626
555 -0.166626
556 -0.166625
557 -0.166625
558 -0.166625
559 -0.166624
560 -0.166624
561 -0.166623
562 -0.166623
563 -0.166623
564 -0.166622
565 -0.166622
566 -0.166621
567 -0.166621
568 -0.16662
569 -0.16662
570 -0.16662
571 -0.166619
572 -0.166619
573 -0.166618
574 -0.166618
575 -0.166618
576 -0.166617
577 -0.166617
578 -0.166616
579 -0.166616
580 -0.166616
581 -0.166615
582 -0.166615
583 -0.166614
584 -0.166614
585 -0.166613
586 -0.166613
587 -0.166613
588 -0.166612
589 -0.166612
590 -0.166611
591 -0.166611
592 -0.166611
593 -0.16661
594 -0.16661
595 -0.166609
596 -0.166609
597 -0.166608
598 -0.166608
599 -0.166608
600 -0.166607
601 -0.166607
602 -0.166606
603 -0.166606
604 -0.166606
605 -0.166605
606 -0.166605
607 -0.166604
608 -0.166604
609 -0.166603
610 -0.166603
611 -0.166603
612 -0.166602
613 -0.166602
614 -0.166601
615 -0.166601
616 -0.166601
617 -0.1666
618 -0.1666
619 -0.166599
620 -0.166599
621 -0.166599
622 -0.166598
623 -0.166598
624 -0.166597
625 -0.166597
626 -0.166597
627 -0.166596
628 -0.166596
629 -0.166595
630 -0.166595
631 -0.166595
632 -0.166594
633 -0.166594
634 -0.166593
635 -0.166593
636 -0.166593
637 -0.166592
638 -0.166592
639 -0.166591
640 -0.166591
641 -0.166591
642 -0.16659
643 -0.16659
644 -0.16659
645 -0.166589
646 -0.166589
647 -0.166588
648 -0.166588
649 -0.166588
650 -0.166587
651 -0.166587
652 -0.166586
653 -0.166586
654 -0.166586
655 -0.166585
656 -0.166585
657 -0.166585
658 -0.166584
659 -0.166584
660 -0.166583
661 -0.166583
662 -0.166583
663 -0.166582
664 -0.166582
665 -0.166582
666 -0.166581
667 -0.166581
668 -0.166581
669 -0.16658
670 -0.16658
671 -0.166579
672 -0.166579
673 -0.166579
674 -0.166578
675 -0.166578
676 -0.166578
677 -0.166577
678 -0.166577
679 -0.166577
680 -0.166576
681 -0.166576
682 -0.166576
683 -0.166575
684 -0.166575
685 -0.166575
686 -0.166574
687 -0.166574
688 -0.166574
689 -0.166573
690 -0.166573
691 -0.166573
692 -0.166572
693 -0.166572
694 -0.166572
695 -0.166571
696 -0.166571
697 -0.166571
698 -0.16657
699 -0.16657
700 -0.16657
701 -0.166569
702 -0.166569
703 -0.166569
704 -0.166568
705 -0.166568
706 -0.166568
707 -0.166567
708 -0.166567
709 -0.166567
710 -0.166566
711 -0.166566
712 -0.166566
713 -0.166565
714 -0.166565
715 -0.166565
716 -0.166564
717 -0.166564
718 -0.166564
719 -0.166563
720 -0.166563
721 -0.166563
722 -0.166563
723 -0.166562
724 -0.166562
725 -0.166562
726 -0.166561
727 -0.166561
728 -0.166561
729 -0.16656
730 -0.16656
731 -0.16656
732 -0.16656
733 -0.166559
734 -0.166559
735 -0.166559
736 -0.166558
737 -0.166558
738 -0.166558
739 -0.166557
740 -0.166557
741 -0.166557
742 -0.166557
743 -0.166556
744 -0.166556
745 -0.166556
746 -0.166555
747 -0.166555
748 -0.166555
749 -0.166555
750 -0.166554
751 -0.166554
752 -0.166554
753 -0.166553
754 -0.166553
755 -0.166553
756 -0.166553
757 -0.166552
758 -0.166552
759 -0.166552
760 -0.166552
761 -0.166551
762 -0.166551
763 -0.166551
764 -0.166551
765 -0.16655
766 -0.16655
767 -0.16655
768 -0.166549
769 -0.166549
770 -0.166549
771 -0.166549
772 -0.166548
773 -0.166548
774 -0.166548
775 -0.166548
776 -0.166547
777 -0.166547
778 -0.166547
779 -0.166547
780 -0.166546
781 -0.166546
782 -0.166546
783 -0.166546
784 -0.166545
785 -0.166545
786 -0.166545
787 -0.166545
788 -0.166544
789 -0.166544
790 -0.166544
791 -0.166544
792 -0.166543
793 -0.166543
794 -0.166543
795 -0.166543
796 -0.166542
797 -0.166542
798 -0.166542
799 -0.166542
800 -0.166541
801 -0.166541
802 -0.166541
803 -0.166541
804 -0.166541
805 -0.16654
806 -0.16654
807 -0.16654
808 -0.16654
809 -0.166539
810 -0.166539
811 -0.166539
812 -0.166539
813 -0.166538
814 -0.166538
815 -0.166538
816 -0.166538
817 -0.166538
818 -0.166537
819 -0.166537
820 -0.166537
821 -0.166537
822 -0.166536
823 -0.166536
824 -0.166536
825 -0.166536
826 -0.166536
827 -0.166535
828 -0.166535
829 -0.166535
830 -0.166535
831 -0.166535
832 -0.166534
833 -0.166534
834 -0.166534
835 -0.166534
836 -0.166534
837 -0.166533
838 -0.166533
839 -0.166533
840 -0.166533
841 -0.166532
842 -0.166532
843 -0.166532
844 -0.166532
845 -0.166532
846 -0.166531
847 -0.166531
848 -0.166531
849 -0.166531
850 -0.166531
851 -0.16653
852 -0.16653
853 -0.16653
854 -0.16653
855 -0.16653
856 -0.166529
857 -0.166529
858 -0.166529
859 -0.166529
860 -0.166529
861 -0.166529
862 -0.166528
863 -0.166528
864 -0.166528
865 -0.166528
866 -0.166528
867 -0.166527
868 -0.166527
869 -0.166527
870 -0.166527
871 -0.166527
872 -0.166526
873 -0.166526
874 -0.166526
875 -0.166526
876 -0.166526
877 -0.166526
878 -0.166525
879 -0.166525
880 -0.166525
881 -0.166525
882 -0.166525
883 -0.166524
884 -0.166524
885 -0.166524
886 -0.166524
887 -0.166524
888 -0.166524
889 -0.166523
890 -0.166523
891 -0.166523
892 -0.166523
893 -0.166523
894 -0.166523
895 -0.166522
896 -0.166522
897 -0.166522
898 -0.166522
899 -0.166522
900 -0.166522
901 -0.166521
902 -0.166521
903 -0.166521
904 -0.166521
905 -0.166521
906 -0.166521
907 -0.16652
908 -0.16652
909 -0.16652
910 -0.16652
911 -0.16652
912 -0.16652
913 -0.166519
914 -0.166519
915 -0.166519
916 -0.166519
917 -0.166519
918 -0.166519
919 -0.166519
920 -0.166518
921 -0.166518
922 -0.166518
923 -0.166518
924 -0.166518
925 -0.166518
926 -0.166517
927 -0.166517
928 -0.166517
929 -0.166517
930 -0.166517
931 -0.166517
932 -0.166517
933 -0.166516
934 -0.166516
935 -0.166516
936 -0.166516
937 -0.166516
938 -0.166516
939 -0.166515
940 -0.166515
941 -0.166515
942 -0.166515
943 -0.166515
944 -0.166515
945 -0.166515
946 -0.166514
947 -0.166514
948 -0.166514
949 -0.166514
950 -0.166514
951 -0.166514
952 -0.166514
953 -0.166513
954 -0.166513
955 -0.166513
956 -0.166513
957 -0.166513
958 -0.166513
959 -0.166513
960 -0.166513
961 -0.166512
962 -0.166512
963 -0.166512
964 -0.166512
965 -0.166512
966 -0.166512
967 -0.166512
968 -0.166511
969 -0.166511
970 -0.166511
971 -0.166511
972 -0.166511
973 -0.166511
974 -0.166511
975 -0.166511
976 -0.16651
977 -0.16651
978 -0.16651
979 -0.16651
980 -0.16651
981 -0.16651
982 -0.16651
983 -0.16651
984 -0.166509
985 -0.166509
986 -0.166509
987 -0.166509
988 -0.166509
989 -0.166509
990 -0.166509
991 -0.166509
992 -0.166508
993 -0.166508
994 -0.166508
995 -0.166508
996 -0.166508
997 -0.166508
998 -0.166508
999 -0.166508
1000 -0.166507
1001 -0.166507
1002 -0.166507
1003 -0.166507
1004 -0.166507
1005 -0.166507
1006 -0.166507
1007 -0.166507
1008 -0.166507
1009 -0.166506
1010 -0.166506
1011 -0.166506
1012 -0.166506
1013 -0.166506
1014 -0.166506
1015 -0.166506
1016 -0.166506
1017 -0.166506
1018 -0.166505
1019 -0.166505
1020 -0.166505
1021 -0.166505
1022 -0.166505
1023 -0.166505
1024 -0.166505
1025 -0.166505
1026 -0.166505
1027 -0.166504
1028 -0.166504
1029 -0.166504
1030 -0.166504
1031 -0.166504
1032 -0.166504
1033 -0.166504
1034 -0.166504
1035 -0.166504
1036 -0.166503
1037 -0.166503
1038 -0.166503
1039 -0.166503
1040 -0.166503
1041 -0.166503
1042 -0.166503
1043 -0.166503
1044 -0.166503
1045 -0.166503
1046 -0.166502
1047 -0.166502
1048 -0.166502
1049 -0.166502
1050 -0.166502
1051 -0.166502
1052 -0.166502
1053 -0.166502
1054 -0.166502
1055 -0.166502
1056 -0.166501
1057 -0.166501
1058 -0.166501
1059 -0.166501
1060 -0.166501
1061 -0.166501
1062 -0.166501
1063 -0.166501
1064 -0.166501
1065 -0.166501
1066 -0.1665
1067 -0.1665
1068 -0.1665
1069 -0.1665
1070 -0.1665
1071 -0.1665
1072 -0.1665
1073 -0.1665
1074 -0.1665
1075 -0.1665
1076 -0.1665
1077 -0.166499
1078 -0.166499
1079 -0.166499
1080 -0.166499
1081 -0.166499
1082 -0.166499
1083 -0.166499
1084 -0.166499
1085 -0.166499
1086 -0.166499
1087 -0.166499
1088 -0.166499
1089 -0.166498
1090 -0.166498
1091 -0.166498
1092 -0.166498
1093 -0.166498
1094 -0.166498
1095 -0.166498
1096 -0.166498
1097 -0.166498
1098 -0.166498
1099 -0.166498
1100 -0.166497
1101 -0.166497
1102 -0.166497
1103 -0.166497
1104 -0.166497
1105 -0.166497
1106 -0.166497
1107 -0.166497
1108 -0.166497
1109 -0.166497
1110 -0.166497
1111 -0.166497
1112 -0.166496
1113 -0.166496
1114 -0.166496
1115 -0.166496
1116 -0.166496
1117 -0.166496
1118 -0.166496
1119 -0.166496
1120 -0.166496
1121 -0.166496
1122 -0.166496
1123 -0.166496
1124 -0.166496
1125 -0.166495
1126 -0.166495
1127 -0.166495
1128 -0.166495
1129 -0.166495
1130 -0.166495
1131 -0.166495
1132 -0.166495
1133 -0.166495
1134 -0.166495
1135 -0.166495
1136 -0.166495
1137 -0.166495
1138 -0.166494
1139 -0.166494
1140 -0.166494
1141 -0.166494
1142 -0.166494
1143 -0.166494
1144 -0.166494
1145 -0.166494
1146 -0.166494
1147 -0.166494
1148 -0.166494
1149 -0.166494
1150 -0.166494
1151 -0.166494
1152 -0.166493
1153 -0.166493
1154 -0.166493
1155 -0.166493
1156 -0.166493
1157 -0.166493
1158 -0.166493
1159 -0.166493
1160 -0.166493
1161 -0.166493
1162 -0.166493
1163 -0.166493
1164 -0.166493
1165 -0.166493
1166 -0.166493
1167 -0.166492
1168 -0.166492
1169 -0.166492
1170 -0.166492
1171 -0.166492
1172 -0.166492
1173 -0.166492
1174 -0.166492
1175 -0.166492
1176 -0.166492
1177 -0.166492
1178 -0.166492
1179 -0.166492
1180 -0.166492
1181 -0.166492
1182 -0.166491
1183 -0.166491
1184 -0.166491
1185 -0.166491
1186 -0.166491
1187 -0.166491
1188 -0.166491
1189 -0.166491
1190 -0.166491
1191 -0.166491
1192 -0.166491
1193 -0.166491
1194 -0.166491
1195 -0.166491
1196 -0.166491
1197 -0.166491
1198 -0.16649
1199 -0.16649
1200 -0.16649
1201 -0.16649
1202 -0.16649
1203 -0.16649
1204 -0.16649
1205 -0.16649
1206 -0.16649
1207 -0.16649
1208 -0.16649
1209 -0.16649
1210 -0.16649
1211 -0.16649
1212 -0.16649
1213 -0.16649
1214 -0.16649
1215 -0.166489
1216 -0.166489
1217 -0.166489
1218 -0.166489
1219 -0.166489
1220 -0.166489
1221 -0.166489
1222 -0.166489
1223 -0.166489
1224 -0.166489
1225 -0.166489
1226 -0.166489
1227 -0.166489
1228 -0.166489
1229 -0.166489
1230 -0.166489
1231 -0.166489
1232 -0.166489
1233 -0.166489
1234 -0.166488
1235 -0.166488
1236 -0.166488
1237 -0.166488
1238 -0.166488
1239 -0.166488
1240 -0.166488
1241 -0.166488
1242 -0.166488
1243 -0.166488
1244 -0.166488
1245 -0.166488
1246 -0.166488
1247 -0.166488
1248 -0.166488
1249 -0.166488
1250 -0.166488
1251 -0.166488
1252 -0.166488
1253 -0.166487
1254 -0.166487
1255 -0.166487
1256 -0.166487
1257 -0.166487
1258 -0.166487
1259 -0.166487
1260 -0.166487
1261 -0.166487
1262 -0.166487
1263 -0.166487
1264 -0.166487
1265 -0.166487
1266 -0.166487
1267 -0.166487
1268 -0.166487
1269 -0.166487
1270 -0.166487
1271 -0.166487
1272 -0.166487
1273 -0.166487
1274 -0.166486
1275 -0.166486
1276 -0.166486
1277 -0.166486
1278 -0.166486
1279 -0.166486
1280 -0.166486
1281 -0.166486
1282 -0.166486
1283 -0.166486
1284 -0.166486
1285 -0.166486
1286 -0.166486
1287 -0.166486
1288 -0.166486
1289 -0.166486
1290 -0.166486
1291 -0.166486
1292 -0.166486
1293 -0.166486
1294 -0.166486
1295 -0.166486
1296 -0.166485
1297 -0.166485
1298 -0.166485
1299 -0.166485
1300 -0.166485
1301 -0.166485
1302 -0.166485
1303 -0.166485
1304 -0.166485
1305 -0.166485
1306 -0.166485
1307 -0.166485
1308 -0.166485
1309 -0.166485
1310 -0.166485
1311 -0.166485
1312 -0.166485
1313 -0.166485
1314 -0.166485
1315 -0.166485
1316 -0.166485
1317 -0.166485
1318 -0.166485
1319 -0.166485
1320 -0.166484
1321 -0.166484
1322 -0.166484
1323 -0.166484
1324 -0.166484
1325 -0.166484
1326 -0.166484
1327 -0.166484
1328 -0.166484
1329 -0.166484
1330 -0.166484
1331 -0.166484
1332 -0.166484
1333 -0.166484
1334 -0.166484
1335 -0.166484
1336 -0.166484
1337 -0.166484
1338 -0.166484
1339 -0.166484
1340 -0.166484
1341 -0.166484
1342 -0.166484
1343 -0.166484
1344 -0.166484
1345 -0.166484
1346 -0.166483
1347 -0.166483
1348 -0.166483
1349 -0.166483
1350 -0.166483
1351 -0.166483
1352 -0.166483
1353 -0.166483
1354 -0.166483
1355 -0.166483
1356 -0.166483
1357 -0.166483
1358 -0.166483
1359 -0.166483
1360 -0.166483
1361 -0.166483
1362 -0.166483
1363 -0.166483
1364 -0.166483
1365 -0.166483
1366 -0.166483
1367 -0.166483
1368 -0.166483
1369 -0.166483
1370 -0.166483
1371 -0.166483
1372 -0.166483
1373 -0.166483
1374 -0.166483
1375 -0.166482
1376 -0.166482
1377 -0.166482
1378 -0.166482
1379 -0.166482
1380 -0.166482
1381 -0.166482
1382 -0.166482
1383 -0.166482
1384 -0.166482
1385 -0.166482
1386 -0.166482
1387 -0.166482
1388 -0.166482
1389 -0.166482
1390 -0.166482
1391 -0.166482
1392 -0.166482
1393 -0.166482
1394 -0.166482
1395 -0.166482
1396 -0.166482
1397 -0.166482
1398 -0.166482
1399 -0.166482
1400 -0.166482
1401 -0.166482
1402 -0.166482
1403 -0.166482
1404 -0.166482
1405 -0.166482
1406 -0.166482
1407 -0.166481
1408 -0.166481
1409 -0.166481
1410 -0.166481
1411 -0.166481
1412 -0.166481
1413 -0.166481
1414 -0.166481
1415 -0.166481
1416 -0.166481
1417 -0.166481
1418 -0.166481
1419 -0.166481
1420 -0.166481
1421 -0.166481
1422 -0.166481
1423 -0.166481
1424 -0.166481
1425 -0.166481
1426 -0.166481
1427 -0.166481
1428 -0.166481
1429 -0.166481
1430 -0.166481
1431 -0.166481
1432 -0.166481
1433 -0.166481
1434 -0.166481
1435 -0.166481
1436 -0.166481
1437 -0.166481
1438 -0.166481
1439 -0.166481
1440 -0.166481
1441 -0.166481
1442 -0.166481
1443 -0.16648
1444 -0.16648
1445 -0.16648
1446 -0.16648
1447 -0.16648
1448 -0.16648
1449 -0.16648
1450 -0.16648
1451 -0.16648
1452 -0.16648
1453 -0.16648
1454 -0.16648
1455 -0.16648
1456 -0.16648
1457 -0.16648
1458 -0.16648
1459 -0.16648
1460 -0.16648
1461 -0.16648
1462 -0.16648
1463 -0.16648
1464 -0.16648
1465 -0.16648
1466 -0.16648
1467 -0.16648
1468 -0.16648
1469 -0.16648
1470 -0.16648
1471 -0.16648
1472 -0.16648
1473 -0.16648
1474 -0.16648
1475 -0.16648
1476 -0.16648
1477 -0.16648
1478 -0.16648
1479 -0.16648
1480 -0.16648
1481 -0.16648
1482 -0.16648
1483 -0.16648
1484 -0.16648
1485 -0.166479
1486 -0.166479
1487 -0.166479
1488 -0.166479
1489 -0.166479
1490 -0.166479
1491 -0.166479
1492 -0.166479
1493 -0.166479
1494 -0.166479
1495 -0.166479
1496 -0.166479
1497 -0.166479
1498 -0.166479
1499 -0.166479
1500 -0.166479
1501 -0.166479
1502 -0.166479
1503 -0.166479
1504 -0.166479
1505 -0.166479
1506 -0.166479
1507 -0.166479
1508 -0.166479
1509 -0.166479
1510 -0.166479
1511 -0.166479
1512 -0.166479
1513 -0.166479
1514 -0.166479
1515 -0.166479
1516 -0.166479
1517 -0.166479
1518 -0.166479
1519 -0.166479
1520 -0.166479
1521 -0.166479
1522 -0.166479
1523 -0.166479
1524 -0.166479
1525 -0.166479
1526 -0.166479
1527 -0.166479
1528 -0.166479
1529 -0.166479
1530 -0.166479
1531 -0.166479
1532 -0.166478
1533 -0.166478
1534 -0.166478
1535 -0.166478
1536 -0.166478
1537 -0.166478
1538 -0.166478
1539 -0.166478
1540 -0.166478
1541 -0.166478
1542 -0.166478
1543 -0.166478
1544 -0.166478
1545 -0.166478
1546 -0.166478
1547 -0.166478
1548 -0.166478
1549 -0.166478
1550 -0.166478
1551 -0.166478
1552 -0.166478
1553 -0.166478
1554 -0.166478
1555 -0.166478
1556 -0.166478
1557 -0.166478
1558 -0.166478
1559 -0.166478
1560 -0.166478
1561 -0.166478
1562 -0.166478
1563 -0.166478
1564 -0.166478
1565 -0.166478
1566 -0.166478
1567 -0.166478
1568 -0.166478
1569 -0.166478
1570 -0.166478
1571 -0.166478
1572 -0.166478
1573 -0.166478
1574 -0.166478
1575 -0.166478
1576 -0.166478
1577 -0.166478
1578 -0.166478
1579 -0.166478
1580 -0.166478
1581 -0.166478
1582 -0.166478
1583 -0.166478
1584 -0.166478
1585 -0.166478
1586 -0.166478
1587 -0.166478
1588 -0.166478
1589 -0.166477
1590 -0.166477
1591 -0.166477
1592 -0.166477
1593 -0.166477
1594 -0.166477
1595 -0.166477
1596 -0.166477
1597 -0.166477
1598 -0.166477
1599 -0.166477
1600 -0.166477
1601 -0.166477
1602 -0.166477
1603 -0.166477
1604 -0.166477
1605 -0.166477
1606 -0.166477
1607 -0.166477
1608 -0.166477
1609 -0.166477
1610 -0.166477
1611 -0.166477
1612 -0.166477
1613 -0.166477
1614 -0.166477
1615 -0.166477
1616 -0.166477
1617 -0.166477
1618 -0.166477
1619 -0.166477
1620 -0.166477
1621 -0.166477
1622 -0.166477
1623 -0.166477
1624 -0.166477
1625 -0.166477
1626 -0.166477
1627 -0.166477
1628 -0.166477
1629 -0.166477
1630 -0.166477
1631 -0.166477
1632 -0.166477
1633 -0.166477
1634 -0.166477
1635 -0.166477
1636 -0.166477
1637 -0.166477
1638 -0.166477
1639 -0.166477
1640 -0.166477
1641 -0.166477
1642 -0.166477
1643 -0.166477
1644 -0.166477
1645 -0.166477
1646 -0.166477
1647 -0.166477
1648 -0.166477
1649 -0.166477
1650 -0.166477
1651 -0.166477
1652 -0.166477
1653 -0.166477
1654 -0.166477
1655 -0.166477
1656 -0.166477
1657 -0.166477
1658 -0.166477
1659 -0.166477
1660 -0.166476
1661 -0.166476
1662 -0.166476
1663 -0.166476
1664 -0.166476
1665 -0.166476
1666 -0.166476
1667 -0.166476
1668 -0.166476
1669 -0.166476
1670 -0.166476
1671 -0.166476
1672 -0.166476
1673 -0.166476
1674 -0.166476
1675 -0.166476
1676 -0.166476
1677 -0.166476
1678 -0.166476
1679 -0.166476
1680 -0.166476
1681 -0.166476
1682 -0.166476
1683 -0.166476
1684 -0.166476
1685 -0.166476
1686 -0.166476
1687 -0.166476
1688 -0.166476
1689 -0.166476
1690 -0.166476
1691 -0.166476
1692 -0.166476
1693 -0.166476
1694 -0.166476
1695 -0.166476
1696 -0.166476
1697 -0.166476
1698 -0.166476
1699 -0.166476
1700 -0.166476
1701 -0.166476
1702 -0.166476
1703 -0.166476
1704 -0.166476
1705 -0.166476
1706 -0.166476
1707 -0.166476
1708 -0.166476
1709 -0.166476
1710 -0.166476
1711 -0.166476
1712 -0.166476
1713 -0.166476
1714 -0.166476
1715 -0.166476
1716 -0.166476
1717 -0.166476
1718 -0.166476
1719 -0.166476
1720 -0.166476
1721 -0.166476
1722 -0.166476
1723 -0.166476
1724 -0.166476
1725 -0.166476
1726 -0.166476
1727 -0.166476
1728 -0.166476
1729 -0.166476
1730 -0.166476
1731 -0.166476
1732 -0.166476
1733 -0.166476
1734 -0.166476
1735 -0.166476
1736 -0.166476
1737 -0.166476
1738 -0.166476
1739 -0.166476
1740 -0.166476
1741 -0.166476
1742 -0.166476
1743 -0.166476
1744 -0.166476
1745 -0.166476
1746 -0.166476
1747 -0.166476
1748 -0.166476
1749 -0.166476
1750 -0.166476
1751 -0.166476
1752 -0.166476
1753 -0.166476
1754 -0.166475
1755 -0.166475
1756 -0.166475
1757 -0.166475
1758 -0.166475
1759 -0.166475
1760 -0.166475
1761 -0.166475
1762 -0.166475
1763 -0.166475
1764 -0.166475
1765 -0.166475
1766 -0.166475
1767 -0.166475
1768 -0.166475
1769 -0.166475
1770 -0.166475
1771 -0.166475
1772 -0.166475
1773 -0.166475
1774 -0.166475
1775 -0.166475
1776 -0.166475
1777 -0.166475
1778 -0.166475
1779 -0.166475
1780 -0.166475
1781 -0.166475
1782 -0.166475
1783 -0.166475
1784 -0.166475
1785 -0.166475
1786 -0.166475
1787 -0.166475
1788 -0.166475
1789 -0.166475
1790 -0.166475
1791 -0.166475
1792 -0.166475
1793 -0.166475
1794 -0.166475
1795 -0.166475
1796 -0.166475
1797 -0.166475
1798 -0.166475
1799 -0.166475
1800 -0.166475
1801 -0.166475
1802 -0.166475
1803 -0.166475
1804 -0.166475
1805 -0.166475
1806 -0.166475
1807 -0.166475
1808 -0.166475
1809 -0.166475
1810 -0.166475
1811 -0.166475
1812 -0.166475
1813 -0.166475
1814 -0.166475
1815 -0.166475
1816 -0.166475
1817 -0.166475
1818 -0.166475
1819 -0.166475
1820 -0.166475
1821 -0.166475
1822 -0.166475
1823 -0.166475
1824 -0.166475
1825 -0.166475
1826 -0.166475
1827 -0.166475
1828 -0.166475
1829 -0.166475
1830 -0.166475
1831 -0.166475
1832 -0.166475
1833 -0.166475
1834 -0.166475
1835 -0.166475
1836 -0.166475
1837 -0.166475
1838 -0.166475
1839 -0.166475
1840 -0.166475
1841 -0.166475
1842 -0.166475
1843 -0.166475
1844 -0.166475
1845 -0.166475
1846 -0.166475
1847 -0.166475
1848 -0.166475
1849 -0.166475
1850 -0.166475
1851 -0.166475
1852 -0.166475
1853 -0.166475
1854 -0.166475
1855 -0.166475
1856 -0.166475
1857 -0.166475
1858 -0.166475
1859 -0.166475
1860 -0.166475
1861 -0.166475
1862 -0.166475
1863 -0.166475
1864 -0.166475
1865 -0.166475
1866 -0.166475
1867 -0.166475
1868 -0.166475
1869 -0.166475
1870 -0.166475
1871 -0.166475
1872 -0.166475
1873 -0.166475
1874 -0.166475
1875 -0.166475
1876 -0.166475
1877 -0.166475
1878 -0.166475
1879 -0.166475
1880 -0.166475
1881 -0.166475
1882 -0.166475
1883 -0.166475
1884 -0.166475
1885 -0.166475
1886 -0.166475
1887 -0.166475
1888 -0.166475
1889 -0.166475
1890 -0.166475
1891 -0.166475
1892 -0.166475
1893 -0.166475
1894 -0.166474
1895 -0.166474
1896 -0.166474
1897 -0.166474
1898 -0.166474
1899 -0.166474
1900 -0.166474
1901 -0.166474
1902 -0.166474
1903 -0.166474
1904 -0.166474
1905 -0.166474
1906 -0.166474
1907 -0.166474
1908 -0.166474
1909 -0.166474
1910 -0.166474
1911 -0.166474
1912 -0.166474
1913 -0.166474
1914 -0.166474
1915 -0.166474
1916 -0.166474
1917 -0.166474
1918 -0.166474
1919 -0.166474
1920 -0.166474
1921 -0.166474
1922 -0.166474
1923 -0.166474
1924 -0.166474
1925 -0.166474
1926 -0.166474
1927 -0.166474
1928 -0.166474
1929 -0.166474
1930 -0.166474
1931 -0.166474
1932 -0.166474
1933 -0.166474
1934 -0.166474
1935 -0.166474
1936 -0.166474
1937 -0.166474
1938 -0.166474
1939 -0.166474
1940 -0.166474
1941 -0.166474
1942 -0.166474
1943 -0.166474
1944 -0.166474
1945 -0.166474
1946 -0.166474
1947 -0.166474
1948 -0.166474
1949 -0.166474
1950 -0.166474
1951 -0.166474
1952 -0.166474
1953 -0.166474
1954 -0.166474
1955 -0.166474
1956 -0.166474
1957 -0.166474
1958 -0.166474
1959 -0.166474
1960 -0.166474
1961 -0.166474
1962 -0.166474
1963 -0.166474
1964 -0.166474
1965 -0.166474
1966 -0.166474
1967 -0.166474
1968 -0.166474
1969 -0.166474
1970 -0.166474
1971 -0.166474
1972 -0.166474
1973 -0.166474
1974 -0.166474
1975 -0.166474
1976 -0.166474
1977 -0.166474
1978 -0.166474
1979 -0.166474
1980 -0.166474
1981 -0.166474
1982 -0.166474
1983 -0.166474
1984 -0.166474
1985 -0.166474
1986 -0.166474
1987 -0.166474
1988 -0.166474
1989 -0.166474
1990 -0.166474
1991 -0.166474
1992 -0.166474
1993 -0.166474
1994 -0.166474
1995 -0.166474
1996 -0.166474
1997 -0.166474
1998 -0.166474
1999 -0.166474
2000 -0.166474
2001 -0.166474
2002 -0.166474
2003 -0.166474
2004 -0.166474
2005 -0.166474
2006 -0.166474
2007 -0.166474
2008 -0.166474
2009 -0.166474
2010 -0.166474
2011 -0.166474
2012 -0.166474
2013 -0.166474
2014 -0.166474
2015 -0.166474
2016 -0.166474
2017 -0.166474
2018 -0.166474
2019 -0.166474
2020 -0.166474
2021 -0.166474
2022 -0.166474
2023 -0.166474
2024 -0.166474
2025 -0.166474
2026 -0.166474
2027 -0.166474
2028 -0.166474
2029 -0.166474
2030 -0.166474
2031 -0.166474
2032 -0.166474
2033 -0.166474
2034 -0.166474
2035 -0.166474
2036 -0.166474
2037 -0.166474
2038 -0.166474
2039 -0.166474
2040 -0.166474
2041 -0.166474
2042 -0.166474
2043 -0.166474
2044 -0.166474
2045 -0.166474
2046 -0.166474
2047 -0.166474
2048 -0.166474
2049 -0.166474
2050 -0.166474
2051 -0.166474
2052 -0.166474
2053 -0.166474
2054 -0.166474
2055 -0.166474
2056 -0.166474
2057 -0.166474
2058 -0.166474
2059 -0.166474
2060 -0.166474
2061 -0.166474
2062 -0.166474
2063 -0.166474
2064 -0.166474
2065 -0.166474
2066 -0.166474
2067 -0.166474
2068 -0.166474
2069 -0.166474
2070 -0.166474
2071 -0.166474
2072 -0.166474
2073 -0.166474
2074 -0.166474
2075 -0.166474
2076 -0.166474
2077 -0.166474
2078 -0.166474
2079 -0.166474
2080 -0.166474
2081 -0.166474
2082 -0.166474
2083 -0.166474
2084 -0.166474
2085 -0.166474
2086 -0.166474
2087 -0.166474
2088 -0.166474
2089 -0.166474
2090 -0.166474
2091 -0.166474
2092 -0.166474
2093 -0.166474
2094 -0.166474
2095 -0.166474
2096 -0.166474
2097 -0.166474
2098 -0.166474
2099 -0.166474
2100 -0.166474
2101 -0.166474
2102 -0.166474
2103 -0.166474
2104 -0.166474
2105 -0.166474
2106 -0.166474
2107 -0.166474
2108 -0.166474
2109 -0.166474
2110 -0.166474
2111 -0.166474
2112 -0.166474
2113 -0.166474
2114 -0.166474
2115 -0.166474
2116 -0.166474
2117 -0.166474
2118 -0.166474
2119 -0.166474
2120 -0.166474
2121 -0.166474
2122 -0.166474
2123 -0.166474
2124 -0.166474
2125 -0.166474
2126 -0.166474
2127 -0.166474
2128 -0.166474
2129 -0.166474
2130 -0.166474
2131 -0.166474
2132 -0.166474
2133 -0.166474
2134 -0.166474
2135 -0.166474
2136 -0.166474
2137 -0.166474
2138 -0.166474
2139 -0.166474
2140 -0.166474
2141 -0.166474
2142 -0.166474
2143 -0.166474
2144 -0.166474
2145 -0.166474
2146 -0.166474
2147 -0.166474
2148 -0.166474
2149 -0.166474
2150 -0.166474
2151 -0.166474
2152 -0.166474
2153 -0.166474
2154 -0.166474
2155 -0.166474
2156 -0.166474
2157 -0.166474
2158 -0.166474
2159 -0.166474
2160 -0.166474
2161 -0.166474
2162 -0.166474
2163 -0.166474
2164 -0.166474
2165 -0.166474
2166 -0.166474
2167 -0.166474
2168 -0.166474
2169 -0.166473
2170 -0.166473
2171 -0.166473
2172 -0.166473
2173 -0.166473
2174 -0.166473
2175 -0.166473
2176 -0.166473
2177 -0.166473
2178 -0.166473
2179 -0.166473
2180 -0.166473
2181 -0.166473
2182 -0.166473
2183 -0.166473
2184 -0.166473
2185 -0.166473
2186 -0.166473
2187 -0.166473
2188 -0.166473
2189 -0.166473
2190 -0.166473
2191 -0.166473
2192 -0.166473
2193 -0.166473
2194 -0.166473
2195 -0.166473
2196 -0.166473
2197 -0.166473
2198 -0.166473
2199 -0.166473
2200 -0.166473
2201 -0.166473
2202 -0.166473
2203 -0.166473
2204 -0.166473
2205 -0.166473
2206 -0.166473
2207 -0.166473
2208 -0.166473
2209 -0.166473
2210 -0.166473
2211 -0.166473
2212 -0.166473
2213 -0.166473
2214 -0.166473
2215 -0.166473
2216 -0.166473
2217 -0.166473
2218 -0.166473
2219 -0.166473
2220 -0.166473
2221 -0.166473
2222 -0.166473
2223 -0.166473
2224 -0.166473
2225 -0.166473
2226 -0.166473
2227 -0.166473
2228 -0.166473
2229 -0.166473
2230 -0.166473
2231 -0.166473
2232 -0.166473
2233 -0.166473
2234 -0.166473
2235 -0.166473
2236 -0.166473
2237 -0.166473
2238 -0.166473
2239 -0.166473
2240 -0.166473
2241 -0.166473
2242 -0.166473
2243 -0.166473
2244 -0.166473
2245 -0.166473
2246 -0.166473
2247 -0.166473
2248 -0.166473
2249 -0.166473
2250 -0.166473
2251 -0.166473
2252 -0.166473
2253 -0.166473
2254 -0.166473
2255 -0.166473
2256 -0.166473
2257 -0.166473
2258 -0.166473
2259 -0.166473
2260 -0.166473
2261 -0.166473
2262 -0.166473
2263 -0.166473
2264 -0.166473
2265 -0.166473
2266 -0.166473
2267 -0.166473
2268 -0.166473
2269 -0.166473
2270 -0.166473
2271 -0.166473
2272 -0.166473
2273 -0.166473
2274 -0.166473
2275 -0.166473
2276 -0.166473
2277 -0.166473
2278 -0.166473
2279 -0.166473
2280 -0.166473
2281 -0.166473
2282 -0.166473
2283 -0.166473
2284 -0.166473
2285 -0.166473
2286 -0.166473
2287 -0.166473
2288 -0.166473
2289 -0.166473
2290 -0.166473
2291 -0.166473
2292 -0.166473
2293 -0.166473
2294 -0.166473
2295 -0.166473
2296 -0.166473
2297 -0.166473
2298 -0.166473
2299 -0.166473
2300 -0.166473
2301 -0.166473
2302 -0.166473
2303 -0.166473
2304 -0.166473
2305 -0.166473
2306 -0.166473
2307 -0.166473
2308 -0.166473
2309 -0.166473
2310 -0.166473
2311 -0.166473
2312 -0.166473
2313 -0.166473
2314 -0.166473
2315 -0.166473
2316 -0.166473
2317 -0.166473
2318 -0.166473
2319 -0.166473
2320 -0.166473
2321 -0.166473
2322 -0.166473
2323 -0.166473
2324 -0.166473
2325 -0.166473
2326 -0.166473
2327 -0.166473
2328 -0.166473
2329 -0.166473
2330 -0.166473
2331 -0.166473
2332 -0.166473
2333 -0.166473
2334 -0.166473
2335 -0.166473
2336 -0.166473
2337 -0.166473
2338 -0.166473
2339 -0.166473
2340 -0.166473
2341 -0.166473
2342 -0.166473
2343 -0.166473
2344 -0.166473
2345 -0.166473
2346 -0.166473
2347 -0.166473
2348 -0.166473
2349 -0.166473
2350 -0.166473
2351 -0.166473
2352 -0.166473
2353 -0.166473
2354 -0.166473
2355 -0.166473
2356 -0.166473
2357 -0.166473
2358 -0.166473
2359 -0.166473
2360 -0.166473
2361 -0.166473
2362 -0.166473
2363 -0.166473
2364 -0.166473
2365 -0.166473
2366 -0.166473
2367 -0.166473
2368 -0.166473
2369 -0.166473
2370 -0.166473
2371 -0.166473
2372 -0.166473
2373 -0.166473
2374 -0.166473
2375 -0.166473
2376 -0.166473
2377 -0.166473
2378 -0.166473
2379 -0.166473
2380 -0.166473
2381 -0.166473
2382 -0.166473
2383 -0.166473
2384 -0.166473
2385 -0.166473
2386 -0.166473
2387 -0.166473
2388 -0.166473
2389 -0.166473
2390 -0.166473
2391 -0.166473
2392 -0.166473
2393 -0.166473
2394 -0.166473
2395 -0.166473
2396 -0.166473
2397 -0.166473
2398 -0.166473
2399 -0.166473
2400 -0.166473
2401 -0.166473
2402 -0.166473
2403 -0.166473
2404 -0.166473
2405 -0.166473
2406 -0.166473
2407 -0.166473
2408 -0.166473
2409 -0.166473
2410 -0.166473
2411 -0.166473
2412 -0.166473
2413 -0.166473
2414 -0.166473
2415 -0.166473
2416 -0.166473
2417 -0.166473
2418 -0.166473
2419 -0.166473
2420 -0.166473
2421 -0.166473
2422 -0.166473
2423 -0.166473
2424 -0.166473
2425 -0.166473
2426 -0.166473
2427 -0.166473
2428 -0.166473
2429 -0.166473
2430 -0.166473
2431 -0.166473
2432 -0.166473
2433 -0.166473
2434 -0.166473
2435 -0.166473
2436 -0.166473
2437 -0.166473
2438 -0.166473
2439 -0.166473
2440 -0.166473
2441 -0.166473
2442 -0.166473
2443 -0.166473
2444 -0.166473
2445 -0.166473
2446 -0.166473
2447 -0.166473
2448 -0.166473
2449 -0.166473
2450 -0.166473
2451 -0.166473
2452 -0.166473
2453 -0.166473
2454 -0.166473
2455 -0.166473
2456 -0.166473
2457 -0.166473
2458 -0.166473
2459 -0.166473
2460 -0.166473
2461 -0.166473
2462 -0.166473
2463 -0.166473
2464 -0.166473
2465 -0.166473
2466 -0.166473
2467 -0.166473
2468 -0.166473
2469 -0.166473
2470 -0.166473
2471 -0.166473
2472 -0.166473
2473 -0.166473
2474 -0.166473
2475 -0.166473
2476 -0.166473
2477 -0.166473
2478 -0.166473
2479 -0.166473
2480 -0.166473
2481 -0.166473
2482 -0.166473
2483 -0.166473
2484 -0.166473
2485 -0.166473
2486 -0.166473
2487 -0.166473
2488 -0.166473
2489 -0.166473
2490 -0.166473
2491 -0.166473
2492 -0.166473
2493 -0.166473
2494 -0.166473
2495 -0.166473
2496 -0.166473
2497 -0.166473
2498 -0.166473
2499 -0.166473
2500 -0.166473
2501 -0.166473
2502 -0.166473
2503 -0.166473
2504 -0.166473
2505 -0.166473
2506 -0.166473
2507 -0.166473
2508 -0.166473
2509 -0.166473
2510 -0.166473
2511 -0.166473
2512 -0.166473
2513 -0.166473
2514 -0.166473
2515 -0.166473
2516 -0.166473
2517 -0.166473
2518 -0.166473
2519 -0.166473
2520 -0.166473
2521 -0.166473
2522 -0.166473
2523 -0.166473
2524 -0.166473
2525 -0.166473
2526 -0.166473
2527 -0.166473
2528 -0.166473
2529 -0.166473
2530 -0.166473
2531 -0.166473
2532 -0.166473
2533 -0.166473
2534 -0.166473
2535 -0.166473
2536 -0.166473
2537 -0.166473
2538 -0.166473
2539 -0.166473
2540 -0.166473
2541 -0.166473
2542 -0.166473
2543 -0.166473
2544 -0.166473
2545 -0.166473
2546 -0.166473
2547 -0.166473
2548 -0.166473
2549 -0.166473
2550 -0.166473
2551 -0.166473
2552 -0.166473
2553 -0.166473
2554 -0.166473
2555 -0.166473
2556 -0.166473
2557 -0.166473
2558 -0.166473
2559 -0.166473
2560 -0.166473
2561 -0.166473
2562 -0.166473
2563 -0.166473
2564 -0.166473
2565 -0.166473
2566 -0.166473
2567 -0.166473
2568 -0.166473
2569 -0.166473
2570 -0.166473
2571 -0.166473
2572 -0.166473
2573 -0.166473
2574 -0.166473
2575 -0.166473
2576 -0.166473
2577 -0.166473
2578 -0.166473
2579 -0.166473
2580 -0.166473
2581 -0.166473
2582 -0.166473
2583 -0.166473
2584 -0.166473
2585 -0.166473
2586 -0.166473
2587 -0.166473
2588 -0.166473
2589 -0.166473
2590 -0.166473
2591 -0.166473
2592 -0.166473
2593 -0.166473
2594 -0.166473
2595 -0.166473
2596 -0.166473
2597 -0.166473
2598 -0.166473
2599 -0.166473
2600 -0.166473
2601 -0.166473
2602 -0.166473
2603 -0.166473
2604 -0.166473
2605 -0.166473
2606 -0.166473
2607 -0.166473
2608 -0.166473
2609 -0.166473
2610 -0.166473
2611 -0.166473
2612 -0.166473
2613 -0.166473
2614 -0.166473
2615 -0.166473
2616 -0.166473
2617 -0.166473
2618 -0.166473
2619 -0.166473
2620 -0.166473
2621 -0.166473
2622 -0.166473
2623 -0.166473
2624 -0.166473
2625 -0.166473
2626 -0.166473
2627 -0.166473
2628 -0.166473
2629 -0.166473
2630 -0.166473
2631 -0.166473
2632 -0.166473
2633 -0.166473
2634 -0.166473
2635 -0.166473
2636 -0.166473
2637 -0.166473
2638 -0.166473
2639 -0.166473
2640 -0.166473
2641 -0.166473
2642 -0.166473
2643 -0.166473
2644 -0.166473
2645 -0.166473
2646 -0.166473
2647 -0.166473
2648 -0.166473
2649 -0.166473
2650 -0.166473
2651 -0.166473
2652 -0.166473
2653 -0.166473
2654 -0.166473
2655 -0.166473
2656 -0.166473
2657 -0.166473
2658 -0.166473
2659 -0.166473
2660 -0.166473
2661 -0.166473
2662 -0.166473
2663 -0.166473
2664 -0.166473
2665 -0.166473
2666 -0.166473
2667 -0.166473
2668 -0.166473
2669 -0.166473
2670 -0.166473
2671 -0.166473
2672 -0.166473
2673 -0.166473
2674 -0.166473
2675 -0.166473
2676 -0.166473
2677 -0.166473
2678 -0.166473
2679 -0.166473
2680 -0.166473
2681 -0.166473
2682 -0.166473
2683 -0.166473
2684 -0.166473
2685 -0.166473
2686 -0.166473
2687 -0.166473
2688 -0.166473
2689 -0.166473
2690 -0.166473
2691 -0.166473
2692 -0.166473
2693 -0.166473
2694 -0.166473
2695 -0.166473
2696 -0.166473
2697 -0.166473
2698 -0.166473
2699 -0.166473
2700 -0.166473
2701 -0.166473
2702 -0.166473
2703 -0.166473
2704 -0.166473
2705 -0.166473
2706 -0.166473
2707 -0.166473
2708 -0.166473
2709 -0.166473
2710 -0.166473
2711 -0.166473
2712 -0.166473
2713 -0.166473
2714 -0.166473
2715 -0.166473
2716 -0.166473
2717 -0.166473
2718 -0.166473
2719 -0.166473
2720 -0.166473
2721 -0.166473
2722 -0.166473
2723 -0.166473
2724 -0.166473
2725 -0.166473
2726 -0.166473
2727 -0.166473
2728 -0.166473
2729 -0.166473
2730 -0.166473
2731 -0.166473
2732 -0.166473
2733 -0.166473
2734 -0.166473
2735 -0.166473
2736 -0.166473
2737 -0.166473
2738 -0.166473
2739 -0.166473
2740 -0.166473
2741 -0.166473
2742 -0.166473
2743 -0.166473
2744 -0.166473
2745 -0.166473
2746 -0.166473
2747 -0.166473
2748 -0.166473
2749 -0.166473
2750 -0.166473
2751 -0.166473
2752 -0.166473
2753 -0.166473
2754 -0.166473
2755 -0.166473
2756 -0.166473
2757 -0.166473
2758 -0.166473
2759 -0.166473
2760 -0.166473
2761 -0.166473
2762 -0.166473
2763 -0.166473
2764 -0.166473
2765 -0.166473
2766 -0.166473
2767 -0.166473
2768 -0.166473
2769 -0.166473
2770 -0.166473
2771 -0.166473
2772 -0.166473
2773 -0.166473
2774 -0.166473
2775 -0.166473
2776 -0.166473
2777 -0.166473
2778 -0.166473
2779 -0.166473
2780 -0.166473
2781 -0.166473
2782 -0.166473
2783 -0.166473
2784 -0.166473
2785 -0.166473
2786 -0.166473
2787 -0.166473
2788 -0.166473
2789 -0.166473
2790 -0.166473
2791 -0.166473
2792 -0.166473
2793 -0.166473
2794 -0.166473
2795 -0.166473
2796 -0.166473
2797 -0.166473
2798 -0.166473
2799 -0.166473
2800 -0.166473
2801 -0.166473
2802 -0.166473
2803 -0.166473
2804 -0.166473
2805 -0.166473
2806 -0.166473
2807 -0.166473
2808 -0.166473
2809 -0.166473
2810 -0.166473
2811 -0.166473
2812 -0.166473
2813 -0.166473
2814 -0.166473
2815 -0.166473
2816 -0.166473
2817 -0.166473
2818 -0.166473
2819 -0.166473
2820 -0.166473
2821 -0.166473
2822 -0.166473
2823 -0.166473
2824 -0.166473
2825 -0.166473
2826 -0.166473
2827 -0.166473
2828 -0.166473
2829 -0.166473
2830 -0.166473
2831 -0.166473
2832 -0.166473
2833 -0.166473
2834 -0.166473
2835 -0.166473
2836 -0.166473
2837 -0.166473
2838 -0.166473
2839 -0.166473
2840 -0.166473
2841 -0.166473
2842 -0.166473
2843 -0.166473
2844 -0.166473
2845 -0.166473
2846 -0.166473
2847 -0.166473
2848 -0.166473
2849 -0.166473
2850 -0.166473
2851 -0.166473
2852 -0.166473
2853 -0.166473
2854 -0.166473
2855 -0.166473
2856 -0.166473
2857 -0.166473
2858 -0.166473
2859 -0.166473
2860 -0.166473
2861 -0.166473
2862 -0.166473
2863 -0.166473
2864 -0.166473
2865 -0.166473
2866 -0.166473
2867 -0.166473
2868 -0.166473
2869 -0.166473
2870 -0.166473
2871 -0.166473
2872 -0.166473
2873 -0.166473
2874 -0.166473
2875 -0.166473
2876 -0.166473
2877 -0.166473
2878 -0.166473
2879 -0.166473
2880 -0.166473
2881 -0.166473
2882 -0.166473
2883 -0.166473
2884 -0.166473
2885 -0.166473
2886 -0.166473
2887 -0.166473
2888 -0.166473
2889 -0.166473
2890 -0.166473
2891 -0.166473
2892 -0.166473
2893 -0.166473
2894 -0.166473
2895 -0.166473
2896 -0.166473
2897 -0.166473
2898 -0.166473
2899 -0.166473
2900 -0.166473
2901 -0.166473
2902 -0.166473
2903 -0.166473
2904 -0.166473
2905 -0.166473
2906 -0.166473
2907 -0.166473
2908 -0.166473
2909 -0.166473
2910 -0.166473
2911 -0.166473
2912 -0.166473
2913 -0.166473
2914 -0.166473
2915 -0.166473
2916 -0.166473
2917 -0.166473
2918 -0.166473
2919 -0.166473
2920 -0.166473
2921 -0.166473
2922 -0.166473
2923 -0.166473
2924 -0.166473
2925 -0.166473
2926 -0.166473
2927 -0.166473
2928 -0.166473
2929 -0.166473
2930 -0.166473
2931 -0.166473
2932 -0.166473
2933 -0.166473
2934 -0.166473
2935 -0.166473
2936 -0.166473
2937 -0.166473
2938 -0.166473
2939 -0.166473
2940 -0.166473
2941 -0.166473
2942 -0.166473
2943 -0.166473
2944 -0.166473
2945 -0.166473
2946 -0.166473
2947 -0.166473
2948 -0.166473
2949 -0.166473
2950 -0.166473
2951 -0.166473
2952 -0.166473
2953 -0.166473
2954 -0.166473
2955 -0.166473
2956 -0.166473
2957 -0.166473
2958 -0.166473
2959 -0.166473
2960 -0.166473
2961 -0.166473
2962 -0.166473
2963 -0.166473
2964 -0.166473
2965 -0.166473
2966 -0.166473
2967 -0.166473
2968 -0.166473
2969 -0.166473
2970 -0.166473
2971 -0.166473
2972 -0.166473
2973 -0.166473
2974 -0.166473
2975 -0.166473
2976 -0.166473
2977 -0.166473
2978 -0.166473
2979 -0.166473
2980 -0.166473
2981 -0.166473
2982 -0.166473
2983 -0.166473
2984 -0.166473
2985 -0.166473
2986 -0.166473
2987 -0.166473
2988 -0.166473
2989 -0.166473
2990 -0.166473
2991 -0.166473
2992 -0.166473
2993 -0.166473
2994 -0.166473
2995 -0.166473
2996 -0.166473
2997 -0.166473
2998 -0.166473
2999 -0.166473
3000 -0.166473
3001 -0.166473
3002 -0.166473
3003 -0.166473
3004 -0.166473
3005 -0.166473
3006 -0.166473
3007 -0.166473
3008 -0.166473
3009 -0.166473
3010 -0.166473
3011 -0.166473
3012 -0.166473
3013 -0.166473
3014 -0.166473
3015 -0.166473
3016 -0.166473
3017 -0.166473
3018 -0.166473
3019 -0.166473
3020 -0.166473
3021 -0.166473
3022 -0.166473
3023 -0.166473
3024 -0.166473
3025 -0.166473
3026 -0.166473
3027 -0.166473
3028 -0.166473
3029 -0.166473
3030 -0.166473
3031 -0.166473
3032 -0.166473
3033 -0.166473
3034 -0.166473
3035 -0.166473
3036 -0.166473
3037 -0.166473
3038 -0.166473
3039 -0.166473
3040 -0.166473
3041 -0.166473
3042 -0.166473
3043 -0.166473
3044 -0.166473
3045 -0.166473
3046 -0.166473
3047 -0.166473
3048 -0.166473
3049 -0.166473
3050 -0.166473
3051 -0.166473
3052 -0.166473
3053 -0.166473
3054 -0.166473
3055 -0.166473
3056 -0.166473
3057 -0.166473
3058 -0.166473
3059 -0.166473
3060 -0.166473
3061 -0.166473
3062 -0.166473
3063 -0.166473
3064 -0.166473
3065 -0.166473
3066 -0.166473
3067 -0.166473
3068 -0.166473
3069 -0.166473
3070 -0.166473
3071 -0.166473
3072 -0.166473
3073 -0.166473
3074 -0.166473
3075 -0.166473
3076 -0.166473
3077 -0.166473
3078 -0.166473
3079 -0.166473
3080 -0.166473
3081 -0.166473
3082 -0.166473
3083 -0.166473
3084 -0.166473
3085 -0.166473
3086 -0.166473
3087 -0.166473
3088 -0.166473
3089 -0.166473
3090 -0.166473
3091 -0.166473
3092 -0.166473
3093 -0.166473
3094 -0.166473
3095 -0.166473
3096 -0.166473
3097 -0.166473
3098 -0.166473
3099 -0.166473
3100 -0.166473
3101 -0.166473
3102 -0.166473
3103 -0.166473
3104 -0.166473
3105 -0.166473
3106 -0.166473
3107 -0.166473
3108 -0.166473
3109 -0.166473
3110 -0.166473
3111 -0.166473
3112 -0.166473
3113 -0.166473
3114 -0.166473
3115 -0.166473
3116 -0.166473
3117 -0.166473
3118 -0.166473
3119 -0.166473
3120 -0.166473
3121 -0.166473
3122 -0.166473
3123 -0.166473
3124 -0.166473
3125 -0.166473
3126 -0.166473
3127 -0.166473
3128 -0.166473
3129 -0.166473
3130 -0.166473
3131 -0.166473
3132 -0.166473
3133 -0.166473
3134 -0.166473
3135 -0.166473
3136 -0.166473
3137 -0.166473
3138 -0.166473
3139 -0.166473
3140 -0.166473
3141 -0.166473
3142 -0.166473
3143 -0.166473
3144 -0.166473
3145 -0.166473
3146 -0.166473
3147 -0.166473
3148 -0.166473
3149 -0.166473
3150 -0.166473
3151 -0.166473
3152 -0.166473
3153 -0.166473
3154 -0.166473
3155 -0.166473
3156 -0.166473
3157 -0.166473
3158 -0.166473
3159 -0.166473
3160 -0.166473
3161 -0.166473
3162 -0.166473
3163 -0.166473
3164 -0.166473
3165 -0.166473
3166 -0.166473
3167 -0.166473
3168 -0.166473
3169 -0.166473
3170 -0.166473
3171 -0.166473
3172 -0.166473
3173 -0.166473
3174 -0.166473
3175 -0.166473
3176 -0.166473
3177 -0.166473
3178 -0.166473
3179 -0.166473
3180 -0.166473
3181 -0.166473
3182 -0.166473
3183 -0.166473
3184 -0.166473
3185 -0.166473
3186 -0.166473
3187 -0.166473
3188 -0.166473
3189 -0.166473
3190 -0.166473
3191 -0.166473
3192 -0.166473
3193 -0.166473
3194 -0.166473
3195 -0.166473
3196 -0.166473
3197 -0.166473
3198 -0.166473
3199 -0.166473
3200 -0.166473
3201 -0.166473
3202 -0.166473
3203 -0.166473
3204 -0.166473
3205 -0.166473
3206 -0.166473
3207 -0.166473
3208 -0.166473
3209 -0.166473
3210 -0.166473
3211 -0.166473
3212 -0.166473
3213 -0.166473
3214 -0.166473
3215 -0.166473
3216 -0.166473
3217 -0.166473
3218 -0.166473
3219 -0.166473
3220 -0.166473
3221 -0.166473
3222 -0.166473
3223 -0.166473
3224 -0.166473
3225 -0.166473
3226 -0.166473
3227 -0.166473
3228 -0.166473
3229 -0.166473
3230 -0.166473
3231 -0.166473
3232 -0.166473
3233 -0.166473
3234 -0.166473
3235 -0.166473
3236 -0.166473
3237 -0.166473
3238 -0.166473
3239 -0.166473
3240 -0.166473
3241 -0.166473
3242 -0.166473
3243 -0.166473
3244 -0.166473
3245 -0.166473
3246 -0.166473
3247 -0.166473
3248 -0.166473
3249 -0.166473
3250 -0.166473
3251 -0.166473
3252 -0.166473
3253 -0.166473
3254 -0.166473
3255 -0.166473
3256 -0.166473
3257 -0.166473
3258 -0.166473
3259 -0.166473
3260 -0.166473
3261 -0.166473
3262 -0.166473
3263 -0.166473
3264 -0.166473
3265 -0.166473
3266 -0.166473
3267 -0.166473
3268 -0.166473
3269 -0.166473
3270 -0.166473
3271 -0.166473
3272 -0.166473
3273 -0.166473
3274 -0.166473
3275 -0.166473
3276 -0.166473
3277 -0.166473
3278 -0.166473
3279 -0.166473
3280 -0.166473
3281 -0.166473
3282 -0.166473
3283 -0.166473
3284 -0.166473
3285 -0.166473
3286 -0.166473
3287 -0.166473
3288 -0.166473
3289 -0.166473
3290 -0.166473
3291 -0.166473
3292 -0.166473
3293 -0.166473
3294 -0.166473
3295 -0.166473
3296 -0.166473
3297 -0.166473
3298 -0.166473
3299 -0.166473
3300 -0.166473
3301 -0.166473
3302 -0.166473
3303 -0.166473
3304 -0.166473
3305 -0.166473
3306 -0.166473
3307 -0.166473
3308 -0.166473
3309 -0.166473
3310 -0.166473
3311 -0.166473
3312 -0.166473
3313 -0.166473
3314 -0.166473
3315 -0.166473
3316 -0.166473
3317 -0.166473
3318 -0.166473
3319 -0.166473
3320 -0.166473
3321 -0.166473
3322 -0.166473
3323 -0.166473
3324 -0.166473
3325 -0.166473
3326 -0.166473
3327 -0.166473
3328 -0.166473
3329 -0.166473
3330 -0.166473
3331 -0.166473
3332 -0.166473
3333 -0.166473
3334 -0.166473
3335 -0.166473
3336 -0.166473
3337 -0.166473
3338 -0.166473
3339 -0.166473
3340 -0.166473
3341 -0.166473
3342 -0.166473
3343 -0.166473
3344 -0.166473
3345 -0.166473
3346 -0.166473
3347 -0.166473
3348 -0.166473
3349 -0.166473
3350 -0.166473
3351 -0.166473
3352 -0.166473
3353 -0.166473
3354 -0.166473
3355 -0.166473
3356 -0.166473
3357 -0.166473
3358 -0.166473
3359 -0.166473
3360 -0.166473
3361 -0.166473
3362 -0.166473
3363 -0.166473
3364 -0.166473
3365 -0.166473
3366 -0.166473
3367 -0.166473
3368 -0.166473
3369 -0.166473
3370 -0.166473
3371 -0.166473
3372 -0.166473
3373 -0.166473
3374 -0.166473
3375 -0.166473
3376 -0.166473
3377 -0.166473
3378 -0.166473
3379 -0.166473
3380 -0.166473
3381 -0.166473
3382 -0.166473
3383 -0.166473
3384 -0.166473
3385 -0.166473
3386 -0.166473
3387 -0.166473
3388 -0.166473
3389 -0.166473
3390 -0.166473
3391 -0.166473
3392 -0.166473
3393 -0.166473
3394 -0.166473
3395 -0.166473
3396 -0.166473
3397 -0.166473
3398 -0.166473
3399 -0.166473
3400 -0.166473
3401 -0.166473
3402 -0.166473
3403 -0.166473
3404 -0.166473
3405 -0.166473
3406 -0.166473
3407 -0.166473
3408 -0.166473
3409 -0.166473
3410 -0.166473
3411 -0.166473
3412 -0.166473
3413 -0.166473
3414 -0.166473
3415 -0.166473
3416 -0.166473
3417 -0.166473
3418 -0.166473
3419 -0.166473
3420 -0.166473
3421 -0.166473
3422 -0.166473
3423 -0.166473
3424 -0.166473
3425 -0.166473
3426 -0.166473
3427 -0.166473
3428 -0.166473
3429 -0.166473
3430 -0.166473
3431 -0.166473
3432 -0.166473
3433 -0.166473
3434 -0.166473
3435 -0.166473
3436 -0.166473
3437 -0.166473
3438 -0.166473
3439 -0.166473
3440 -0.166473
3441 -0.166473
3442 -0.166473
3443 -0.166473
3444 -0.166473
3445 -0.166473
3446 -0.166473
3447 -0.166473
3448 -0.166473
3449 -0.166473
3450 -0.166473
3451 -0.166473
3452 -0.166473
3453 -0.166473
3454 -0.166473
3455 -0.166473
3456 -0.166473
3457 -0.166473
3458 -0.166473
3459 -0.166473
3460 -0.166473
3461 -0.166473
3462 -0.166473
3463 -0.166473
3464 -0.166473
3465 -0.166473
3466 -0.166473
3467 -0.166473
3468 -0.166473
3469 -0.166473
3470 -0.166473
3471 -0.166473
3472 -0.166473
3473 -0.166473
3474 -0.166473
3475 -0.166473
3476 -0.166473
3477 -0.166473
3478 -0.166473
3479 -0.166473
3480 -0.166473
3481 -0.166473
3482 -0.166473
3483 -0.166473
3484 -0.166473
3485 -0.166473
3486 -0.166473
3487 -0.166473
3488 -0.166473
3489 -0.166473
3490 -0.166473
3491 -0.166473
3492 -0.166473
3493 -0.166473
3494 -0.166473
3495 -0.166473
3496 -0.166473
3497 -0.166473
3498 -0.166473
3499 -0.166473
3500 -0.166473
3501 -0.166473
3502 -0.166473
3503 -0.166473
3504 -0.166473
3505 -0.166473
3506 -0.166473
3507 -0.166473
3508 -0.166473
3509 -0.166473
3510 -0.166473
3511 -0.166473
3512 -0.166473
3513 -0.166473
3514 -0.166473
3515 -0.166473
3516 -0.166473
3517 -0.166473
3518 -0.166473
3519 -0.166473
3520 -0.166473
3521 -0.166473
3522 -0.166473
3523 -0.166473
3524 -0.166473
3525 -0.166473
3526 -0.166473
3527 -0.166473
3528 -0.166473
3529 -0.166473
3530 -0.166473
3531 -0.166473
3532 -0.166473
3533 -0.166473
3534 -0.166473
3535 -0.166473
3536 -0.166473
3537 -0.166473
3538 -0.166473
3539 -0.166473
3540 -0.166473
3541 -0.166473
3542 -0.166473
3543 -0.166473
3544 -0.166473
3545 -0.166473
3546 -0.166473
3547 -0.166473
3548 -0.166473
3549 -0.166473
3550 -0.166473
3551 -0.166473
3552 -0.166473
3553 -0.166473
3554 -0.166473
3555 -0.166473
3556 -0.166473
3557 -0.166473
3558 -0.166473
3559 -0.166473
3560 -0.166473
3561 -0.166473
3562 -0.166473
3563 -0.166473
3564 -0.166473
3565 -0.166473
3566 -0.166473
3567 -0.166473
3568 -0.166473
3569 -0.166473
3570 -0.166473
3571 -0.166473
3572 -0.166473
3573 -0.166473
3574 -0.166473
3575 -0.166473
3576 -0.166473
3577 -0.166473
3578 -0.166473
3579 -0.166473
3580 -0.166473
3581 -0.166473
3582 -0.166473
3583 -0.166473
3584 -0.166473
3585 -0.166473
3586 -0.166473
3587 -0.166473
3588 -0.166473
3589 -0.166473
3590 -0.166473
3591 -0.166473
3592 -0.166473
3593 -0.166473
3594 -0.166473
3595 -0.166473
3596 -0.166473
3597 -0.166473
3598 -0.166473
3599 -0.166473
3600 -0.166473
3601 -0.166473
3602 -0.166473
3603 -0.166473
3604 -0.166473
3605 -0.166473
3606 -0.166473
3607 -0.166473
3608 -0.166473
3609 -0.166473
3610 -0.166473
3611 -0.166473
3612 -0.166473
3613 -0.166473
3614 -0.166473
3615 -0.166473
3616 -0.166473
3617 -0.166473
3618 -0.166473
3619 -0.166473
3620 -0.166473
3621 -0.166473
3622 -0.166473
3623 -0.166473
3624 -0.166473
3625 -0.166473
3626 -0.166473
3627 -0.166473
3628 -0.166473
3629 -0.166473
3630 -0.166473
3631 -0.166473
3632 -0.166473
3633 -0.166473
3634 -0.166473
3635 -0.166473
3636 -0.166473
3637 -0.166473
3638 -0.166473
3639 -0.166473
3640 -0.166473
3641 -0.166473
3642 -0.166473
3643 -0.166473
3644 -0.166473
3645 -0.166473
3646 -0.166473
3647 -0.166473
3648 -0.166473
3649 -0.166473
3650 -0.166473
3651 -0.166473
3652 -0.166473
3653 -0.166473
3654 -0.166473
3655 -0.166473
3656 -0.166473
3657 -0.166473
3658 -0.166473
3659 -0.166473
3660 -0.166473
3661 -0.166473
3662 -0.166473
3663 -0.166473
3664 -0.166473
3665 -0.166473
3666 -0.166473
3667 -0.166473
3668 -0.166473
3669 -0.166473
3670 -0.166473
3671 -0.166473
3672 -0.166473
3673 -0.166473
3674 -0.166473
3675 -0.166473
3676 -0.166473
3677 -0.166473
3678 -0.166473
3679 -0.166473
3680 -0.166473
3681 -0.166473
3682 -0.166473
3683 -0.166473
3684 -0.166473
3685 -0.166473
3686 -0.166473
3687 -0.166473
3688 -0.166473
3689 -0.166473
3690 -0.166473
3691 -0.166473
3692 -0.166473
3693 -0.166473
3694 -0.166473
3695 -0.166473
3696 -0.166473
3697 -0.166473
3698 -0.166473
3699 -0.166473
3700 -0.166473
3701 -0.166473
3702 -0.166473
3703 -0.166473
3704 -0.166473
3705 -0.166473
3706 -0.166473
3707 -0.166473
3708 -0.166473
3709 -0.166473
3710 -0.166473
3711 -0.166473
3712 -0.166473
3713 -0.166473
3714 -0.166473
3715 -0.166473
3716 -0.166473
3717 -0.166473
3718 -0.166473
3719 -0.166473
3720 -0.166473
3721 -0.166473
3722 -0.166473
3723 -0.166473
3724 -0.166473
3725 -0.166473
3726 -0.166473
3727 -0.166473
3728 -0.166473
3729 -0.166473
3730 -0.166473
3731 -0.166473
3732 -0.166473
3733 -0.166473
3734 -0.166473
3735 -0.166473
3736 -0.166473
3737 -0.166473
3738 -0.166473
3739 -0.166473
3740 -0.166473
3741 -0.166473
3742 -0.166473
3743 -0.166473
3744 -0.166473
3745 -0.166473
3746 -0.166473
3747 -0.166473
3748 -0.166473
3749 -0.166473
3750 -0.166473
3751 -0.166473
3752 -0.166473
3753 -0.166473
3754 -0.166473
3755 -0.166473
3756 -0.166473
3757 -0.166473
3758 -0.166473
3759 -0.166473
3760 -0.166473
3761 -0.166473
3762 -0.166473
3763 -0.166473
3764 -0.166473
3765 -0.166473
3766 -0.166473
3767 -0.166473
3768 -0.166473
3769 -0.166473
3770 -0.166473
3771 -0.166473
3772 -0.166473
3773 -0.166473
3774 -0.166473
3775 -0.166473
3776 -0.166473
3777 -0.166473
3778 -0.166473
3779 -0.166473
3780 -0.166473
3781 -0.166473
3782 -0.166473
3783 -0.166473
3784 -0.166473
3785 -0.166473
3786 -0.166473
3787 -0.166473
3788 -0.166473
3789 -0.166473
3790 -0.166473
3791 -0.166473
3792 -0.166473
3793 -0.166473
3794 -0.166473
3795 -0.166473
3796 -0.166473
3797 -0.166473
3798 -0.166473
3799 -0.166473
3800 -0.166473
3801 -0.166473
3802 -0.166473
3803 -0.166473
3804 -0.166473
3805 -0.166473
3806 -0.166473
3807 -0.166473
3808 -0.166473
3809 -0.166473
3810 -0.166473
3811 -0.166473
3812 -0.166473
3813 -0.166473
3814 -0.166473
3815 -0.166473
3816 -0.166473
3817 -0.166473
3818 -0.166473
3819 -0.166473
3820 -0.166473
3821 -0.166473
3822 -0.166473
3823 -0.166473
3824 -0.166473
3825 -0.166473
3826 -0.166473
3827 -0.166473
3828 -0.166473
3829 -0.166473
3830 -0.166473
3831 -0.166473
3832 -0.166473
3833 -0.166473
3834 -0.166473
3835 -0.166473
3836 -0.166473
3837 -0.166473
3838 -0.166473
3839 -0.166473
3840 -0.166473
3841 -0.166473
3842 -0.166473
3843 -0.166473
3844 -0.166473
3845 -0.166473
3846 -0.166473
3847 -0.166473
3848 -0.166473
3849 -0.166473
3850 -0.166473
3851 -0.166473
3852 -0.166473
3853 -0.166473
3854 -0.166473
3855 -0.166473
3856 -0.166473
3857 -0.166473
3858 -0.166473
3859 -0.166473
3860 -0.166473
3861 -0.166473
3862 -0.166473
3863 -0.166473
3864 -0.166473
3865 -0.166473
3866 -0.166473
3867 -0.166473
3868 -0.166473
3869 -0.166473
3870 -0.166473
3871 -0.166473
3872 -0.166473
3873 -0.166473
3874 -0.166473
3875 -0.166473
3876 -0.166473
3877 -0.166473
3878 -0.166473
3879 -0.166473
3880 -0.166473
3881 -0.166473
3882 -0.166473
3883 -0.166473
3884 -0.166473
3885 -0.166473
3886 -0.166473
3887 -0.166473
3888 -0.166473
3889 -0.166473
3890 -0.166473
3891 -0.166473
3892 -0.166473
3893 -0.166473
3894 -0.166473
3895 -0.166473
3896 -0.166473
3897 -0.166473
3898 -0.166473
3899 -0.166473
3900 -0.166473
3901 -0.166473
3902 -0.166473
3903 -0.166473
3904 -0.166473
3905 -0.166473
3906 -0.166473
3907 -0.166473
3908 -0.166473
3909 -0.166473
3910 -0.166473
3911 -0.166473
3912 -0.166473
3913 -0.166473
3914 -0.166473
3915 -0.166473
3916 -0.166473
3917 -0.166473
3918 -0.166473
3919 -0.166473
3920 -0.166473
3921 -0.166473
3922 -0.166473
3923 -0.166473
3924 -0.166473
3925 -0.166473
3926 -0.166473
3927 -0.166473
3928 -0.166473
3929 -0.166473
3930 -0.166473
3931 -0.166473
3932 -0.166473
3933 -0.166473
3934 -0.166473
3935 -0.166473
3936 -0.166473
3937 -0.166473
3938 -0.166473
3939 -0.166473
3940 -0.166473
3941 -0.166473
3942 -0.166473
3943 -0.166473
3944 -0.166473
3945 -0.166473
3946 -0.166473
3947 -0.166473
3948 -0.166473
3949 -0.166473
3950 -0.166473
3951 -0.166473
3952 -0.166473
3953 -0.166473
3954 -0.166473
3955 -0.166473
3956 -0.166473
3957 -0.166473
3958 -0.166473
3959 -0.166473
3960 -0.166473
3961 -0.166473
3962 -0.166473
3963 -0.166473
3964 -0.166473
3965 -0.166473
3966 -0.166473
3967 -0.166473
3968 -0.166473
3969 -0.166473
3970 -0.166473
3971 -0.166473
3972 -0.166473
3973 -0.166473
3974 -0.166473
3975 -0.166473
3976 -0.166473
3977 -0.166473
3978 -0.166473
3979 -0.166473
3980 -0.166473
3981 -0.166473
3982 -0.166473
3983 -0.166473
3984 -0.166473
3985 -0.166473
3986 -0.166473
3987 -0.166473
3988 -0.166473
3989 -0.166473
3990 -0.166473
3991 -0.166473
3992 -0.166473
3993 -0.166473
3994 -0.166473
3995 -0.166473
3996 -0.166473
3997 -0.166473
3998 -0.166473
3999 -0.166473
4000 -0.166473
4001 -0.166473
4002 -0.166473
4003 -0.166473
4004 -0.166473
4005 -0.166473
4006 -0.166473
4007 -0.166473
4008 -0.166473
4009 -0.166473
4010 -0.166473
4011 -0.166473
4012 -0.166473
4013 -0.166473
4014 -0.166473
4015 -0.166473
4016 -0.166473
4017 -0.166473
4018 -0.166473
4019 -0.166473
4020 -0.166473
4021 -0.166473
4022 -0.166473
4023 -0.166473
4024 -0.166473
4025 -0.166473
4026 -0.166473
4027 -0.166473
4028 -0.166473
4029 -0.166473
4030 -0.166473
4031 -0.166473
4032 -0.166473
4033 -0.166473
4034 -0.166473
4035 -0.166473
4036 -0.166473
4037 -0.166473
4038 -0.166473
4039 -0.166473
4040 -0.166473
4041 -0.166473
4042 -0.166473
4043 -0.166473
4044 -0.166473
4045 -0.166473
4046 -0.166473
4047 -0.166473
4048 -0.166473
4049 -0.166473
4050 -0.166473
4051 -0.166473
4052 -0.166473
4053 -0.166473
4054 -0.166473
4055 -0.166473
4056 -0.166473
4057 -0.166473
4058 -0.166473
4059 -0.166473
4060 -0.166473
4061 -0.166473
4062 -0.166473
4063 -0.166473
4064 -0.166473
4065 -0.166473
4066 -0.166473
4067 -0.166473
4068 -0.166473
4069 -0.166473
4070 -0.166473
4071 -0.166473
4072 -0.166473
4073 -0.166473
4074 -0.166473
4075 -0.166473
4076 -0.166473
4077 -0.166473
4078 -0.166473
4079 -0.166473
4080 -0.166473
4081 -0.166473
4082 -0.166473
4083 -0.166473
4084 -0.166473
4085 -0.166473
4086 -0.166473
4087 -0.166473
4088 -0.166473
4089 -0.166473
4090 -0.166473
4091 -0.166473
4092 -0.166473
4093 -0.166473
4094 -0.166473
4095 -0.166473
4096 -0.166473
4097 -0.166473
4098 -0.166473
4099 -0.166473
4100 -0.166473
4101 -0.166473
4102 -0.166473
4103 -0.166473
4104 -0.166473
4105 -0.166473
4106 -0.166473
4107 -0.166473
4108 -0.166473
4109 -0.166473
4110 -0.166473
4111 -0.166473
4112 -0.166473
4113 -0.166473
4114 -0.166473
4115 -0.166473
4116 -0.166473
4117 -0.166473
4118 -0.166473
4119 -0.166473
4120 -0.166473
4121 -0.166473
4122 -0.166473
4123 -0.166473
4124 -0.166473
4125 -0.166473
4126 -0.166473
4127 -0.166473
4128 -0.166473
4129 -0.166473
4130 -0.166473
4131 -0.166473
4132 -0.166473
4133 -0.166473
4134 -0.166473
4135 -0.166473
4136 -0.166473
4137 -0.166473
4138 -0.166473
4139 -0.166473
4140 -0.166473
4141 -0.166473
4142 -0.166473
4143 -0.166473
4144 -0.166473
4145 -0.166473
4146 -0.166473
4147 -0.166473
4148 -0.166473
4149 -0.166473
4150 -0.166473
4151 -0.166473
4152 -0.166473
4153 -0.166473
4154 -0.166473
4155 -0.166473
4156 -0.166473
4157 -0.166473
4158 -0.166473
4159 -0.166473
4160 -0.166473
4161 -0.166473
4162 -0.166473
4163 -0.166473
4164 -0.166473
4165 -0.166473
4166 -0.166473
4167 -0.166473
4168 -0.166473
4169 -0.166473
4170 -0.166473
4171 -0.166473
4172 -0.166473
4173 -0.166473
4174 -0.166473
4175 -0.166473
4176 -0.166473
4177 -0.166473
4178 -0.166473
4179 -0.166473
4180 -0.166473
4181 -0.166473
4182 -0.166473
4183 -0.166473
4184 -0.166473
4185 -0.166473
4186 -0.166473
4187 -0.166473
4188 -0.166473
4189 -0.166473
4190 -0.166473
4191 -0.166473
4192 -0.166473
4193 -0.166473
4194 -0.166473
4195 -0.166473
4196 -0.166473
4197 -0.166473
4198 -0.166473
4199 -0.166473
4200 -0.166473
4201 -0.166473
4202 -0.166473
4203 -0.166473
4204 -0.166473
4205 -0.166473
4206 -0.166473
4207 -0.166473
4208 -0.166473
4209 -0.166473
4210 -0.166473
4211 -0.166473
4212 -0.166473
4213 -0.166473
4214 -0.166473
4215 -0.166473
4216 -0.166473
4217 -0.166473
4218 -0.166473
4219 -0.166473
4220 -0.166473
4221 -0.166473
4222 -0.166473
4223 -0.166473
4224 -0.166473
4225 -0.166473
4226 -0.166473
4227 -0.166473
4228 -0.166473
4229 -0.166473
4230 -0.166473
4231 -0.166473
4232 -0.166473
4233 -0.166473
4234 -0.166473
4235 -0.166473
4236 -0.166473
4237 -0.166473
4238 -0.166473
4239 -0.166473
4240 -0.166473
4241 -0.166473
4242 -0.166473
4243 -0.166473
4244 -0.166473
4245 -0.166473
4246 -0.166473
4247 -0.166473
4248 -0.166473
4249 -0.166473
4250 -0.166473
4251 -0.166473
4252 -0.166473
4253 -0.166473
4254 -0.166473
4255 -0.166473
4256 -0.166473
4257 -0.166473
4258 -0.166473
4259 -0.166473
4260 -0.166473
4261 -0.166473
4262 -0.166473
4263 -0.166473
