0 0.556254
1 0.423072
2 0.31758
3 0.292255
4 0.261207
5 0.250713
6 0.255865
7 0.349059
8 0.75973
9 2.62957
10 10.8847
11 48.6471
12 223.378
13 1048.65
14 5002.61
15 24232.5
16 118974
17 591520
18 2.97502e+06
19 1.51232e+07
20 7.7636e+07
21 4.02178e+08
22 2.10082e+09
23 1.10581e+10
24 5.86148e+10
25 3.12687e+11
26 1.67782e+12
27 9.05069e+12
28 4.90583e+13
29 2.67081e+14
30 1.45981e+15
31 8.00781e+15
32 4.40702e+16
33 2.43254e+17
34 1.34628e+18
35 7.46908e+18
36 4.15292e+19
37 2.31371e+20
38 1.29138e+21
39 7.21963e+21
40 4.04232e+22
41 2.26644e+23
42 1.27234e+24
43 7.15088e+24
44 4.02322e+25
45 2.26573e+26
46 1.27711e+27
47 7.20453e+27
48 4.06734e+28
49 2.29783e+29
50 1.29899e+30
51 7.3478e+30
52 4.15863e+31
53 2.35488e+32
54 1.33413e+33
55 7.56175e+33
56 4.28778e+34
57 2.43229e+35
58 1.38026e+36
59 7.83532e+36
60 4.44936e+37
61 2.5274e+38
62 1.43608e+39
63 8.16218e+39
64 4.64032e+40
65 2.63875e+41
66 1.50091e+42
67 8.53901e+42
68 4.8591e+43
69 2.76563e+44
70 1.57441e+45
71 8.96446e+45
72 5.10516e+46
73 2.90784e+47
74 1.65654e+48
75 9.43857e+48
76 5.37869e+49
77 3.06557e+50
78 1.74746e+51
79 9.96243e+51
80 5.68042e+52
81 3.2393e+53
82 1.84747e+54
83 1.05379e+55
84 6.0115e+55
85 3.42974e+56
86 1.95698e+57
87 1.11676e+58
88 6.37346e+58
89 3.63778e+59
90 2.07654e+60
91 1.18545e+61
92 6.76814e+61
93 3.8645e+62
94 2.20677e+63
95 1.26025e+64
96 7.19769e+64
97 4.11117e+65
98 2.3484e+66
99 1.34157e+67
100 7.66455e+67
101 4.37918e+68
102 2.50225e+69
103 1.42988e+70
104 8.17145e+70
105 4.67012e+71
106 2.66923e+72
107 1.52571e+73
108 8.72143e+73
109 4.98574e+74
110 2.85035e+75
111 1.62965e+76
112 9.31783e+76
113 5.32797e+77
114 3.04672e+78
115 1.74232e+79
116 9.96435e+79
117 5.69892e+80
118 3.25956e+81
119 1.86444e+82
120 1.0665e+83
121 6.10092e+83
122 3.49021e+84
123 1.99677e+85
124 1.14242e+86
125 6.5365e+86
126 3.74011e+87
127 2.14015e+88
128 1.22468e+89
129 7.00843e+89
130 4.01087e+90
131 2.29549e+91
132 1.3138e+92
133 7.51973e+92
134 4.30421e+93
135 2.46378e+94
136 1.41035e+95
137 8.07368e+95
138 4.62202e+96
139 2.64612e+97
140 1.51497e+98
141 8.67388e+98
142 4.96638e+99
143 2.84369e+100
144 1.62832e+101
145 9.32422e+101
146 5.3395e+102
147 3.05777e+103
148 1.75115e+104
149 1.0029e+105
150 5.74385e+105
151 3.28976e+106
152 1.88426e+107
153 1.07927e+108
154 6.18207e+108
155 3.5412e+109
156 2.02853e+110
157 1.16205e+111
158 6.65706e+111
159 3.81375e+112
160 2.18492e+113
161 1.25179e+114
162 7.17197e+114
163 4.10921e+115
164 2.35446e+116
165 1.34907e+117
166 7.73022e+117
167 4.42955e+118
168 2.53828e+119
169 1.45456e+120
170 8.33555e+120
171 4.77692e+121
172 2.73762e+122
173 1.56895e+123
174 8.99201e+123
175 5.15365e+124
176 2.95381e+125
177 1.69302e+126
178 9.70403e+126
179 5.56227e+127
180 3.18832e+128
181 1.82761e+129
182 1.04764e+130
183 6.00555e+130
184 3.44273e+131
185 1.97361e+132
186 1.13144e+133
187 6.4865e+133
188 3.71876e+134
189 2.13204e+135
190 1.22237e+136
191 7.00839e+136
192 4.01831e+137
193 2.30397e+138
194 1.32105e+139
195 7.5748e+139
196 4.34341e+140
197 2.49058e+141
198 1.42816e+142
199 8.18959e+142
200 4.6963e+143
201 2.69314e+144
202 1.54443e+145
203 8.85701e+145
204 5.07941e+146
205 2.91305e+147
206 1.67067e+148
207 9.58165e+148
208 5.49538e+149
209 3.15183e+150
210 1.80774e+151
211 1.03685e+152
212 5.9471e+152
213 3.41115e+153
214 1.9566e+154
215 1.12231e+155
216 6.43769e+155
217 3.69279e+156
218 2.11829e+157
219 1.21513e+158
220 6.97058e+158
221 3.99872e+159
222 2.29393e+160
223 1.31597e+161
224 7.54948e+161
225 4.33108e+162
226 2.48474e+163
227 1.42552e+164
228 8.17845e+164
229 4.69219e+165
230 2.69207e+166
231 1.54456e+167
232 8.86192e+167
233 5.08461e+168
234 2.91738e+169
235 1.67392e+170
236 9.60468e+170
237 5.51108e+171
238 3.16225e+172
239 1.81452e+173
240 1.0412e+174
241 5.97462e+174
242 3.42841e+175
243 1.96735e+176
244 1.12895e+177
245 6.47852e+177
246 3.71776e+178
247 2.1335e+179
248 1.22436e+180
249 7.02635e+180
250 4.03233e+181
251 2.31413e+182
252 1.32809e+183
253 7.622e+183
254 4.37438e+184
255 2.51056e+185
256 1.44088e+186
257 8.26973e+186
258 4.74634e+187
259 2.72416e+188
260 1.56355e+189
261 8.97416e+189
262 5.15088e+190
263 2.95647e+191
264 1.69696e+192
265 9.74034e+192
266 5.59089e+193
267 3.20917e+194
268 1.84208e+195
269 1.05738e+196
270 6.06953e+196
271 3.48405e+197
272 1.99995e+198
273 1.14804e+199
274 6.59025e+199
275 3.78311e+200
276 2.17171e+201
277 1.24669e+202
278 7.1568e+202
279 4.10851e+203
280 2.35859e+204
281 1.35402e+205
282 7.77328e+205
283 4.46258e+206
284 2.56196e+207
285 1.47083e+208
286 8.44415e+208
287 4.8479e+209
288 2.78327e+210
289 1.59795e+211
290 9.17428e+211
291 5.26727e+212
292 3.02415e+213
293 1.7363e+214
294 9.96898e+214
295 5.72374e+215
296 3.28634e+216
297 1.8869e+217
298 1.0834e+218
299 6.22063e+218
300 3.57176e+219
301 2.05085e+220
302 1.17757e+221
303 6.76156e+221
304 3.88248e+222
305 2.22933e+223
306 1.2801e+224
307 7.35051e+224
308 4.22079e+225
309 2.42367e+226
310 1.39173e+227
311 7.99177e+227
312 4.58916e+228
313 2.63528e+229
314 1.51329e+230
315 8.69006e+230
316 4.99029e+231
317 2.86571e+232
318 1.64567e+233
319 9.4505e+233
320 5.42714e+234
321 3.11667e+235
322 1.78983e+236
323 1.02787e+237
324 5.90292e+237
325 3.38999e+238
326 1.94686e+239
327 1.11808e+240
328 6.42115e+240
329 3.68771e+241
330 2.11789e+242
331 1.21634e+243
332 6.98565e+243
333 4.01202e+244
334 2.30421e+245
335 1.32338e+246
336 7.6006e+246
337 4.36531e+247
338 2.50718e+248
339 1.43999e+249
340 8.27056e+249
341 4.75022e+250
342 2.72832e+251
343 1.56704e+252
344 9.00051e+252
345 5.1696e+253
346 2.96927e+254
347 1.70547e+255
348 9.79586e+255
349 5.62657e+256
350 3.23182e+257
351 1.85632e+258
352 1.06626e+259
353 6.12452e+259
354 3.51792e+260
355 2.0207e+261
356 1.1607e+262
357 6.66719e+262
358 3.82972e+263
359 2.19985e+264
360 1.26364e+265
361 7.25861e+265
362 4.16953e+266
363 2.3951e+267
364 1.37582e+268
365 7.90321e+268
366 4.53991e+269
367 2.60791e+270
368 1.4981e+271
369 8.60582e+271
370 4.94363e+272
371 2.83989e+273
372 1.63139e+274
373 9.37171e+274
374 5.38371e+275
375 3.09276e+276
376 1.7767e+277
377 1.02066e+278
378 5.86346e+278
379 3.36843e+279
380 1.9351e+280
381 1.11169e+281
382 6.3865e+281
383 3.66898e+282
384 2.1078e+283
385 1.21092e+284
386 6.95675e+284
387 3.99666e+285
388 2.2961e+286
389 1.31913e+287
390 7.57852e+287
391 4.35396e+288
392 2.50142e+289
393 1.43711e+290
394 8.2565e+290
395 4.74356e+291
396 2.7253e+292
397 1.56576e+293
398 8.99582e+293
399 5.16841e+294
400 2.96944e+295
401 1.70606e+296
402 9.80207e+296
403 5.63173e+297
404 3.2357e+298
405 1.85907e+299
406 1.06814e+300
407 6.13703e+300
408 3.52608e+301
409 2.02595e+302
410 1.16403e+303
411 6.68814e+303
412 3.84279e+304
413 2.20795e+305
414 1.26863e+306
415 7.28925e+306
416 inf
417 inf
