0 0.551
1 0.353422
2 0.291161
3 0.253847
4 0.227143
5 0.206449
6 0.189634
7 0.17553
8 0.163422
9 0.152844
10 0.143474
11 0.13508
12 0.12749
13 0.120575
14 0.114231
15 0.108379
16 0.102953
17 0.0978994
18 0.0931743
19 0.0887406
20 0.0845673
21 0.0806276
22 0.0768988
23 0.0733612
24 0.0699974
25 0.0667926
26 0.0637335
27 0.0608084
28 0.0580069
29 0.0553198
30 0.0527387
31 0.0502562
32 0.0478656
33 0.0455608
34 0.0433363
35 0.041187
36 0.0391083
37 0.0370961
38 0.0351464
39 0.0332558
40 0.0314209
41 0.0296388
42 0.0279066
43 0.0262218
44 0.0245819
45 0.0229847
46 0.0214281
47 0.0199102
48 0.0184292
49 0.0169833
50 0.015571
51 0.0141908
52 0.0128412
53 0.0115209
54 0.0102288
55 0.00896356
56 0.00772414
57 0.00650949
58 0.00531863
59 0.00415062
60 0.00300458
61 0.00187967
62 0.000775098
63 -0.000309887
64 -0.001376
65 -0.00242392
66 -0.0034543
67 -0.00446774
68 -0.00546484
69 -0.00644614
70 -0.00741218
71 -0.00836347
72 -0.00930049
73 -0.0102237
74 -0.0111335
75 -0.0120304
76 -0.0129147
77 -0.0137869
78 -0.0146473
79 -0.0154962
80 -0.016334
81 -0.017161
82 -0.0179776
83 -0.018784
84 -0.0195804
85 -0.0203673
86 -0.0211448
87 -0.0219132
88 -0.0226727
89 -0.0234236
90 -0.0241661
91 -0.0249004
92 -0.0256267
93 -0.0263452
94 -0.0270561
95 -0.0277597
96 -0.0284559
97 -0.0291452
98 -0.0298275
99 -0.030503
100 -0.031172
101 -0.0318346
102 -0.0324909
103 -0.033141
104 -0.0337851
105 -0.0344233
106 -0.0350557
107 -0.0356825
108 -0.0363037
109 -0.0369196
110 -0.0375301
111 -0.0381354
112 -0.0387356
113 -0.0393308
114 -0.0399211
115 -0.0405066
116 -0.0410874
117 -0.0416635
118 -0.0422351
119 -0.0428022
120 -0.0433649
121 -0.0439233
122 -0.0444774
123 -0.0450274
124 -0.0455733
125 -0.0461152
126 -0.0466531
127 -0.047187
128 -0.0477172
129 -0.0482436
130 -0.0487663
131 -0.0492853
132 -0.0498007
133 -0.0503125
134 -0.0508209
135 -0.0513259
136 -0.0518274
137 -0.0523256
138 -0.0528205
139 -0.0533122
140 -0.0538006
141 -0.0542859
142 -0.0547681
143 -0.0552472
144 -0.0557233
145 -0.0561964
146 -0.0566665
147 -0.0571337
148 -0.0575981
149 -0.0580596
150 -0.0585183
151 -0.0589743
152 -0.0594275
153 -0.059878
154 -0.0603258
155 -0.060771
156 -0.0612136
157 -0.0616536
158 -0.0620911
159 -0.0625261
160 -0.0629585
161 -0.0633885
162 -0.0638161
163 -0.0642413
164 -0.0646641
165 -0.0650845
166 -0.0655026
167 -0.0659184
168 -0.0663319
169 -0.0667432
170 -0.0671522
171 -0.067559
172 -0.0679636
173 -0.0683661
174 -0.0687664
175 -0.0691646
176 -0.0695607
177 -0.0699547
178 -0.0703466
179 -0.0707365
180 -0.0711244
181 -0.0715102
182 -0.0718941
183 -0.072276
184 -0.072656
185 -0.073034
186 -0.0734101
187 -0.0737843
188 -0.0741566
189 -0.0745271
190 -0.0748957
191 -0.0752624
192 -0.0756274
193 -0.0759905
194 -0.0763519
195 -0.0767115
196 -0.0770693
197 -0.0774253
198 -0.0777797
199 -0.0781323
200 -0.0784832
201 -0.0788325
202 -0.07918
203 -0.0795259
204 -0.0798702
205 -0.0802128
206 -0.0805538
207 -0.0808931
208 -0.0812309
209 -0.0815671
210 -0.0819017
211 -0.0822347
212 -0.0825662
213 -0.0828961
214 -0.0832245
215 -0.0835514
216 -0.0838768
217 -0.0842007
218 -0.0845231
219 -0.084844
220 -0.0851635
221 -0.0854814
222 -0.085798
223 -0.0861131
224 -0.0864268
225 -0.0867391
226 -0.0870499
227 -0.0873594
228 -0.0876674
229 -0.0879741
230 -0.0882794
231 -0.0885834
232 -0.088886
233 -0.0891873
234 -0.0894872
235 -0.0897858
236 -0.0900831
237 -0.090379
238 -0.0906737
239 -0.0909671
240 -0.0912592
241 -0.09155
242 -0.0918395
243 -0.0921278
244 -0.0924148
245 -0.0927006
246 -0.0929851
247 -0.0932685
248 -0.0935505
249 -0.0938314
250 -0.0941111
251 -0.0943895
252 -0.0946668
253 -0.0949428
254 -0.0952177
255 -0.0954914
256 -0.095764
257 -0.0960354
258 -0.0963056
259 -0.0965747
260 -0.0968426
261 -0.0971095
262 -0.0973751
263 -0.0976397
264 -0.0979031
265 -0.0981655
266 -0.0984267
267 -0.0986868
268 -0.0989459
269 -0.0992038
270 -0.0994607
271 -0.0997165
272 -0.0999712
273 -0.100225
274 -0.100478
275 -0.100729
276 -0.10098
277 -0.101229
278 -0.101478
279 -0.101725
280 -0.101971
281 -0.102217
282 -0.102461
283 -0.102705
284 -0.102947
285 -0.103188
286 -0.103429
287 -0.103668
288 -0.103906
289 -0.104144
290 -0.10438
291 -0.104616
292 -0.10485
293 -0.105084
294 -0.105317
295 -0.105548
296 -0.105779
297 -0.106009
298 -0.106238
299 -0.106466
300 -0.106693
301 -0.106919
302 -0.107144
303 -0.107368
304 -0.107591
305 -0.107814
306 -0.108036
307 -0.108256
308 -0.108476
309 -0.108695
310 -0.108913
311 -0.10913
312 -0.109346
313 -0.109562
314 -0.109776
315 -0.10999
316 -0.110203
317 -0.110415
318 -0.110626
319 -0.110836
320 -0.111046
321 -0.111254
322 -0.111462
323 -0.111669
324 -0.111875
325 -0.112081
326 -0.112285
327 -0.112489
328 -0.112692
329 -0.112894
330 -0.113095
331 -0.113296
332 -0.113495
333 -0.113694
334 -0.113892
335 -0.11409
336 -0.114286
337 -0.114482
338 -0.114677
339 -0.114871
340 -0.115065
341 -0.115258
342 -0.11545
343 -0.115641
344 -0.115831
345 -0.116021
346 -0.11621
347 -0.116398
348 -0.116586
349 -0.116773
350 -0.116959
351 -0.117144
352 -0.117328
353 -0.117512
354 -0.117696
355 -0.117878
356 -0.11806
357 -0.118241
358 -0.118421
359 -0.118601
360 -0.11878
361 -0.118958
362 -0.119135
363 -0.119312
364 -0.119488
365 -0.119664
366 -0.119838
367 -0.120013
368 -0.120186
369 -0.120359
370 -0.120531
371 -0.120702
372 -0.120873
373 -0.121043
374 -0.121213
375 -0.121381
376 -0.121549
377 -0.121717
378 -0.121884
379 -0.12205
380 -0.122215
381 -0.12238
382 -0.122545
383 -0.122708
384 -0.122871
385 -0.123034
386 -0.123195
387 -0.123357
388 -0.123517
389 -0.123677
390 -0.123836
391 -0.123995
392 -0.124153
393 -0.12431
394 -0.124467
395 -0.124624
396 -0.124779
397 -0.124934
398 -0.125089
399 -0.125243
400 -0.125396
401 -0.125549
402 -0.125701
403 -0.125852
404 -0.126003
405 -0.126153
406 -0.126303
407 -0.126453
408 -0.126601
409 -0.126749
410 -0.126897
411 -0.127044
412 -0.12719
413 -0.127336
414 -0.127481
415 -0.127626
416 -0.12777
417 -0.127914
418 -0.128057
419 -0.128199
420 -0.128341
421 -0.128483
422 -0.128624
423 -0.128764
424 -0.128904
425 -0.129043
426 -0.129182
427 -0.12932
428 -0.129458
429 -0.129595
430 -0.129732
431 -0.129868
432 -0.130004
433 -0.130139
434 -0.130273
435 -0.130408
436 -0.130541
437 -0.130674
438 -0.130807
439 -0.130939
440 -0.131071
441 -0.131202
442 -0.131332
443 -0.131462
444 -0.131592
445 -0.131721
446 -0.13185
447 -0.131978
448 -0.132106
449 -0.132233
450 -0.132359
451 -0.132486
452 -0.132611
453 -0.132737
454 -0.132861
455 -0.132986
456 -0.13311
457 -0.133233
458 -0.133356
459 -0.133478
460 -0.1336
461 -0.133722
462 -0.133843
463 -0.133964
464 -0.134084
465 -0.134204
466 -0.134323
467 -0.134442
468 -0.13456
469 -0.134678
470 -0.134795
471 -0.134912
472 -0.135029
473 -0.135145
474 -0.135261
475 -0.135376
476 -0.135491
477 -0.135605
478 -0.135719
479 -0.135833
480 -0.135946
481 -0.136059
482 -0.136171
483 -0.136283
484 -0.136394
485 -0.136505
486 -0.136616
487 -0.136726
488 -0.136836
489 -0.136945
490 -0.137054
491 -0.137163
492 -0.137271
493 -0.137379
494 -0.137486
495 -0.137593
496 -0.1377
497 -0.137806
498 -0.137912
499 -0.138017
500 -0.138122
501 -0.138226
502 -0.138331
503 -0.138434
504 -0.138538
505 -0.138641
506 -0.138743
507 -0.138846
508 -0.138947
509 -0.139049
510 -0.13915
511 -0.139251
512 -0.139351
513 -0.139451
514 -0.139551
515 -0.13965
516 -0.139749
517 -0.139847
518 -0.139945
519 -0.140043
520 -0.14014
521 -0.140237
522 -0.140334
523 -0.14043
524 -0.140526
525 -0.140622
526 -0.140717
527 -0.140812
528 -0.140906
529 -0.141
530 -0.141094
531 -0.141188
532 -0.141281
533 -0.141374
534 -0.141466
535 -0.141558
536 -0.14165
537 -0.141741
538 -0.141832
539 -0.141923
540 -0.142013
541 -0.142103
542 -0.142193
543 -0.142282
544 -0.142371
545 -0.14246
546 -0.142548
547 -0.142636
548 -0.142724
549 -0.142812
550 -0.142899
551 -0.142985
552 -0.143072
553 -0.143158
554 -0.143244
555 -0.143329
556 -0.143414
557 -0.143499
558 -0.143583
559 -0.143668
560 -0.143752
561 -0.143835
562 -0.143918
563 -0.144001
564 -0.144084
565 -0.144166
566 -0.144248
567 -0.14433
568 -0.144411
569 -0.144493
570 -0.144573
571 -0.144654
572 -0.144734
573 -0.144814
574 -0.144894
575 -0.144973
576 -0.145052
577 -0.145131
578 -0.145209
579 -0.145287
580 -0.145365
581 -0.145443
582 -0.14552
583 -0.145597
584 -0.145674
585 -0.14575
586 -0.145826
587 -0.145902
588 -0.145978
589 -0.146053
590 -0.146128
591 -0.146203
592 -0.146277
593 -0.146351
594 -0.146425
595 -0.146499
596 -0.146572
597 -0.146645
598 -0.146718
599 -0.146791
600 -0.146863
601 -0.146935
602 -0.147007
603 -0.147078
604 -0.14715
605 -0.14722
606 -0.147291
607 -0.147362
608 -0.147432
609 -0.147502
610 -0.147571
611 -0.147641
612 -0.14771
613 -0.147779
614 -0.147847
615 -0.147916
616 -0.147984
617 -0.148052
618 -0.148119
619 -0.148187
620 -0.148254
621 -0.148321
622 -0.148387
623 -0.148454
624 -0.14852
625 -0.148586
626 -0.148651
627 -0.148717
628 -0.148782
629 -0.148847
630 -0.148912
631 -0.148976
632 -0.14904
633 -0.149104
634 -0.149168
635 -0.149231
636 -0.149295
637 -0.149358
638 -0.14942
639 -0.149483
640 -0.149545
641 -0.149607
642 -0.149669
643 -0.149731
644 -0.149792
645 -0.149853
646 -0.149914
647 -0.149975
648 -0.150036
649 -0.150096
650 -0.150156
651 -0.150216
652 -0.150276
653 -0.150335
654 -0.150394
655 -0.150453
656 -0.150512
657 -0.15057
658 -0.150629
659 -0.150687
660 -0.150745
661 -0.150802
662 -0.15086
663 -0.150917
664 -0.150974
665 -0.151031
666 -0.151087
667 -0.151144
668 -0.1512
669 -0.151256
670 -0.151312
671 -0.151367
672 -0.151423
673 -0.151478
674 -0.151533
675 -0.151588
676 -0.151642
677 -0.151697
678 -0.151751
679 -0.151805
680 -0.151858
681 -0.151912
682 -0.151965
683 -0.152019
684 -0.152072
685 -0.152124
686 -0.152177
687 -0.152229
688 -0.152281
689 -0.152333
690 -0.152385
691 -0.152437
692 -0.152488
693 -0.15254
694 -0.152591
695 -0.152642
696 -0.152692
697 -0.152743
698 -0.152793
699 -0.152843
700 -0.152893
701 -0.152943
702 -0.152992
703 -0.153042
704 -0.153091
705 -0.15314
706 -0.153189
707 -0.153237
708 -0.153286
709 -0.153334
710 -0.153382
711 -0.15343
712 -0.153478
713 -0.153526
714 -0.153573
715 -0.15362
716 -0.153667
717 -0.153714
718 -0.153761
719 -0.153808
720 -0.153854
721 -0.1539
722 -0.153946
723 -0.153992
724 -0.154038
725 -0.154083
726 -0.154129
727 -0.154174
728 -0.154219
729 -0.154264
730 -0.154309
731 -0.154353
732 -0.154397
733 -0.154442
734 -0.154486
735 -0.15453
736 -0.154573
737 -0.154617
738 -0.15466
739 -0.154704
740 -0.154747
741 -0.15479
742 -0.154832
743 -0.154875
744 -0.154917
745 -0.15496
746 -0.155002
747 -0.155044
748 -0.155086
749 -0.155127
750 -0.155169
751 -0.15521
752 -0.155251
753 -0.155293
754 -0.155333
755 -0.155374
756 -0.155415
757 -0.155455
758 -0.155496
759 -0.155536
760 -0.155576
761 -0.155616
762 -0.155655
763 -0.155695
764 -0.155734
765 -0.155774
766 -0.155813
767 -0.155852
768 -0.155891
769 -0.15593
770 -0.155968
771 -0.156007
772 -0.156045
773 -0.156083
774 -0.156121
775 -0.156159
776 -0.156197
777 -0.156234
778 -0.156272
779 -0.156309
780 -0.156346
781 -0.156383
782 -0.15642
783 -0.156457
784 -0.156494
785 -0.15653
786 -0.156566
787 -0.156603
788 -0.156639
789 -0.156675
790 -0.156711
791 -0.156746
792 -0.156782
793 -0.156817
794 -0.156853
795 -0.156888
796 -0.156923
797 -0.156958
798 -0.156993
799 -0.157027
800 -0.157062
801 -0.157096
802 -0.157131
803 -0.157165
804 -0.157199
805 -0.157233
806 -0.157267
807 -0.1573
808 -0.157334
809 -0.157367
810 -0.1574
811 -0.157434
812 -0.157467
813 -0.1575
814 -0.157532
815 -0.157565
816 -0.157598
817 -0.15763
818 -0.157663
819 -0.157695
820 -0.157727
821 -0.157759
822 -0.157791
823 -0.157822
824 -0.157854
825 -0.157886
826 -0.157917
827 -0.157948
828 -0.157979
829 -0.15801
830 -0.158041
831 -0.158072
832 -0.158103
833 -0.158134
834 -0.158164
835 -0.158194
836 -0.158225
837 -0.158255
838 -0.158285
839 -0.158315
840 -0.158345
841 -0.158374
842 -0.158404
843 -0.158433
844 -0.158463
845 -0.158492
846 -0.158521
847 -0.15855
848 -0.158579
849 -0.158608
850 -0.158637
851 -0.158666
852 -0.158694
853 -0.158723
854 -0.158751
855 -0.158779
856 -0.158807
857 -0.158835
858 -0.158863
859 -0.158891
860 -0.158919
861 -0.158946
862 -0.158974
863 -0.159001
864 -0.159028
865 -0.159056
866 -0.159083
867 -0.15911
868 -0.159137
869 -0.159164
870 -0.15919
871 -0.159217
872 -0.159243
873 -0.15927
874 -0.159296
875 -0.159322
876 -0.159348
877 -0.159374
878 -0.1594
879 -0.159426
880 -0.159452
881 -0.159478
882 -0.159503
883 -0.159529
884 -0.159554
885 -0.159579
886 -0.159605
887 -0.15963
888 -0.159655
889 -0.15968
890 -0.159704
891 -0.159729
892 -0.159754
893 -0.159778
894 -0.159803
895 -0.159827
896 -0.159851
897 -0.159876
898 -0.1599
899 -0.159924
900 -0.159948
901 -0.159971
902 -0.159995
903 -0.160019
904 -0.160042
905 -0.160066
906 -0.160089
907 -0.160113
908 -0.160136
909 -0.160159
910 -0.160182
911 -0.160205
912 -0.160228
913 -0.160251
914 -0.160273
915 -0.160296
916 -0.160319
917 -0.160341
918 -0.160364
919 -0.160386
920 -0.160408
921 -0.16043
922 -0.160452
923 -0.160474
924 -0.160496
925 -0.160518
926 -0.16054
927 -0.160561
928 -0.160583
929 -0.160605
930 -0.160626
931 -0.160647
932 -0.160669
933 -0.16069
934 -0.160711
935 -0.160732
936 -0.160753
937 -0.160774
938 -0.160795
939 -0.160815
940 -0.160836
941 -0.160857
942 -0.160877
943 -0.160898
944 -0.160918
945 -0.160938
946 -0.160958
947 -0.160979
948 -0.160999
949 -0.161019
950 -0.161038
951 -0.161058
952 -0.161078
953 -0.161098
954 -0.161117
955 -0.161137
956 -0.161156
957 -0.161176
958 -0.161195
959 -0.161214
960 -0.161234
961 -0.161253
962 -0.161272
963 -0.161291
964 -0.16131
965 -0.161329
966 -0.161347
967 -0.161366
968 -0.161385
969 -0.161403
970 -0.161422
971 -0.16144
972 -0.161459
973 -0.161477
974 -0.161495
975 -0.161513
976 -0.161531
977 -0.161549
978 -0.161567
979 -0.161585
980 -0.161603
981 -0.161621
982 -0.161639
983 -0.161656
984 -0.161674
985 -0.161691
986 -0.161709
987 -0.161726
988 -0.161744
989 -0.161761
990 -0.161778
991 -0.161795
992 -0.161812
993 -0.161829
994 -0.161846
995 -0.161863
996 -0.16188
997 -0.161897
998 -0.161913
999 -0.16193
1000 -0.161947
1001 -0.161963
1002 -0.16198
1003 -0.161996
1004 -0.162012
1005 -0.162029
1006 -0.162045
1007 -0.162061
1008 -0.162077
1009 -0.162093
1010 -0.162109
1011 -0.162125
1012 -0.162141
1013 -0.162157
1014 -0.162172
1015 -0.162188
1016 -0.162204
1017 -0.162219
1018 -0.162235
1019 -0.16225
1020 -0.162266
1021 -0.162281
1022 -0.162296
1023 -0.162312
1024 -0.162327
1025 -0.162342
1026 -0.162357
1027 -0.162372
1028 -0.162387
1029 -0.162402
1030 -0.162417
1031 -0.162431
1032 -0.162446
1033 -0.162461
1034 -0.162476
1035 -0.16249
1036 -0.162505
1037 -0.162519
1038 -0.162534
1039 -0.162548
1040 -0.162562
1041 -0.162577
1042 -0.162591
1043 -0.162605
1044 -0.162619
1045 -0.162633
1046 -0.162647
1047 -0.162661
1048 -0.162675
1049 -0.162689
1050 -0.162703
1051 -0.162716
1052 -0.16273
1053 -0.162744
1054 -0.162757
1055 -0.162771
1056 -0.162784
1057 -0.162798
1058 -0.162811
1059 -0.162825
1060 -0.162838
1061 -0.162851
1062 -0.162864
1063 -0.162877
1064 -0.162891
1065 -0.162904
1066 -0.162917
1067 -0.16293
1068 -0.162943
1069 -0.162955
1070 -0.162968
1071 -0.162981
1072 -0.162994
1073 -0.163006
1074 -0.163019
1075 -0.163032
1076 -0.163044
1077 -0.163057
1078 -0.163069
1079 -0.163082
1080 -0.163094
1081 -0.163106
1082 -0.163119
1083 -0.163131
1084 -0.163143
1085 -0.163155
1086 -0.163167
1087 -0.163179
1088 -0.163191
1089 -0.163203
1090 -0.163215
1091 -0.163227
1092 -0.163239
1093 -0.163251
1094 -0.163262
1095 -0.163274
1096 -0.163286
1097 -0.163297
1098 -0.163309
1099 -0.163321
1100 -0.163332
1101 -0.163343
1102 -0.163355
1103 -0.163366
1104 -0.163378
1105 -0.163389
1106 -0.1634
1107 -0.163411
1108 -0.163422
1109 -0.163434
1110 -0.163445
1111 -0.163456
1112 -0.163467
1113 -0.163478
1114 -0.163489
1115 -0.163499
1116 -0.16351
1117 -0.163521
1118 -0.163532
1119 -0.163543
1120 -0.163553
1121 -0.163564
1122 -0.163575
1123 -0.163585
1124 -0.163596
1125 -0.163606
1126 -0.163617
1127 -0.163627
1128 -0.163637
1129 -0.163648
1130 -0.163658
1131 -0.163668
1132 -0.163678
1133 -0.163689
1134 -0.163699
1135 -0.163709
1136 -0.163719
1137 -0.163729
1138 -0.163739
1139 -0.163749
1140 -0.163759
1141 -0.163769
1142 -0.163779
1143 -0.163788
1144 -0.163798
1145 -0.163808
1146 -0.163818
1147 -0.163827
1148 -0.163837
1149 -0.163847
1150 -0.163856
1151 -0.163866
1152 -0.163875
1153 -0.163885
1154 -0.163894
1155 -0.163904
1156 -0.163913
1157 -0.163922
1158 -0.163931
1159 -0.163941
1160 -0.16395
1161 -0.163959
1162 -0.163968
1163 -0.163977
1164 -0.163987
1165 -0.163996
1166 -0.164005
1167 -0.164014
1168 -0.164023
1169 -0.164032
1170 -0.16404
1171 -0.164049
1172 -0.164058
1173 -0.164067
1174 -0.164076
1175 -0.164084
1176 -0.164093
1177 -0.164102
1178 -0.16411
1179 -0.164119
1180 -0.164128
1181 -0.164136
1182 -0.164145
1183 -0.164153
1184 -0.164162
1185 -0.16417
1186 -0.164178
1187 -0.164187
1188 -0.164195
1189 -0.164203
1190 -0.164212
1191 -0.16422
1192 -0.164228
1193 -0.164236
1194 -0.164244
1195 -0.164253
1196 -0.164261
1197 -0.164269
1198 -0.164277
1199 -0.164285
1200 -0.164293
1201 -0.164301
1202 -0.164309
1203 -0.164316
1204 -0.164324
1205 -0.164332
1206 -0.16434
1207 -0.164348
1208 -0.164355
1209 -0.164363
1210 -0.164371
1211 -0.164378
1212 -0.164386
1213 -0.164394
1214 -0.164401
1215 -0.164409
1216 -0.164416
1217 -0.164424
1218 -0.164431
1219 -0.164439
1220 -0.164446
1221 -0.164453
1222 -0.164461
1223 -0.164468
1224 -0.164475
1225 -0.164483
1226 -0.16449
1227 -0.164497
1228 -0.164504
1229 -0.164512
1230 -0.164519
1231 -0.164526
1232 -0.164533
1233 -0.16454
1234 -0.164547
1235 -0.164554
1236 -0.164561
1237 -0.164568
1238 -0.164575
1239 -0.164582
1240 -0.164589
1241 -0.164596
1242 -0.164602
1243 -0.164609
1244 -0.164616
1245 -0.164623
1246 -0.16463
1247 -0.164636
1248 -0.164643
1249 -0.16465
1250 -0.164656
1251 -0.164663
1252 -0.164669
1253 -0.164676
1254 -0.164683
1255 -0.164689
1256 -0.164696
1257 -0.164702
1258 -0.164708
1259 -0.164715
1260 -0.164721
1261 -0.164728
1262 -0.164734
1263 -0.16474
1264 -0.164747
1265 -0.164753
1266 -0.164759
1267 -0.164765
1268 -0.164772
1269 -0.164778
1270 -0.164784
1271 -0.16479
1272 -0.164796
1273 -0.164802
1274 -0.164808
1275 -0.164815
1276 -0.164821
1277 -0.164827
1278 -0.164833
1279 -0.164839
1280 -0.164844
1281 -0.16485
1282 -0.164856
1283 -0.164862
1284 -0.164868
1285 -0.164874
1286 -0.16488
1287 -0.164886
1288 -0.164891
1289 -0.164897
1290 -0.164903
1291 -0.164909
1292 -0.164914
1293 -0.16492
1294 -0.164926
1295 -0.164931
1296 -0.164937
1297 -0.164942
1298 -0.164948
1299 -0.164953
1300 -0.164959
1301 -0.164965
1302 -0.16497
1303 -0.164975
1304 -0.164981
1305 -0.164986
1306 -0.164992
1307 -0.164997
1308 -0.165003
1309 -0.165008
1310 -0.165013
1311 -0.165019
1312 -0.165024
1313 -0.165029
1314 -0.165034
1315 -0.16504
1316 -0.165045
1317 -0.16505
1318 -0.165055
1319 -0.16506
1320 -0.165065
1321 -0.165071
1322 -0.165076
1323 -0.165081
1324 -0.165086
1325 -0.165091
1326 -0.165096
1327 -0.165101
1328 -0.165106
1329 -0.165111
1330 -0.165116
1331 -0.165121
1332 -0.165126
1333 -0.165131
1334 -0.165136
1335 -0.16514
1336 -0.165145
1337 -0.16515
1338 -0.165155
1339 -0.16516
1340 -0.165164
1341 -0.165169
1342 -0.165174
1343 -0.165179
1344 -0.165183
1345 -0.165188
1346 -0.165193
1347 -0.165197
1348 -0.165202
1349 -0.165207
1350 -0.165211
1351 -0.165216
1352 -0.16522
1353 -0.165225
1354 -0.16523
1355 -0.165234
1356 -0.165239
1357 -0.165243
1358 -0.165248
1359 -0.165252
1360 -0.165256
1361 -0.165261
1362 -0.165265
1363 -0.16527
1364 -0.165274
1365 -0.165278
1366 -0.165283
1367 -0.165287
1368 -0.165291
1369 -0.165296
1370 -0.1653
1371 -0.165304
1372 -0.165308
1373 -0.165313
1374 -0.165317
1375 -0.165321
1376 -0.165325
1377 -0.16533
1378 -0.165334
1379 -0.165338
1380 -0.165342
1381 -0.165346
1382 -0.16535
1383 -0.165354
1384 -0.165358
1385 -0.165362
1386 -0.165366
1387 -0.16537
1388 -0.165374
1389 -0.165378
1390 -0.165382
1391 -0.165386
1392 -0.16539
1393 -0.165394
1394 -0.165398
1395 -0.165402
1396 -0.165406
1397 -0.16541
1398 -0.165414
1399 -0.165418
1400 -0.165421
1401 -0.165425
1402 -0.165429
1403 -0.165433
1404 -0.165437
1405 -0.16544
1406 -0.165444
1407 -0.165448
1408 -0.165452
1409 -0.165455
1410 -0.165459
1411 -0.165463
1412 -0.165466
1413 -0.16547
1414 -0.165474
1415 -0.165477
1416 -0.165481
1417 -0.165485
1418 -0.165488
1419 -0.165492
1420 -0.165495
1421 -0.165499
1422 -0.165502
1423 -0.165506
1424 -0.165509
1425 -0.165513
1426 -0.165516
1427 -0.16552
1428 -0.165523
1429 -0.165527
1430 -0.16553
1431 -0.165534
1432 -0.165537
1433 -0.165541
1434 -0.165544
1435 -0.165547
1436 -0.165551
1437 -0.165554
1438 -0.165557
1439 -0.165561
1440 -0.165564
1441 -0.165567
1442 -0.165571
1443 -0.165574
1444 -0.165577
1445 -0.16558
1446 -0.165584
1447 -0.165587
1448 -0.16559
1449 -0.165593
1450 -0.165597
1451 -0.1656
1452 -0.165603
1453 -0.165606
1454 -0.165609
1455 -0.165612
1456 -0.165615
1457 -0.165619
1458 -0.165622
1459 -0.165625
1460 -0.165628
1461 -0.165631
1462 -0.165634
1463 -0.165637
1464 -0.16564
1465 -0.165643
1466 -0.165646
1467 -0.165649
1468 -0.165652
1469 -0.165655
1470 -0.165658
1471 -0.165661
1472 -0.165664
1473 -0.165667
1474 -0.16567
1475 -0.165673
1476 -0.165676
1477 -0.165679
1478 -0.165682
1479 -0.165684
1480 -0.165687
1481 -0.16569
1482 -0.165693
1483 -0.165696
1484 -0.165699
1485 -0.165701
1486 -0.165704
1487 -0.165707
1488 -0.16571
1489 -0.165713
1490 -0.165715
1491 -0.165718
1492 -0.165721
1493 -0.165724
1494 -0.165726
1495 -0.165729
1496 -0.165732
1497 -0.165734
1498 -0.165737
1499 -0.16574
1500 -0.165742
1501 -0.165745
1502 -0.165748
1503 -0.16575
1504 -0.165753
1505 -0.165756
1506 -0.165758
1507 -0.165761
1508 -0.165763
1509 -0.165766
1510 -0.165769
1511 -0.165771
1512 -0.165774
1513 -0.165776
1514 -0.165779
1515 -0.165781
1516 -0.165784
1517 -0.165786
1518 -0.165789
1519 -0.165791
1520 -0.165794
1521 -0.165796
1522 -0.165799
1523 -0.165801
1524 -0.165804
1525 -0.165806
1526 -0.165808
1527 -0.165811
1528 -0.165813
1529 -0.165816
1530 -0.165818
1531 -0.16582
1532 -0.165823
1533 -0.165825
1534 -0.165828
1535 -0.16583
1536 -0.165832
1537 -0.165835
1538 -0.165837
1539 -0.165839
1540 -0.165842
1541 -0.165844
1542 -0.165846
1543 -0.165848
1544 -0.165851
1545 -0.165853
1546 -0.165855
1547 -0.165857
1548 -0.16586
1549 -0.165862
1550 -0.165864
1551 -0.165866
1552 -0.165869
1553 -0.165871
1554 -0.165873
1555 -0.165875
1556 -0.165877
1557 -0.165879
1558 -0.165882
1559 -0.165884
1560 -0.165886
1561 -0.165888
1562 -0.16589
1563 -0.165892
1564 -0.165894
1565 -0.165896
1566 -0.165899
1567 -0.165901
1568 -0.165903
1569 -0.165905
1570 -0.165907
1571 -0.165909
1572 -0.165911
1573 -0.165913
1574 -0.165915
1575 -0.165917
1576 -0.165919
1577 -0.165921
1578 -0.165923
1579 -0.165925
1580 -0.165927
1581 -0.165929
1582 -0.165931
1583 -0.165933
1584 -0.165935
1585 -0.165937
1586 -0.165939
1587 -0.165941
1588 -0.165943
1589 -0.165945
1590 -0.165947
1591 -0.165949
1592 -0.16595
1593 -0.165952
1594 -0.165954
1595 -0.165956
1596 -0.165958
1597 -0.16596
1598 -0.165962
1599 -0.165964
1600 -0.165965
1601 -0.165967
1602 -0.165969
1603 -0.165971
1604 -0.165973
1605 -0.165975
1606 -0.165976
1607 -0.165978
1608 -0.16598
1609 -0.165982
1610 -0.165984
1611 -0.165985
1612 -0.165987
1613 -0.165989
1614 -0.165991
1615 -0.165992
1616 -0.165994
1617 -0.165996
1618 -0.165998
1619 -0.165999
1620 -0.166001
1621 -0.166003
1622 -0.166005
1623 -0.166006
1624 -0.166008
1625 -0.16601
1626 -0.166011
1627 -0.166013
1628 -0.166015
1629 -0.166016
1630 -0.166018
1631 -0.16602
1632 -0.166021
1633 -0.166023
1634 -0.166025
1635 -0.166026
1636 -0.166028
1637 -0.166029
1638 -0.166031
1639 -0.166033
1640 -0.166034
1641 -0.166036
1642 -0.166037
1643 -0.166039
1644 -0.166041
1645 -0.166042
1646 -0.166044
1647 -0.166045
1648 -0.166047
1649 -0.166048
1650 -0.16605
1651 -0.166052
1652 -0.166053
1653 -0.166055
1654 -0.166056
1655 -0.166058
1656 -0.166059
1657 -0.166061
1658 -0.166062
1659 -0.166064
1660 -0.166065
1661 -0.166067
1662 -0.166068
1663 -0.16607
1664 -0.166071
1665 -0.166072
1666 -0.166074
1667 -0.166075
1668 -0.166077
1669 -0.166078
1670 -0.16608
1671 -0.166081
1672 -0.166083
1673 -0.166084
1674 -0.166085
1675 -0.166087
1676 -0.166088
1677 -0.16609
1678 -0.166091
1679 -0.166092
1680 -0.166094
1681 -0.166095
1682 -0.166097
1683 -0.166098
1684 -0.166099
1685 -0.166101
1686 -0.166102
1687 -0.166103
1688 -0.166105
1689 -0.166106
1690 -0.166107
1691 -0.166109
1692 -0.16611
1693 -0.166111
1694 -0.166113
1695 -0.166114
1696 -0.166115
1697 -0.166117
1698 -0.166118
1699 -0.166119
1700 -0.16612
1701 -0.166122
1702 -0.166123
1703 -0.166124
1704 -0.166126
1705 -0.166127
1706 -0.166128
1707 -0.166129
1708 -0.166131
1709 -0.166132
1710 -0.166133
1711 -0.166134
1712 -0.166136
1713 -0.166137
1714 -0.166138
1715 -0.166139
1716 -0.16614
1717 -0.166142
1718 -0.166143
1719 -0.166144
1720 -0.166145
1721 -0.166146
1722 -0.166148
1723 -0.166149
1724 -0.16615
1725 -0.166151
1726 -0.166152
1727 -0.166153
1728 -0.166155
1729 -0.166156
1730 -0.166157
1731 -0.166158
1732 -0.166159
1733 -0.16616
1734 -0.166162
1735 -0.166163
1736 -0.166164
1737 -0.166165
1738 -0.166166
1739 -0.166167
1740 -0.166168
1741 -0.166169
1742 -0.166171
1743 -0.166172
1744 -0.166173
1745 -0.166174
1746 -0.166175
1747 -0.166176
1748 -0.166177
1749 -0.166178
1750 -0.166179
1751 -0.16618
1752 -0.166181
1753 -0.166182
1754 -0.166183
1755 -0.166185
1756 -0.166186
1757 -0.166187
1758 -0.166188
1759 -0.166189
1760 -0.16619
1761 -0.166191
1762 -0.166192
1763 -0.166193
1764 -0.166194
1765 -0.166195
1766 -0.166196
1767 -0.166197
1768 -0.166198
1769 -0.166199
1770 -0.1662
1771 -0.166201
1772 -0.166202
1773 -0.166203
1774 -0.166204
1775 -0.166205
1776 -0.166206
1777 -0.166207
1778 -0.166208
1779 -0.166209
1780 -0.16621
1781 -0.166211
1782 -0.166212
1783 -0.166213
1784 -0.166213
1785 -0.166214
1786 -0.166215
1787 -0.166216
1788 -0.166217
1789 -0.166218
1790 -0.166219
1791 -0.16622
1792 -0.166221
1793 -0.166222
1794 -0.166223
1795 -0.166224
1796 -0.166225
1797 -0.166226
1798 -0.166226
1799 -0.166227
1800 -0.166228
1801 -0.166229
1802 -0.16623
1803 -0.166231
1804 -0.166232
1805 -0.166233
1806 -0.166234
1807 -0.166234
1808 -0.166235
1809 -0.166236
1810 -0.166237
1811 -0.166238
1812 -0.166239
1813 -0.16624
1814 -0.16624
1815 -0.166241
1816 -0.166242
1817 -0.166243
1818 -0.166244
1819 -0.166245
1820 -0.166245
1821 -0.166246
1822 -0.166247
1823 -0.166248
1824 -0.166249
1825 -0.16625
1826 -0.16625
1827 -0.166251
1828 -0.166252
1829 -0.166253
1830 -0.166254
1831 -0.166254
1832 -0.166255
1833 -0.166256
1834 -0.166257
1835 -0.166258
1836 -0.166258
1837 -0.166259
1838 -0.16626
1839 -0.166261
1840 -0.166262
1841 -0.166262
1842 -0.166263
1843 -0.166264
1844 -0.166265
1845 -0.166265
1846 -0.166266
1847 -0.166267
1848 -0.166268
1849 -0.166268
1850 -0.166269
1851 -0.16627
1852 -0.166271
1853 -0.166271
1854 -0.166272
1855 -0.166273
1856 -0.166274
1857 -0.166274
1858 -0.166275
1859 -0.166276
1860 -0.166276
1861 -0.166277
1862 -0.166278
1863 -0.166279
1864 -0.166279
1865 -0.16628
1866 -0.166281
1867 -0.166281
1868 -0.166282
1869 -0.166283
1870 -0.166284
1871 -0.166284
1872 -0.166285
1873 -0.166286
1874 -0.166286
1875 -0.166287
1876 -0.166288
1877 -0.166288
1878 -0.166289
1879 -0.16629
1880 -0.16629
1881 -0.166291
1882 -0.166292
1883 -0.166292
1884 -0.166293
1885 -0.166294
1886 -0.166294
1887 -0.166295
1888 -0.166296
1889 -0.166296
1890 -0.166297
1891 -0.166298
1892 -0.166298
1893 -0.166299
1894 -0.166299
1895 -0.1663
1896 -0.166301
1897 -0.166301
1898 -0.166302
1899 -0.166303
1900 -0.166303
1901 -0.166304
1902 -0.166304
1903 -0.166305
1904 -0.166306
1905 -0.166306
1906 -0.166307
1907 -0.166308
1908 -0.166308
1909 -0.166309
1910 -0.166309
1911 -0.16631
1912 -0.166311
1913 -0.166311
1914 -0.166312
1915 -0.166312
1916 -0.166313
1917 -0.166313
1918 -0.166314
1919 -0.166315
1920 -0.166315
1921 -0.166316
1922 -0.166316
1923 -0.166317
1924 -0.166318
1925 -0.166318
1926 -0.166319
1927 -0.166319
1928 -0.16632
1929 -0.16632
1930 -0.166321
1931 -0.166321
1932 -0.166322
1933 -0.166323
1934 -0.166323
1935 -0.166324
1936 -0.166324
1937 -0.166325
1938 -0.166325
1939 -0.166326
1940 -0.166326
1941 -0.166327
1942 -0.166327
1943 -0.166328
1944 -0.166329
1945 -0.166329
1946 -0.16633
1947 -0.16633
1948 -0.166331
1949 -0.166331
1950 -0.166332
1951 -0.166332
1952 -0.166333
1953 -0.166333
1954 -0.166334
1955 -0.166334
1956 -0.166335
1957 -0.166335
1958 -0.166336
1959 -0.166336
1960 -0.166337
1961 -0.166337
1962 -0.166338
1963 -0.166338
1964 -0.166339
1965 -0.166339
1966 -0.16634
1967 -0.16634
1968 -0.166341
1969 -0.166341
1970 -0.166342
1971 -0.166342
1972 -0.166343
1973 -0.166343
1974 -0.166344
1975 -0.166344
1976 -0.166345
1977 -0.166345
1978 -0.166346
1979 -0.166346
1980 -0.166346
1981 -0.166347
1982 -0.166347
1983 -0.166348
1984 -0.166348
1985 -0.166349
1986 -0.166349
1987 -0.16635
1988 -0.16635
1989 -0.166351
1990 -0.166351
1991 -0.166352
1992 -0.166352
1993 -0.166352
1994 -0.166353
1995 -0.166353
1996 -0.166354
1997 -0.166354
1998 -0.166355
1999 -0.166355
2000 -0.166355
2001 -0.166356
2002 -0.166356
2003 -0.166357
2004 -0.166357
2005 -0.166358
2006 -0.166358
2007 -0.166358
2008 -0.166359
2009 -0.166359
2010 -0.16636
2011 -0.16636
2012 -0.166361
2013 -0.166361
2014 -0.166361
2015 -0.166362
2016 -0.166362
2017 -0.166363
2018 -0.166363
2019 -0.166363
2020 -0.166364
2021 -0.166364
2022 -0.166365
2023 -0.166365
2024 -0.166365
2025 -0.166366
2026 -0.166366
2027 -0.166367
2028 -0.166367
2029 -0.166367
2030 -0.166368
2031 -0.166368
2032 -0.166369
2033 -0.166369
2034 -0.166369
2035 -0.16637
2036 -0.16637
2037 -0.16637
2038 -0.166371
2039 -0.166371
2040 -0.166372
2041 -0.166372
2042 -0.166372
2043 -0.166373
2044 -0.166373
2045 -0.166373
2046 -0.166374
2047 -0.166374
2048 -0.166375
2049 -0.166375
2050 -0.166375
2051 -0.166376
2052 -0.166376
2053 -0.166376
2054 -0.166377
2055 -0.166377
2056 -0.166377
2057 -0.166378
2058 -0.166378
2059 -0.166379
2060 -0.166379
2061 -0.166379
2062 -0.16638
2063 -0.16638
2064 -0.16638
2065 -0.166381
2066 -0.166381
2067 -0.166381
2068 -0.166382
2069 -0.166382
2070 -0.166382
2071 -0.166383
2072 -0.166383
2073 -0.166383
2074 -0.166384
2075 -0.166384
2076 -0.166384
2077 -0.166385
2078 -0.166385
2079 -0.166385
2080 -0.166386
2081 -0.166386
2082 -0.166386
2083 -0.166387
2084 -0.166387
2085 -0.166387
2086 -0.166388
2087 -0.166388
2088 -0.166388
2089 -0.166388
2090 -0.166389
2091 -0.166389
2092 -0.166389
2093 -0.16639
2094 -0.16639
2095 -0.16639
2096 -0.166391
2097 -0.166391
2098 -0.166391
2099 -0.166392
2100 -0.166392
2101 -0.166392
2102 -0.166392
2103 -0.166393
2104 -0.166393
2105 -0.166393
2106 -0.166394
2107 -0.166394
2108 -0.166394
2109 -0.166395
2110 -0.166395
2111 -0.166395
2112 -0.166395
2113 -0.166396
2114 -0.166396
2115 -0.166396
2116 -0.166397
2117 -0.166397
2118 -0.166397
2119 -0.166397
2120 -0.166398
2121 -0.166398
2122 -0.166398
2123 -0.166399
2124 -0.166399
2125 -0.166399
2126 -0.166399
2127 -0.1664
2128 -0.1664
2129 -0.1664
2130 -0.1664
2131 -0.166401
2132 -0.166401
2133 -0.166401
2134 -0.166402
2135 -0.166402
2136 -0.166402
2137 -0.166402
2138 -0.166403
2139 -0.166403
2140 -0.166403
2141 -0.166403
2142 -0.166404
2143 -0.166404
2144 -0.166404
2145 -0.166404
2146 -0.166405
2147 -0.166405
2148 -0.166405
2149 -0.166405
2150 -0.166406
2151 -0.166406
2152 -0.166406
2153 -0.166406
2154 -0.166407
2155 -0.166407
2156 -0.166407
2157 -0.166407
2158 -0.166408
2159 -0.166408
2160 -0.166408
2161 -0.166408
2162 -0.166409
2163 -0.166409
2164 -0.166409
2165 -0.166409
2166 -0.16641
2167 -0.16641
2168 -0.16641
2169 -0.16641
2170 -0.166411
2171 -0.166411
2172 -0.166411
2173 -0.166411
2174 -0.166412
2175 -0.166412
2176 -0.166412
2177 -0.166412
2178 -0.166412
2179 -0.166413
2180 -0.166413
2181 -0.166413
2182 -0.166413
2183 -0.166414
2184 -0.166414
2185 -0.166414
2186 -0.166414
2187 -0.166414
2188 -0.166415
2189 -0.166415
2190 -0.166415
2191 -0.166415
2192 -0.166416
2193 -0.166416
2194 -0.166416
2195 -0.166416
2196 -0.166416
2197 -0.166417
2198 -0.166417
2199 -0.166417
2200 -0.166417
2201 -0.166417
2202 -0.166418
2203 -0.166418
2204 -0.166418
2205 -0.166418
2206 -0.166419
2207 -0.166419
2208 -0.166419
2209 -0.166419
2210 -0.166419
2211 -0.16642
2212 -0.16642
2213 -0.16642
2214 -0.16642
2215 -0.16642
2216 -0.166421
2217 -0.166421
2218 -0.166421
2219 -0.166421
2220 -0.166421
2221 -0.166422
2222 -0.166422
2223 -0.166422
2224 -0.166422
2225 -0.166422
2226 -0.166423
2227 -0.166423
2228 -0.166423
2229 -0.166423
2230 -0.166423
2231 -0.166423
2232 -0.166424
2233 -0.166424
2234 -0.166424
2235 -0.166424
2236 -0.166424
2237 -0.166425
2238 -0.166425
2239 -0.166425
2240 -0.166425
2241 -0.166425
2242 -0.166425
2243 -0.166426
2244 -0.166426
2245 -0.166426
2246 -0.166426
2247 -0.166426
2248 -0.166427
2249 -0.166427
2250 -0.166427
2251 -0.166427
2252 -0.166427
2253 -0.166427
2254 -0.166428
2255 -0.166428
2256 -0.166428
2257 -0.166428
2258 -0.166428
2259 -0.166428
2260 -0.166429
2261 -0.166429
2262 -0.166429
2263 -0.166429
2264 -0.166429
2265 -0.166429
2266 -0.16643
2267 -0.16643
2268 -0.16643
2269 -0.16643
2270 -0.16643
2271 -0.16643
2272 -0.166431
2273 -0.166431
2274 -0.166431
2275 -0.166431
2276 -0.166431
2277 -0.166431
2278 -0.166432
2279 -0.166432
2280 -0.166432
2281 -0.166432
2282 -0.166432
2283 -0.166432
2284 -0.166433
2285 -0.166433
2286 -0.166433
2287 -0.166433
2288 -0.166433
2289 -0.166433
2290 -0.166433
2291 -0.166434
2292 -0.166434
2293 -0.166434
2294 -0.166434
2295 -0.166434
2296 -0.166434
2297 -0.166435
2298 -0.166435
2299 -0.166435
2300 -0.166435
2301 -0.166435
2302 -0.166435
2303 -0.166435
2304 -0.166436
2305 -0.166436
2306 -0.166436
2307 -0.166436
2308 -0.166436
2309 -0.166436
2310 -0.166436
2311 -0.166437
2312 -0.166437
2313 -0.166437
2314 -0.166437
2315 -0.166437
2316 -0.166437
2317 -0.166437
2318 -0.166438
2319 -0.166438
2320 -0.166438
2321 -0.166438
2322 -0.166438
2323 -0.166438
2324 -0.166438
2325 -0.166439
2326 -0.166439
2327 -0.166439
2328 -0.166439
2329 -0.166439
2330 -0.166439
2331 -0.166439
2332 -0.166439
2333 -0.16644
2334 -0.16644
2335 -0.16644
2336 -0.16644
2337 -0.16644
2338 -0.16644
2339 -0.16644
2340 -0.16644
2341 -0.166441
2342 -0.166441
2343 -0.166441
2344 -0.166441
2345 -0.166441
2346 -0.166441
2347 -0.166441
2348 -0.166441
2349 -0.166442
2350 -0.166442
2351 -0.166442
2352 -0.166442
2353 -0.166442
2354 -0.166442
2355 -0.166442
2356 -0.166442
2357 -0.166443
2358 -0.166443
2359 -0.166443
2360 -0.166443
2361 -0.166443
2362 -0.166443
2363 -0.166443
2364 -0.166443
2365 -0.166444
2366 -0.166444
2367 -0.166444
2368 -0.166444
2369 -0.166444
2370 -0.166444
2371 -0.166444
2372 -0.166444
2373 -0.166444
2374 -0.166445
2375 -0.166445
2376 -0.166445
2377 -0.166445
2378 -0.166445
2379 -0.166445
2380 -0.166445
2381 -0.166445
2382 -0.166445
2383 -0.166446
2384 -0.166446
2385 -0.166446
2386 -0.166446
2387 -0.166446
2388 -0.166446
2389 -0.166446
2390 -0.166446
2391 -0.166446
2392 -0.166447
2393 -0.166447
2394 -0.166447
2395 -0.166447
2396 -0.166447
2397 -0.166447
2398 -0.166447
2399 -0.166447
2400 -0.166447
2401 -0.166447
2402 -0.166448
2403 -0.166448
2404 -0.166448
2405 -0.166448
2406 -0.166448
2407 -0.166448
2408 -0.166448
2409 -0.166448
2410 -0.166448
2411 -0.166448
2412 -0.166449
2413 -0.166449
2414 -0.166449
2415 -0.166449
2416 -0.166449
2417 -0.166449
2418 -0.166449
2419 -0.166449
2420 -0.166449
2421 -0.166449
2422 -0.16645
2423 -0.16645
2424 -0.16645
2425 -0.16645
2426 -0.16645
2427 -0.16645
2428 -0.16645
2429 -0.16645
2430 -0.16645
2431 -0.16645
2432 -0.16645
2433 -0.166451
2434 -0.166451
2435 -0.166451
2436 -0.166451
2437 -0.166451
2438 -0.166451
2439 -0.166451
2440 -0.166451
2441 -0.166451
2442 -0.166451
2443 -0.166451
2444 -0.166452
2445 -0.166452
2446 -0.166452
2447 -0.166452
2448 -0.166452
2449 -0.166452
2450 -0.166452
2451 -0.166452
2452 -0.166452
2453 -0.166452
2454 -0.166452
2455 -0.166452
2456 -0.166453
2457 -0.166453
2458 -0.166453
2459 -0.166453
2460 -0.166453
2461 -0.166453
2462 -0.166453
2463 -0.166453
2464 -0.166453
2465 -0.166453
2466 -0.166453
2467 -0.166453
2468 -0.166454
2469 -0.166454
2470 -0.166454
2471 -0.166454
2472 -0.166454
2473 -0.166454
2474 -0.166454
2475 -0.166454
2476 -0.166454
2477 -0.166454
2478 -0.166454
2479 -0.166454
2480 -0.166455
2481 -0.166455
2482 -0.166455
2483 -0.166455
2484 -0.166455
2485 -0.166455
2486 -0.166455
2487 -0.166455
2488 -0.166455
2489 -0.166455
2490 -0.166455
2491 -0.166455
2492 -0.166455
2493 -0.166455
2494 -0.166456
2495 -0.166456
2496 -0.166456
2497 -0.166456
2498 -0.166456
2499 -0.166456
2500 -0.166456
2501 -0.166456
2502 -0.166456
2503 -0.166456
2504 -0.166456
2505 -0.166456
2506 -0.166456
2507 -0.166456
2508 -0.166457
2509 -0.166457
2510 -0.166457
2511 -0.166457
2512 -0.166457
2513 -0.166457
2514 -0.166457
2515 -0.166457
2516 -0.166457
2517 -0.166457
2518 -0.166457
2519 -0.166457
2520 -0.166457
2521 -0.166457
2522 -0.166458
2523 -0.166458
2524 -0.166458
2525 -0.166458
2526 -0.166458
2527 -0.166458
2528 -0.166458
2529 -0.166458
2530 -0.166458
2531 -0.166458
2532 -0.166458
2533 -0.166458
2534 -0.166458
2535 -0.166458
2536 -0.166458
2537 -0.166458
2538 -0.166459
2539 -0.166459
2540 -0.166459
2541 -0.166459
2542 -0.166459
2543 -0.166459
2544 -0.166459
2545 -0.166459
2546 -0.166459
2547 -0.166459
2548 -0.166459
2549 -0.166459
2550 -0.166459
2551 -0.166459
2552 -0.166459
2553 -0.166459
2554 -0.16646
2555 -0.16646
2556 -0.16646
2557 -0.16646
2558 -0.16646
2559 -0.16646
2560 -0.16646
2561 -0.16646
2562 -0.16646
2563 -0.16646
2564 -0.16646
2565 -0.16646
2566 -0.16646
2567 -0.16646
2568 -0.16646
2569 -0.16646
2570 -0.16646
2571 -0.16646
2572 -0.166461
2573 -0.166461
2574 -0.166461
2575 -0.166461
2576 -0.166461
2577 -0.166461
2578 -0.166461
2579 -0.166461
2580 -0.166461
2581 -0.166461
2582 -0.166461
2583 -0.166461
2584 -0.166461
2585 -0.166461
2586 -0.166461
2587 -0.166461
2588 -0.166461
2589 -0.166461
2590 -0.166462
2591 -0.166462
2592 -0.166462
2593 -0.166462
2594 -0.166462
2595 -0.166462
2596 -0.166462
2597 -0.166462
2598 -0.166462
2599 -0.166462
2600 -0.166462
2601 -0.166462
2602 -0.166462
2603 -0.166462
2604 -0.166462
2605 -0.166462
2606 -0.166462
2607 -0.166462
2608 -0.166462
2609 -0.166462
2610 -0.166463
2611 -0.166463
2612 -0.166463
2613 -0.166463
2614 -0.166463
2615 -0.166463
2616 -0.166463
2617 -0.166463
2618 -0.166463
2619 -0.166463
2620 -0.166463
2621 -0.166463
2622 -0.166463
2623 -0.166463
2624 -0.166463
2625 -0.166463
2626 -0.166463
2627 -0.166463
2628 -0.166463
2629 -0.166463
2630 -0.166463
2631 -0.166463
2632 -0.166464
2633 -0.166464
2634 -0.166464
2635 -0.166464
2636 -0.166464
2637 -0.166464
2638 -0.166464
2639 -0.166464
2640 -0.166464
2641 -0.166464
2642 -0.166464
2643 -0.166464
2644 -0.166464
2645 -0.166464
2646 -0.166464
2647 -0.166464
2648 -0.166464
2649 -0.166464
2650 -0.166464
2651 -0.166464
2652 -0.166464
2653 -0.166464
2654 -0.166464
2655 -0.166465
2656 -0.166465
2657 -0.166465
2658 -0.166465
2659 -0.166465
2660 -0.166465
2661 -0.166465
2662 -0.166465
2663 -0.166465
2664 -0.166465
2665 -0.166465
2666 -0.166465
2667 -0.166465
2668 -0.166465
2669 -0.166465
2670 -0.166465
2671 -0.166465
2672 -0.166465
2673 -0.166465
2674 -0.166465
2675 -0.166465
2676 -0.166465
2677 -0.166465
2678 -0.166465
2679 -0.166465
2680 -0.166465
2681 -0.166466
2682 -0.166466
2683 -0.166466
2684 -0.166466
2685 -0.166466
2686 -0.166466
2687 -0.166466
2688 -0.166466
2689 -0.166466
2690 -0.166466
2691 -0.166466
2692 -0.166466
2693 -0.166466
2694 -0.166466
2695 -0.166466
2696 -0.166466
2697 -0.166466
2698 -0.166466
2699 -0.166466
2700 -0.166466
2701 -0.166466
2702 -0.166466
2703 -0.166466
2704 -0.166466
2705 -0.166466
2706 -0.166466
2707 -0.166466
2708 -0.166466
2709 -0.166467
2710 -0.166467
2711 -0.166467
2712 -0.166467
2713 -0.166467
2714 -0.166467
2715 -0.166467
2716 -0.166467
2717 -0.166467
2718 -0.166467
2719 -0.166467
2720 -0.166467
2721 -0.166467
2722 -0.166467
2723 -0.166467
2724 -0.166467
2725 -0.166467
2726 -0.166467
2727 -0.166467
2728 -0.166467
2729 -0.166467
2730 -0.166467
2731 -0.166467
2732 -0.166467
2733 -0.166467
2734 -0.166467
2735 -0.166467
2736 -0.166467
2737 -0.166467
2738 -0.166467
2739 -0.166467
2740 -0.166468
2741 -0.166468
2742 -0.166468
2743 -0.166468
2744 -0.166468
2745 -0.166468
2746 -0.166468
2747 -0.166468
2748 -0.166468
2749 -0.166468
2750 -0.166468
2751 -0.166468
2752 -0.166468
2753 -0.166468
2754 -0.166468
2755 -0.166468
2756 -0.166468
2757 -0.166468
2758 -0.166468
2759 -0.166468
2760 -0.166468
2761 -0.166468
2762 -0.166468
2763 -0.166468
2764 -0.166468
2765 -0.166468
2766 -0.166468
2767 -0.166468
2768 -0.166468
2769 -0.166468
2770 -0.166468
2771 -0.166468
2772 -0.166468
2773 -0.166468
2774 -0.166468
2775 -0.166469
2776 -0.166469
2777 -0.166469
2778 -0.166469
2779 -0.166469
2780 -0.166469
2781 -0.166469
2782 -0.166469
2783 -0.166469
2784 -0.166469
2785 -0.166469
2786 -0.166469
2787 -0.166469
2788 -0.166469
2789 -0.166469
2790 -0.166469
2791 -0.166469
2792 -0.166469
2793 -0.166469
2794 -0.166469
2795 -0.166469
2796 -0.166469
2797 -0.166469
2798 -0.166469
2799 -0.166469
2800 -0.166469
2801 -0.166469
2802 -0.166469
2803 -0.166469
2804 -0.166469
2805 -0.166469
2806 -0.166469
2807 -0.166469
2808 -0.166469
2809 -0.166469
2810 -0.166469
2811 -0.166469
2812 -0.166469
2813 -0.166469
2814 -0.166469
2815 -0.166469
2816 -0.16647
2817 -0.16647
2818 -0.16647
2819 -0.16647
2820 -0.16647
2821 -0.16647
2822 -0.16647
2823 -0.16647
2824 -0.16647
2825 -0.16647
2826 -0.16647
2827 -0.16647
2828 -0.16647
2829 -0.16647
2830 -0.16647
2831 -0.16647
2832 -0.16647
2833 -0.16647
2834 -0.16647
2835 -0.16647
2836 -0.16647
2837 -0.16647
2838 -0.16647
2839 -0.16647
2840 -0.16647
2841 -0.16647
2842 -0.16647
2843 -0.16647
2844 -0.16647
2845 -0.16647
2846 -0.16647
2847 -0.16647
2848 -0.16647
2849 -0.16647
2850 -0.16647
2851 -0.16647
2852 -0.16647
2853 -0.16647
2854 -0.16647
2855 -0.16647
2856 -0.16647
2857 -0.16647
2858 -0.16647
2859 -0.16647
2860 -0.16647
2861 -0.16647
2862 -0.16647
2863 -0.16647
2864 -0.166471
2865 -0.166471
2866 -0.166471
2867 -0.166471
2868 -0.166471
2869 -0.166471
2870 -0.166471
2871 -0.166471
2872 -0.166471
2873 -0.166471
2874 -0.166471
2875 -0.166471
2876 -0.166471
2877 -0.166471
2878 -0.166471
2879 -0.166471
2880 -0.166471
2881 -0.166471
2882 -0.166471
2883 -0.166471
2884 -0.166471
2885 -0.166471
2886 -0.166471
2887 -0.166471
2888 -0.166471
2889 -0.166471
2890 -0.166471
2891 -0.166471
2892 -0.166471
2893 -0.166471
2894 -0.166471
2895 -0.166471
2896 -0.166471
2897 -0.166471
2898 -0.166471
2899 -0.166471
2900 -0.166471
2901 -0.166471
2902 -0.166471
2903 -0.166471
2904 -0.166471
2905 -0.166471
2906 -0.166471
2907 -0.166471
2908 -0.166471
2909 -0.166471
2910 -0.166471
2911 -0.166471
2912 -0.166471
2913 -0.166471
2914 -0.166471
2915 -0.166471
2916 -0.166471
2917 -0.166471
2918 -0.166471
2919 -0.166471
2920 -0.166471
2921 -0.166471
2922 -0.166472
2923 -0.166472
2924 -0.166472
2925 -0.166472
2926 -0.166472
2927 -0.166472
2928 -0.166472
2929 -0.166472
2930 -0.166472
2931 -0.166472
2932 -0.166472
2933 -0.166472
2934 -0.166472
2935 -0.166472
2936 -0.166472
2937 -0.166472
2938 -0.166472
2939 -0.166472
2940 -0.166472
2941 -0.166472
2942 -0.166472
2943 -0.166472
2944 -0.166472
2945 -0.166472
2946 -0.166472
2947 -0.166472
2948 -0.166472
2949 -0.166472
2950 -0.166472
2951 -0.166472
2952 -0.166472
2953 -0.166472
2954 -0.166472
2955 -0.166472
2956 -0.166472
2957 -0.166472
2958 -0.166472
2959 -0.166472
2960 -0.166472
2961 -0.166472
2962 -0.166472
2963 -0.166472
2964 -0.166472
2965 -0.166472
2966 -0.166472
2967 -0.166472
2968 -0.166472
2969 -0.166472
2970 -0.166472
2971 -0.166472
2972 -0.166472
2973 -0.166472
2974 -0.166472
2975 -0.166472
2976 -0.166472
2977 -0.166472
2978 -0.166472
2979 -0.166472
2980 -0.166472
2981 -0.166472
2982 -0.166472
2983 -0.166472
2984 -0.166472
2985 -0.166472
2986 -0.166472
2987 -0.166472
2988 -0.166472
2989 -0.166472
2990 -0.166472
2991 -0.166472
2992 -0.166472
2993 -0.166472
2994 -0.166472
2995 -0.166472
2996 -0.166473
2997 -0.166473
2998 -0.166473
2999 -0.166473
3000 -0.166473
3001 -0.166473
3002 -0.166473
3003 -0.166473
3004 -0.166473
3005 -0.166473
3006 -0.166473
3007 -0.166473
3008 -0.166473
3009 -0.166473
3010 -0.166473
3011 -0.166473
3012 -0.166473
3013 -0.166473
3014 -0.166473
3015 -0.166473
3016 -0.166473
3017 -0.166473
3018 -0.166473
3019 -0.166473
3020 -0.166473
3021 -0.166473
3022 -0.166473
3023 -0.166473
3024 -0.166473
3025 -0.166473
3026 -0.166473
3027 -0.166473
3028 -0.166473
3029 -0.166473
3030 -0.166473
3031 -0.166473
3032 -0.166473
3033 -0.166473
3034 -0.166473
3035 -0.166473
3036 -0.166473
3037 -0.166473
3038 -0.166473
3039 -0.166473
3040 -0.166473
3041 -0.166473
3042 -0.166473
3043 -0.166473
3044 -0.166473
3045 -0.166473
3046 -0.166473
3047 -0.166473
3048 -0.166473
3049 -0.166473
3050 -0.166473
3051 -0.166473
3052 -0.166473
3053 -0.166473
3054 -0.166473
3055 -0.166473
3056 -0.166473
3057 -0.166473
3058 -0.166473
3059 -0.166473
3060 -0.166473
3061 -0.166473
3062 -0.166473
3063 -0.166473
3064 -0.166473
3065 -0.166473
3066 -0.166473
3067 -0.166473
3068 -0.166473
3069 -0.166473
3070 -0.166473
3071 -0.166473
3072 -0.166473
3073 -0.166473
3074 -0.166473
3075 -0.166473
3076 -0.166473
3077 -0.166473
3078 -0.166473
3079 -0.166473
3080 -0.166473
3081 -0.166473
3082 -0.166473
3083 -0.166473
3084 -0.166473
3085 -0.166473
3086 -0.166473
3087 -0.166473
3088 -0.166473
3089 -0.166473
3090 -0.166473
3091 -0.166473
3092 -0.166473
3093 -0.166473
3094 -0.166473
3095 -0.166473
3096 -0.166473
3097 -0.166473
3098 -0.166473
3099 -0.166473
3100 -0.166473
3101 -0.166473
3102 -0.166474
3103 -0.166474
3104 -0.166474
3105 -0.166474
3106 -0.166474
3107 -0.166474
3108 -0.166474
3109 -0.166474
3110 -0.166474
3111 -0.166474
3112 -0.166474
3113 -0.166474
3114 -0.166474
3115 -0.166474
3116 -0.166474
3117 -0.166474
3118 -0.166474
3119 -0.166474
3120 -0.166474
3121 -0.166474
3122 -0.166474
3123 -0.166474
3124 -0.166474
3125 -0.166474
3126 -0.166474
3127 -0.166474
3128 -0.166474
3129 -0.166474
3130 -0.166474
3131 -0.166474
3132 -0.166474
3133 -0.166474
3134 -0.166474
3135 -0.166474
3136 -0.166474
3137 -0.166474
3138 -0.166474
3139 -0.166474
3140 -0.166474
3141 -0.166474
3142 -0.166474
3143 -0.166474
3144 -0.166474
3145 -0.166474
3146 -0.166474
3147 -0.166474
3148 -0.166474
3149 -0.166474
3150 -0.166474
3151 -0.166474
3152 -0.166474
3153 -0.166474
3154 -0.166474
3155 -0.166474
3156 -0.166474
3157 -0.166474
3158 -0.166474
3159 -0.166474
3160 -0.166474
3161 -0.166474
3162 -0.166474
3163 -0.166474
3164 -0.166474
3165 -0.166474
3166 -0.166474
3167 -0.166474
3168 -0.166474
3169 -0.166474
3170 -0.166474
3171 -0.166474
3172 -0.166474
3173 -0.166474
3174 -0.166474
3175 -0.166474
3176 -0.166474
3177 -0.166474
3178 -0.166474
3179 -0.166474
3180 -0.166474
3181 -0.166474
3182 -0.166474
3183 -0.166474
3184 -0.166474
3185 -0.166474
3186 -0.166474
3187 -0.166474
3188 -0.166474
3189 -0.166474
3190 -0.166474
3191 -0.166474
3192 -0.166474
3193 -0.166474
3194 -0.166474
3195 -0.166474
3196 -0.166474
3197 -0.166474
3198 -0.166474
3199 -0.166474
3200 -0.166474
3201 -0.166474
3202 -0.166474
3203 -0.166474
3204 -0.166474
3205 -0.166474
3206 -0.166474
3207 -0.166474
3208 -0.166474
3209 -0.166474
3210 -0.166474
3211 -0.166474
3212 -0.166474
3213 -0.166474
3214 -0.166474
3215 -0.166474
3216 -0.166474
3217 -0.166474
3218 -0.166474
3219 -0.166474
3220 -0.166474
3221 -0.166474
3222 -0.166474
3223 -0.166474
3224 -0.166474
3225 -0.166474
3226 -0.166474
3227 -0.166474
3228 -0.166474
3229 -0.166474
3230 -0.166474
3231 -0.166474
3232 -0.166474
3233 -0.166474
3234 -0.166474
3235 -0.166474
3236 -0.166474
3237 -0.166474
3238 -0.166474
3239 -0.166474
3240 -0.166474
3241 -0.166474
3242 -0.166474
3243 -0.166474
3244 -0.166474
3245 -0.166474
3246 -0.166474
3247 -0.166474
3248 -0.166474
3249 -0.166474
3250 -0.166474
3251 -0.166474
3252 -0.166474
3253 -0.166474
3254 -0.166474
3255 -0.166474
3256 -0.166474
3257 -0.166474
3258 -0.166474
3259 -0.166474
3260 -0.166474
3261 -0.166474
3262 -0.166474
3263 -0.166474
3264 -0.166474
3265 -0.166474
3266 -0.166474
3267 -0.166474
3268 -0.166474
3269 -0.166474
3270 -0.166474
3271 -0.166474
3272 -0.166474
3273 -0.166474
3274 -0.166474
3275 -0.166474
3276 -0.166474
3277 -0.166474
3278 -0.166474
3279 -0.166474
3280 -0.166474
3281 -0.166474
3282 -0.166474
3283 -0.166474
3284 -0.166474
3285 -0.166474
3286 -0.166474
3287 -0.166474
3288 -0.166474
3289 -0.166474
3290 -0.166474
3291 -0.166474
3292 -0.166475
3293 -0.166475
3294 -0.166475
3295 -0.166475
3296 -0.166475
3297 -0.166475
3298 -0.166475
3299 -0.166475
3300 -0.166475
3301 -0.166475
3302 -0.166475
3303 -0.166475
3304 -0.166475
3305 -0.166475
3306 -0.166475
3307 -0.166475
3308 -0.166475
3309 -0.166475
3310 -0.166475
3311 -0.166475
3312 -0.166475
3313 -0.166475
3314 -0.166475
3315 -0.166475
3316 -0.166475
3317 -0.166475
3318 -0.166475
3319 -0.166475
3320 -0.166475
3321 -0.166475
3322 -0.166475
3323 -0.166475
3324 -0.166475
3325 -0.166475
3326 -0.166475
3327 -0.166475
3328 -0.166475
3329 -0.166475
3330 -0.166475
3331 -0.166475
3332 -0.166475
3333 -0.166475
3334 -0.166475
3335 -0.166475
3336 -0.166475
3337 -0.166475
3338 -0.166475
3339 -0.166475
3340 -0.166475
3341 -0.166475
3342 -0.166475
3343 -0.166475
3344 -0.166475
3345 -0.166475
3346 -0.166475
3347 -0.166475
3348 -0.166475
3349 -0.166475
3350 -0.166475
3351 -0.166475
3352 -0.166475
3353 -0.166475
3354 -0.166475
3355 -0.166475
3356 -0.166475
3357 -0.166475
3358 -0.166475
3359 -0.166475
3360 -0.166475
3361 -0.166475
3362 -0.166475
3363 -0.166475
3364 -0.166475
3365 -0.166475
3366 -0.166475
3367 -0.166475
3368 -0.166475
3369 -0.166475
3370 -0.166475
3371 -0.166475
3372 -0.166475
3373 -0.166475
3374 -0.166475
3375 -0.166475
3376 -0.166475
3377 -0.166475
3378 -0.166475
3379 -0.166475
3380 -0.166475
3381 -0.166475
3382 -0.166475
3383 -0.166475
3384 -0.166475
3385 -0.166475
3386 -0.166475
3387 -0.166475
3388 -0.166475
3389 -0.166475
3390 -0.166475
3391 -0.166475
3392 -0.166475
3393 -0.166475
3394 -0.166475
3395 -0.166475
3396 -0.166475
3397 -0.166475
3398 -0.166475
3399 -0.166475
3400 -0.166475
3401 -0.166475
3402 -0.166475
3403 -0.166475
3404 -0.166475
3405 -0.166475
3406 -0.166475
3407 -0.166475
3408 -0.166475
3409 -0.166475
3410 -0.166475
3411 -0.166475
3412 -0.166475
3413 -0.166475
3414 -0.166475
3415 -0.166475
3416 -0.166475
3417 -0.166475
3418 -0.166475
3419 -0.166475
3420 -0.166475
3421 -0.166475
3422 -0.166475
3423 -0.166475
3424 -0.166475
3425 -0.166475
3426 -0.166475
3427 -0.166475
3428 -0.166475
3429 -0.166475
3430 -0.166475
3431 -0.166475
3432 -0.166475
3433 -0.166475
3434 -0.166475
3435 -0.166475
3436 -0.166475
3437 -0.166475
3438 -0.166475
3439 -0.166475
3440 -0.166475
3441 -0.166475
3442 -0.166475
3443 -0.166475
3444 -0.166475
3445 -0.166475
3446 -0.166475
3447 -0.166475
3448 -0.166475
3449 -0.166475
3450 -0.166475
3451 -0.166475
3452 -0.166475
3453 -0.166475
3454 -0.166475
3455 -0.166475
3456 -0.166475
3457 -0.166475
3458 -0.166475
3459 -0.166475
3460 -0.166475
3461 -0.166475
3462 -0.166475
3463 -0.166475
3464 -0.166475
3465 -0.166475
3466 -0.166475
3467 -0.166475
3468 -0.166475
3469 -0.166475
3470 -0.166475
3471 -0.166475
3472 -0.166475
3473 -0.166475
3474 -0.166475
3475 -0.166475
3476 -0.166475
3477 -0.166475
3478 -0.166475
3479 -0.166475
3480 -0.166475
3481 -0.166475
3482 -0.166475
3483 -0.166475
3484 -0.166475
3485 -0.166475
3486 -0.166475
3487 -0.166475
3488 -0.166475
3489 -0.166475
3490 -0.166475
3491 -0.166475
3492 -0.166475
3493 -0.166475
3494 -0.166475
3495 -0.166475
3496 -0.166475
3497 -0.166475
3498 -0.166475
3499 -0.166475
3500 -0.166475
3501 -0.166475
3502 -0.166475
3503 -0.166475
3504 -0.166475
3505 -0.166475
3506 -0.166475
3507 -0.166475
3508 -0.166475
3509 -0.166475
3510 -0.166475
3511 -0.166475
3512 -0.166475
3513 -0.166475
3514 -0.166475
3515 -0.166475
3516 -0.166475
3517 -0.166475
3518 -0.166475
3519 -0.166475
3520 -0.166475
3521 -0.166475
3522 -0.166475
3523 -0.166475
3524 -0.166475
3525 -0.166475
3526 -0.166475
3527 -0.166475
3528 -0.166475
3529 -0.166475
3530 -0.166475
3531 -0.166475
3532 -0.166475
3533 -0.166475
3534 -0.166475
3535 -0.166475
3536 -0.166475
3537 -0.166475
3538 -0.166475
3539 -0.166475
3540 -0.166475
3541 -0.166475
3542 -0.166475
3543 -0.166475
3544 -0.166475
3545 -0.166475
3546 -0.166475
3547 -0.166475
3548 -0.166475
3549 -0.166475
3550 -0.166475
3551 -0.166475
3552 -0.166475
3553 -0.166475
3554 -0.166475
3555 -0.166475
3556 -0.166475
3557 -0.166475
3558 -0.166475
3559 -0.166475
3560 -0.166475
3561 -0.166475
3562 -0.166475
3563 -0.166475
3564 -0.166475
3565 -0.166475
3566 -0.166475
3567 -0.166475
3568 -0.166475
3569 -0.166475
3570 -0.166475
3571 -0.166475
3572 -0.166475
3573 -0.166475
3574 -0.166475
3575 -0.166475
3576 -0.166475
3577 -0.166475
3578 -0.166475
3579 -0.166475
3580 -0.166475
3581 -0.166475
3582 -0.166475
3583 -0.166475
3584 -0.166475
3585 -0.166475
3586 -0.166475
3587 -0.166475
3588 -0.166475
3589 -0.166475
3590 -0.166475
3591 -0.166475
3592 -0.166475
3593 -0.166475
3594 -0.166475
3595 -0.166475
3596 -0.166475
3597 -0.166475
3598 -0.166475
3599 -0.166475
3600 -0.166475
3601 -0.166475
3602 -0.166475
3603 -0.166475
3604 -0.166475
3605 -0.166475
3606 -0.166475
3607 -0.166475
3608 -0.166475
3609 -0.166475
3610 -0.166475
3611 -0.166475
3612 -0.166475
3613 -0.166475
3614 -0.166475
3615 -0.166475
3616 -0.166475
3617 -0.166475
3618 -0.166475
3619 -0.166475
3620 -0.166475
3621 -0.166475
3622 -0.166475
3623 -0.166475
3624 -0.166475
3625 -0.166475
3626 -0.166475
3627 -0.166475
3628 -0.166475
3629 -0.166475
3630 -0.166475
3631 -0.166475
3632 -0.166475
3633 -0.166475
3634 -0.166475
3635 -0.166475
3636 -0.166475
3637 -0.166475
3638 -0.166475
3639 -0.166475
3640 -0.166475
3641 -0.166475
3642 -0.166475
3643 -0.166475
3644 -0.166475
3645 -0.166475
3646 -0.166475
3647 -0.166475
3648 -0.166475
3649 -0.166475
3650 -0.166475
3651 -0.166475
3652 -0.166475
3653 -0.166475
3654 -0.166475
3655 -0.166475
3656 -0.166475
3657 -0.166475
3658 -0.166475
3659 -0.166475
3660 -0.166475
3661 -0.166475
3662 -0.166475
3663 -0.166475
3664 -0.166475
3665 -0.166475
3666 -0.166475
3667 -0.166475
3668 -0.166475
3669 -0.166475
3670 -0.166475
3671 -0.166475
