0 0.504058
1 0.396134
2 0.332027
3 0.301125
4 0.275618
5 0.256264
6 0.239674
7 0.226522
8 0.214797
9 0.207419
10 0.202859
11 0.212153
12 0.24314
13 0.351025
14 0.635226
15 1.45413
16 3.68793
17 10.0475
18 28.0096
19 79.8264
20 229.916
21 670.112
22 1969.69
23 5839.7
24 17438
25 52427.1
26 158562
27 482182
28 1.47344e+06
29 4.52231e+06
30 1.39347e+07
31 4.30895e+07
32 1.33667e+08
33 4.15834e+08
34 1.29697e+09
35 4.05459e+09
36 1.27019e+10
37 3.98665e+10
38 1.2534e+11
39 3.94673e+11
40 1.2445e+12
41 3.9292e+12
42 1.24199e+13
43 3.92997e+13
44 1.24475e+14
45 3.94603e+14
46 1.25196e+15
47 3.97511e+15
48 1.26301e+16
49 4.01552e+16
50 1.27742e+17
51 4.06598e+17
52 1.29485e+18
53 4.12551e+18
54 1.31502e+19
55 4.1934e+19
56 1.33774e+20
57 4.26907e+20
58 1.36285e+21
59 4.35213e+21
60 1.39024e+22
61 4.44227e+22
62 1.41984e+23
63 4.53928e+23
64 1.45159e+24
65 4.64303e+24
66 1.48545e+25
67 4.75344e+25
68 1.52141e+26
69 4.87048e+26
70 1.55948e+27
71 4.99417e+27
72 1.59965e+28
73 5.12457e+28
74 1.64195e+29
75 5.26175e+29
76 1.68642e+30
77 5.40584e+30
78 1.73309e+31
79 5.55697e+31
80 1.78202e+32
81 5.7153e+32
82 1.83324e+33
83 5.88103e+33
84 1.88684e+34
85 6.05434e+34
86 1.94288e+35
87 6.23547e+35
88 2.00142e+36
89 6.42466e+36
90 2.06255e+37
91 6.62218e+37
92 2.12636e+38
93 6.82829e+38
94 2.19293e+39
95 7.04331e+39
96 2.26237e+40
97 7.26754e+40
98 2.33478e+41
99 7.50132e+41
100 2.41026e+42
101 7.745e+42
102 2.48893e+43
103 7.99896e+43
104 2.5709e+44
105 8.26358e+44
106 2.65632e+45
107 8.53928e+45
108 2.7453e+46
109 8.82648e+46
110 2.838e+47
111 9.12563e+47
112 2.93454e+48
113 9.43721e+48
114 3.0351e+49
115 9.76172e+49
116 3.13982e+50
117 1.00997e+51
118 3.24887e+51
119 1.04516e+52
120 3.36244e+52
121 1.0818e+53
122 3.48069e+53
123 1.11996e+54
124 3.60383e+54
125 1.1597e+55
126 3.73205e+55
127 1.20108e+56
128 3.86557e+56
129 1.24416e+57
130 4.00459e+57
131 1.28902e+58
132 4.14935e+58
133 1.33573e+59
134 4.30008e+59
135 1.38437e+60
136 4.45704e+60
137 1.43502e+61
138 4.62048e+61
139 1.48776e+62
140 4.79066e+62
141 1.54268e+63
142 4.96789e+63
143 1.59987e+64
144 5.15244e+64
145 1.65942e+65
146 5.34463e+65
147 1.72144e+66
148 5.54477e+66
149 1.78603e+67
150 5.75321e+67
151 1.8533e+68
152 5.97029e+68
153 1.92335e+69
154 6.19637e+69
155 1.99632e+70
156 6.43184e+70
157 2.07231e+71
158 6.6771e+71
159 2.15146e+72
160 6.93255e+72
161 2.23391e+73
162 7.19864e+73
163 2.31979e+74
164 7.47582e+74
165 2.40925e+75
166 7.76455e+75
167 2.50244e+76
168 8.06532e+76
169 2.59952e+77
170 8.37866e+77
171 2.70065e+78
172 8.7051e+78
173 2.80602e+79
174 9.04519e+79
175 2.91579e+80
176 9.39953e+80
177 3.03017e+81
178 9.76872e+81
179 3.14934e+82
180 1.01534e+83
181 3.27351e+83
182 1.05542e+84
183 3.4029e+84
184 1.09719e+85
185 3.53773e+85
186 1.14071e+86
187 3.67823e+86
188 1.18607e+87
189 3.82465e+87
190 1.23334e+88
191 3.97724e+88
192 1.2826e+89
193 4.13627e+89
194 1.33394e+90
195 4.30202e+90
196 1.38745e+91
197 4.47477e+91
198 1.44322e+92
199 4.65483e+92
200 1.50135e+93
201 4.84251e+93
202 1.56195e+94
203 5.03815e+94
204 1.62511e+95
205 5.24208e+95
206 1.69096e+96
207 5.45468e+96
208 1.7596e+97
209 5.6763e+97
210 1.83115e+98
211 5.90734e+98
212 1.90576e+99
213 6.14822e+99
214 1.98353e+100
215 6.39936e+100
216 2.06462e+101
217 6.6612e+101
218 2.14917e+102
219 6.93421e+102
220 2.23733e+103
221 7.21887e+103
222 2.32925e+104
223 7.5157e+104
224 2.4251e+105
225 7.82521e+105
226 2.52505e+106
227 8.14798e+106
228 2.62928e+107
229 8.48456e+107
230 2.73797e+108
231 8.83557e+108
232 2.85132e+109
233 9.20163e+109
234 2.96954e+110
235 9.5834e+110
236 3.09283e+111
237 9.98157e+111
238 3.22142e+112
239 1.03969e+113
240 3.35554e+113
241 1.083e+114
242 3.49543e+114
243 1.12818e+115
244 3.64134e+115
245 1.1753e+116
246 3.79354e+116
247 1.22446e+117
248 3.9523e+117
249 1.27574e+118
250 4.11791e+118
251 1.32923e+119
252 4.29067e+119
253 1.38503e+120
254 4.4709e+120
255 1.44324e+121
256 4.65892e+121
257 1.50397e+122
258 4.85507e+122
259 1.56732e+123
260 5.05972e+123
261 1.63342e+124
262 5.27322e+124
263 1.70239e+125
264 5.49599e+125
265 1.77434e+126
266 5.72841e+126
267 1.84942e+127
268 5.97093e+127
269 1.92776e+128
270 6.22397e+128
271 2.0095e+129
272 6.48801e+129
273 2.09479e+130
274 6.76353e+130
275 2.18379e+131
276 7.05104e+131
277 2.27667e+132
278 7.35106e+132
279 2.37358e+133
280 7.66415e+133
281 2.47473e+134
282 7.99088e+134
283 2.58028e+135
284 8.33186e+135
285 2.69043e+136
286 8.68772e+136
287 2.80539e+137
288 9.05911e+137
289 2.92538e+138
290 9.44673e+138
291 3.0506e+139
292 9.85129e+139
293 3.1813e+140
294 1.02735e+141
295 3.31771e+141
296 1.07143e+142
297 3.4601e+142
298 1.11743e+143
299 3.60872e+143
300 1.16544e+144
301 3.76385e+144
302 1.21556e+145
303 3.92578e+145
304 1.26788e+146
305 4.09481e+146
306 1.32249e+147
307 4.27125e+147
308 1.3795e+148
309 4.45544e+148
310 1.43901e+149
311 4.64773e+149
312 1.50114e+150
313 4.84846e+150
314 1.56599e+151
315 5.05801e+151
316 1.6337e+152
317 5.27678e+152
318 1.70439e+153
319 5.50518e+153
320 1.77819e+154
321 5.74363e+154
322 1.85524e+155
323 5.99259e+155
324 1.93568e+156
325 6.25252e+156
326 2.01967e+157
327 6.5239e+157
328 2.10736e+158
329 6.80726e+158
330 2.19892e+159
331 7.10311e+159
332 2.29452e+160
333 7.41203e+160
334 2.39434e+161
335 7.7346e+161
336 2.49857e+162
337 8.07141e+162
338 2.60741e+163
339 8.42311e+163
340 2.72106e+164
341 8.79037e+164
342 2.83974e+165
343 9.17387e+165
344 2.96367e+166
345 9.57435e+166
346 3.09308e+167
347 9.99256e+167
348 3.22823e+168
349 1.04293e+169
350 3.36936e+169
351 1.08854e+170
352 3.51675e+170
353 1.13617e+171
354 3.67068e+171
355 1.18591e+172
356 3.83143e+172
357 1.23786e+173
358 3.99932e+173
359 1.29212e+174
360 4.17466e+174
361 1.34878e+175
362 4.35778e+175
363 1.40796e+176
364 4.54905e+176
365 1.46978e+177
366 4.74881e+177
367 1.53434e+178
368 4.95745e+178
369 1.60177e+179
370 5.17538e+179
371 1.6722e+180
372 5.403e+180
373 1.74576e+181
374 5.64076e+181
375 1.8226e+182
376 5.8891e+182
377 1.90286e+183
378 6.1485e+183
379 1.9867e+184
380 6.41946e+184
381 2.07428e+185
382 6.7025e+185
383 2.16575e+186
384 6.99816e+186
385 2.26131e+187
386 7.30701e+187
387 2.36113e+188
388 7.62964e+188
389 2.46541e+189
390 7.96667e+189
391 2.57434e+190
392 8.31875e+190
393 2.68814e+191
394 8.68656e+191
395 2.80702e+192
396 9.0708e+192
397 2.93122e+193
398 9.47222e+193
399 3.06096e+194
400 9.89159e+194
401 3.19651e+195
402 1.03297e+196
403 3.33812e+196
404 1.07874e+197
405 3.48607e+197
406 1.12656e+198
407 3.64064e+198
408 1.17653e+199
409 3.80214e+199
410 1.22873e+200
411 3.97086e+200
412 1.28326e+201
413 4.14715e+201
414 1.34025e+202
415 4.33134e+202
416 1.39978e+203
417 4.52378e+203
418 1.46199e+204
419 4.72486e+204
420 1.52699e+205
421 4.93495e+205
422 1.5949e+206
423 5.15448e+206
424 1.66586e+207
425 5.38385e+207
426 1.74e+208
427 5.62353e+208
428 1.81748e+209
429 5.87397e+209
430 1.89844e+210
431 6.13567e+210
432 1.98303e+211
433 6.40912e+211
434 2.07143e+212
435 6.69487e+212
436 2.1638e+213
437 6.99346e+213
438 2.26032e+214
439 7.30549e+214
440 2.36119e+215
441 7.63155e+215
442 2.46659e+216
443 7.97229e+216
444 2.57674e+217
445 8.32836e+217
446 2.69185e+218
447 8.70047e+218
448 2.81214e+219
449 9.08934e+219
450 2.93785e+220
451 9.49573e+220
452 3.06922e+221
453 9.92043e+221
454 3.20652e+222
455 1.03643e+223
456 3.35e+223
457 1.08281e+224
458 3.49996e+224
459 1.13129e+225
460 3.65668e+225
461 1.18196e+226
462 3.82047e+226
463 1.23491e+227
464 3.99165e+227
465 1.29025e+228
466 4.17056e+228
467 1.34809e+229
468 4.35755e+229
469 1.40854e+230
470 4.55298e+230
471 1.47172e+231
472 4.75724e+231
473 1.53775e+232
474 4.97073e+232
475 1.60677e+233
476 5.19387e+233
477 1.67891e+234
478 5.4271e+234
479 1.75432e+235
480 5.67087e+235
481 1.83313e+236
482 5.92567e+236
483 1.91551e+237
484 6.192e+237
485 2.00161e+238
486 6.47037e+238
487 2.09161e+239
488 6.76135e+239
489 2.18568e+240
490 7.0655e+240
491 2.28402e+241
492 7.38343e+241
493 2.38681e+242
494 7.71575e+242
495 2.49425e+243
496 8.06313e+243
497 2.60656e+244
498 8.42625e+244
499 2.72397e+245
500 8.80583e+245
501 2.84669e+246
502 9.20261e+246
503 2.97498e+247
504 9.61739e+247
505 3.10908e+248
506 1.0051e+249
507 3.24927e+249
508 1.05042e+250
509 3.39582e+250
510 1.09781e+251
511 3.54902e+251
512 1.14734e+252
513 3.70917e+252
514 1.19912e+253
515 3.8766e+253
516 1.25325e+254
517 4.05162e+254
518 1.30984e+255
519 4.2346e+255
520 1.36901e+256
521 4.42588e+256
522 1.43086e+257
523 4.62586e+257
524 1.49552e+258
525 4.83493e+258
526 1.56311e+259
527 5.0535e+259
528 1.63379e+260
529 5.28201e+260
530 1.70767e+261
531 5.52091e+261
532 1.78492e+262
533 5.77068e+262
534 1.86568e+263
535 6.0318e+263
536 1.95011e+264
537 6.30481e+264
538 2.03839e+265
539 6.59025e+265
540 2.13068e+266
541 6.88868e+266
542 2.22718e+267
543 7.20069e+267
544 2.32806e+268
545 7.52691e+268
546 2.43355e+269
547 7.868e+269
548 2.54384e+270
549 8.22462e+270
550 2.65915e+271
551 8.59748e+271
552 2.77972e+272
553 8.98734e+272
554 2.90578e+273
555 9.39498e+273
556 3.03759e+274
557 9.82119e+274
558 3.17541e+275
559 1.02668e+276
560 3.31952e+276
561 1.07328e+277
562 3.47019e+277
563 1.122e+278
564 3.62774e+278
565 1.17295e+279
566 3.79248e+279
567 1.22622e+280
568 3.96474e+280
569 1.28192e+281
570 4.14486e+281
571 1.34017e+282
572 4.3332e+282
573 1.40107e+283
574 4.53015e+283
575 1.46476e+284
576 4.73608e+284
577 1.53135e+285
578 4.95142e+285
579 1.60098e+286
580 5.1766e+286
581 1.6738e+287
582 5.41207e+287
583 1.74995e+288
584 5.6583e+288
585 1.82957e+289
586 5.91579e+289
587 1.91283e+290
588 6.18504e+290
589 1.9999e+291
590 6.46661e+291
591 2.09096e+292
592 6.76105e+292
593 2.18617e+293
594 7.06896e+293
595 2.28575e+294
596 7.39096e+294
597 2.38987e+295
598 7.72769e+295
599 2.49876e+296
600 8.07982e+296
601 2.61264e+297
602 8.44808e+297
603 2.73173e+298
604 8.83319e+298
605 2.85627e+299
606 9.23593e+299
607 2.98651e+300
608 9.65712e+300
609 3.12271e+301
610 1.00976e+302
611 3.26516e+302
612 1.05582e+303
613 3.41413e+303
614 1.104e+304
615 3.56992e+304
616 1.15438e+305
617 3.73285e+305
618 1.20707e+306
619 3.90325e+306
620 1.26218e+307
621 inf
622 inf
