0 3.01427
1 0.477188
2 0.333599
3 0.235935
4 0.167631
5 0.118897
6 0.0833183
7 0.056774
8 0.0364797
9 0.0206399
10 0.00797624
11 -0.00236299
12 -0.0109934
13 -0.0183471
14 -0.0247328
15 -0.0304073
16 -0.035533
17 -0.0402173
18 -0.0445446
19 -0.0485714
20 -0.0523455
21 -0.0559
22 -0.059264
23 -0.0624584
24 -0.0655022
25 -0.0684096
26 -0.0711935
27 -0.0738641
28 -0.0764307
29 -0.0789009
30 -0.0812814
31 -0.0835783
32 -0.0857967
33 -0.0879413
34 -0.0900185
35 -0.0920341
36 -0.0939927
37 -0.0958973
38 -0.0977517
39 -0.0995585
40 -0.10132
41 -0.103038
42 -0.104715
43 -0.106352
44 -0.107949
45 -0.109508
46 -0.11103
47 -0.112515
48 -0.113963
49 -0.115377
50 -0.116755
51 -0.1181
52 -0.11941
53 -0.120688
54 -0.121933
55 -0.123146
56 -0.124328
57 -0.12548
58 -0.126601
59 -0.127693
60 -0.128757
61 -0.129793
62 -0.130801
63 -0.131783
64 -0.132739
65 -0.13367
66 -0.134577
67 -0.135459
68 -0.136319
69 -0.137155
70 -0.13797
71 -0.138763
72 -0.139535
73 -0.140288
74 -0.14102
75 -0.141733
76 -0.142427
77 -0.143103
78 -0.143762
79 -0.144403
80 -0.145027
81 -0.145635
82 -0.146227
83 -0.146804
84 -0.147365
85 -0.147912
86 -0.148445
87 -0.148963
88 -0.149468
89 -0.14996
90 -0.150439
91 -0.150905
92 -0.15136
93 -0.151802
94 -0.152233
95 -0.152652
96 -0.153061
97 -0.153459
98 -0.153846
99 -0.154224
100 -0.154591
101 -0.154949
102 -0.155297
103 -0.155636
104 -0.155966
105 -0.156288
106 -0.156601
107 -0.156905
108 -0.157202
109 -0.157491
110 -0.157772
111 -0.158045
112 -0.158311
113 -0.15857
114 -0.158822
115 -0.159068
116 -0.159306
117 -0.159539
118 -0.159765
119 -0.159984
120 -0.160198
121 -0.160406
122 -0.160609
123 -0.160806
124 -0.160997
125 -0.161184
126 -0.161365
127 -0.161541
128 -0.161712
129 -0.161879
130 -0.162041
131 -0.162198
132 -0.162351
133 -0.1625
134 -0.162645
135 -0.162785
136 -0.162922
137 -0.163055
138 -0.163184
139 -0.163309
140 -0.163431
141 -0.163549
142 -0.163664
143 -0.163776
144 -0.163884
145 -0.16399
146 -0.164092
147 -0.164191
148 -0.164288
149 -0.164381
150 -0.164472
151 -0.164561
152 -0.164646
153 -0.164729
154 -0.16481
155 -0.164888
156 -0.164964
157 -0.165038
158 -0.16511
159 -0.165179
160 -0.165246
161 -0.165312
162 -0.165375
163 -0.165436
164 -0.165496
165 -0.165553
166 -0.165609
167 -0.165663
168 -0.165716
169 -0.165767
170 -0.165816
171 -0.165864
172 -0.16591
173 -0.165955
174 -0.165998
175 -0.16604
176 -0.166081
177 -0.16612
178 -0.166158
179 -0.166195
180 -0.166231
181 -0.166265
182 -0.166298
183 -0.16633
184 -0.166362
185 -0.166392
186 -0.166421
187 -0.166449
188 -0.166476
189 -0.166502
190 -0.166528
191 -0.166552
192 -0.166576
193 -0.166598
194 -0.16662
195 -0.166641
196 -0.166662
197 -0.166682
198 -0.166701
199 -0.166719
200 -0.166736
201 -0.166753
202 -0.16677
203 -0.166785
204 -0.1668
205 -0.166815
206 -0.166829
207 -0.166842
208 -0.166855
209 -0.166868
210 -0.166879
211 -0.166891
212 -0.166902
213 -0.166912
214 -0.166922
215 -0.166932
216 -0.166941
217 -0.16695
218 -0.166958
219 -0.166966
220 -0.166973
221 -0.166981
222 -0.166988
223 -0.166994
224 -0.167
225 -0.167006
226 -0.167012
227 -0.167017
228 -0.167022
229 -0.167027
230 -0.167032
231 -0.167036
232 -0.16704
233 -0.167044
234 -0.167047
235 -0.16705
236 -0.167053
237 -0.167056
238 -0.167059
239 -0.167061
240 -0.167064
241 -0.167066
242 -0.167067
243 -0.167069
244 -0.167071
245 -0.167072
246 -0.167073
247 -0.167074
248 -0.167075
249 -0.167076
250 -0.167077
251 -0.167077
252 -0.167077
253 -0.167078
254 -0.167078
255 -0.167078
256 -0.167078
257 -0.167077
258 -0.167077
259 -0.167077
260 -0.167076
261 -0.167076
262 -0.167075
263 -0.167074
264 -0.167073
265 -0.167072
266 -0.167071
267 -0.16707
268 -0.167069
269 -0.167068
270 -0.167066
271 -0.167065
272 -0.167064
273 -0.167062
274 -0.167061
275 -0.167059
276 -0.167057
277 -0.167056
278 -0.167054
279 -0.167052
280 -0.16705
281 -0.167049
282 -0.167047
283 -0.167045
284 -0.167043
285 -0.167041
286 -0.167039
287 -0.167037
288 -0.167035
289 -0.167032
290 -0.16703
291 -0.167028
292 -0.167026
293 -0.167024
294 -0.167021
295 -0.167019
296 -0.167017
297 -0.167015
298 -0.167012
299 -0.16701
300 -0.167008
301 -0.167005
302 -0.167003
303 -0.167
304 -0.166998
305 -0.166996
306 -0.166993
307 -0.166991
308 -0.166988
309 -0.166986
310 -0.166984
311 -0.166981
312 -0.166979
313 -0.166976
314 -0.166974
315 -0.166971
316 -0.166969
317 -0.166966
318 -0.166964
319 -0.166962
320 -0.166959
321 -0.166957
322 -0.166954
323 -0.166952
324 -0.166949
325 -0.166947
326 -0.166944
327 -0.166942
328 -0.166939
329 -0.166937
330 -0.166935
331 -0.166932
332 -0.16693
333 -0.166927
334 -0.166925
335 -0.166923
336 -0.16692
337 -0.166918
338 -0.166915
339 -0.166913
340 -0.166911
341 -0.166908
342 -0.166906
343 -0.166904
344 -0.166901
345 -0.166899
346 -0.166897
347 -0.166894
348 -0.166892
349 -0.16689
350 -0.166887
351 -0.166885
352 -0.166883
353 -0.16688
354 -0.166878
355 -0.166876
356 -0.166874
357 -0.166872
358 -0.166869
359 -0.166867
360 -0.166865
361 -0.166863
362 -0.166861
363 -0.166858
364 -0.166856
365 -0.166854
366 -0.166852
367 -0.16685
368 -0.166848
369 -0.166846
370 -0.166844
371 -0.166841
372 -0.166839
373 -0.166837
374 -0.166835
375 -0.166833
376 -0.166831
377 -0.166829
378 -0.166827
379 -0.166825
380 -0.166823
381 -0.166821
382 -0.166819
383 -0.166817
384 -0.166815
385 -0.166813
386 -0.166811
387 -0.16681
388 -0.166808
389 -0.166806
390 -0.166804
391 -0.166802
392 -0.1668
393 -0.166798
394 -0.166796
395 -0.166795
396 -0.166793
397 -0.166791
398 -0.166789
399 -0.166787
400 -0.166786
401 -0.166784
402 -0.166782
403 -0.16678
404 -0.166779
405 -0.166777
406 -0.166775
407 -0.166773
408 -0.166772
409 -0.16677
410 -0.166768
411 -0.166767
412 -0.166765
413 -0.166763
414 -0.166762
415 -0.16676
416 -0.166758
417 -0.166757
418 -0.166755
419 -0.166754
420 -0.166752
421 -0.16675
422 -0.166749
423 -0.166747
424 -0.166746
425 -0.166744
426 -0.166743
427 -0.166741
428 -0.16674
429 -0.166738
430 -0.166737
431 -0.166735
432 -0.166734
433 -0.166732
434 -0.166731
435 -0.166729
436 -0.166728
437 -0.166726
438 -0.166725
439 -0.166723
440 -0.166722
441 -0.166721
442 -0.166719
443 -0.166718
444 -0.166717
445 -0.166715
446 -0.166714
447 -0.166712
448 -0.166711
449 -0.16671
450 -0.166708
451 -0.166707
452 -0.166706
453 -0.166704
454 -0.166703
455 -0.166702
456 -0.166701
457 -0.166699
458 -0.166698
459 -0.166697
460 -0.166696
461 -0.166694
462 -0.166693
463 -0.166692
464 -0.166691
465 -0.166689
466 -0.166688
467 -0.166687
468 -0.166686
469 -0.166685
470 -0.166683
471 -0.166682
472 -0.166681
473 -0.16668
474 -0.166679
475 -0.166678
476 -0.166676
477 -0.166675
478 -0.166674
479 -0.166673
480 -0.166672
481 -0.166671
482 -0.16667
483 -0.166669
484 -0.166668
485 -0.166666
486 -0.166665
487 -0.166664
488 -0.166663
489 -0.166662
490 -0.166661
491 -0.16666
492 -0.166659
493 -0.166658
494 -0.166657
495 -0.166656
496 -0.166655
497 -0.166654
498 -0.166653
499 -0.166652
500 -0.166651
501 -0.16665
502 -0.166649
503 -0.166648
504 -0.166647
505 -0.166646
506 -0.166645
507 -0.166644
508 -0.166643
509 -0.166642
510 -0.166641
511 -0.16664
512 -0.166639
513 -0.166639
514 -0.166638
515 -0.166637
516 -0.166636
517 -0.166635
518 -0.166634
519 -0.166633
520 -0.166632
521 -0.166631
522 -0.16663
523 -0.16663
524 -0.166629
525 -0.166628
526 -0.166627
527 -0.166626
528 -0.166625
529 -0.166624
530 -0.166624
531 -0.166623
532 -0.166622
533 -0.166621
534 -0.16662
535 -0.16662
536 -0.166619
537 -0.166618
538 -0.166617
539 -0.166616
540 -0.166616
541 -0.166615
542 -0.166614
543 -0.166613
544 -0.166612
545 -0.166612
546 -0.166611
547 -0.16661
548 -0.166609
549 -0.166609
550 -0.166608
551 -0.166607
552 -0.166606
553 -0.166606
554 -0.166605
555 -0.166604
556 -0.166604
557 -0.166603
558 -0.166602
559 -0.166601
560 -0.166601
561 -0.1666
562 -0.166599
563 -0.166599
564 -0.166598
565 -0.166597
566 -0.166597
567 -0.166596
568 -0.166595
569 -0.166595
570 -0.166594
571 -0.166593
572 -0.166593
573 -0.166592
574 -0.166591
575 -0.166591
576 -0.16659
577 -0.166589
578 -0.166589
579 -0.166588
580 -0.166587
581 -0.166587
582 -0.166586
583 -0.166586
584 -0.166585
585 -0.166584
586 -0.166584
587 -0.166583
588 -0.166582
589 -0.166582
590 -0.166581
591 -0.166581
592 -0.16658
593 -0.16658
594 -0.166579
595 -0.166578
596 -0.166578
597 -0.166577
598 -0.166577
599 -0.166576
600 -0.166575
601 -0.166575
602 -0.166574
603 -0.166574
604 -0.166573
605 -0.166573
606 -0.166572
607 -0.166572
608 -0.166571
609 -0.166571
610 -0.16657
611 -0.166569
612 -0.166569
613 -0.166568
614 -0.166568
615 -0.166567
616 -0.166567
617 -0.166566
618 -0.166566
619 -0.166565
620 -0.166565
621 -0.166564
622 -0.166564
623 -0.166563
624 -0.166563
625 -0.166562
626 -0.166562
627 -0.166561
628 -0.166561
629 -0.16656
630 -0.16656
631 -0.166559
632 -0.166559
633 -0.166559
634 -0.166558
635 -0.166558
636 -0.166557
637 -0.166557
638 -0.166556
639 -0.166556
640 -0.166555
641 -0.166555
642 -0.166554
643 -0.166554
644 -0.166554
645 -0.166553
646 -0.166553
647 -0.166552
648 -0.166552
649 -0.166551
650 -0.166551
651 -0.166551
652 -0.16655
653 -0.16655
654 -0.166549
655 -0.166549
656 -0.166548
657 -0.166548
658 -0.166548
659 -0.166547
660 -0.166547
661 -0.166546
662 -0.166546
663 -0.166546
664 -0.166545
665 -0.166545
666 -0.166544
667 -0.166544
668 -0.166544
669 -0.166543
670 -0.166543
671 -0.166542
672 -0.166542
673 -0.166542
674 -0.166541
675 -0.166541
676 -0.166541
677 -0.16654
678 -0.16654
679 -0.16654
680 -0.166539
681 -0.166539
682 -0.166538
683 -0.166538
684 -0.166538
685 -0.166537
686 -0.166537
687 -0.166537
688 -0.166536
689 -0.166536
690 -0.166536
691 -0.166535
692 -0.166535
693 -0.166535
694 -0.166534
695 -0.166534
696 -0.166534
697 -0.166533
698 -0.166533
699 -0.166533
700 -0.166532
701 -0.166532
702 -0.166532
703 -0.166531
704 -0.166531
705 -0.166531
706 -0.16653
707 -0.16653
708 -0.16653
709 -0.166529
710 -0.166529
711 -0.166529
712 -0.166529
713 -0.166528
714 -0.166528
715 -0.166528
716 -0.166527
717 -0.166527
718 -0.166527
719 -0.166526
720 -0.166526
721 -0.166526
722 -0.166526
723 -0.166525
724 -0.166525
725 -0.166525
726 -0.166524
727 -0.166524
728 -0.166524
729 -0.166524
730 -0.166523
731 -0.166523
732 -0.166523
733 -0.166523
734 -0.166522
735 -0.166522
736 -0.166522
737 -0.166521
738 -0.166521
739 -0.166521
740 -0.166521
741 -0.16652
742 -0.16652
743 -0.16652
744 -0.16652
745 -0.166519
746 -0.166519
747 -0.166519
748 -0.166519
749 -0.166518
750 -0.166518
751 -0.166518
752 -0.166518
753 -0.166517
754 -0.166517
755 -0.166517
756 -0.166517
757 -0.166516
758 -0.166516
759 -0.166516
760 -0.166516
761 -0.166515
762 -0.166515
763 -0.166515
764 -0.166515
765 -0.166515
766 -0.166514
767 -0.166514
768 -0.166514
769 -0.166514
770 -0.166513
771 -0.166513
772 -0.166513
773 -0.166513
774 -0.166513
775 -0.166512
776 -0.166512
777 -0.166512
778 -0.166512
779 -0.166511
780 -0.166511
781 -0.166511
782 -0.166511
783 -0.166511
784 -0.16651
785 -0.16651
786 -0.16651
787 -0.16651
788 -0.16651
789 -0.166509
790 -0.166509
791 -0.166509
792 -0.166509
793 -0.166509
794 -0.166508
795 -0.166508
796 -0.166508
797 -0.166508
798 -0.166508
799 -0.166507
800 -0.166507
801 -0.166507
802 -0.166507
803 -0.166507
804 -0.166507
805 -0.166506
806 -0.166506
807 -0.166506
808 -0.166506
809 -0.166506
810 -0.166505
811 -0.166505
812 -0.166505
813 -0.166505
814 -0.166505
815 -0.166505
816 -0.166504
817 -0.166504
818 -0.166504
819 -0.166504
820 -0.166504
821 -0.166504
822 -0.166503
823 -0.166503
824 -0.166503
825 -0.166503
826 -0.166503
827 -0.166503
828 -0.166502
829 -0.166502
830 -0.166502
831 -0.166502
832 -0.166502
833 -0.166502
834 -0.166501
835 -0.166501
836 -0.166501
837 -0.166501
838 -0.166501
839 -0.166501
840 -0.166501
841 -0.1665
842 -0.1665
843 -0.1665
844 -0.1665
845 -0.1665
846 -0.1665
847 -0.1665
848 -0.166499
849 -0.166499
850 -0.166499
851 -0.166499
852 -0.166499
853 -0.166499
854 -0.166499
855 -0.166498
856 -0.166498
857 -0.166498
858 -0.166498
859 -0.166498
860 -0.166498
861 -0.166498
862 -0.166497
863 -0.166497
864 -0.166497
865 -0.166497
866 -0.166497
867 -0.166497
868 -0.166497
869 -0.166496
870 -0.166496
871 -0.166496
872 -0.166496
873 -0.166496
874 -0.166496
875 -0.166496
876 -0.166496
877 -0.166495
878 -0.166495
879 -0.166495
880 -0.166495
881 -0.166495
882 -0.166495
883 -0.166495
884 -0.166495
885 -0.166495
886 -0.166494
887 -0.166494
888 -0.166494
889 -0.166494
890 -0.166494
891 -0.166494
892 -0.166494
893 -0.166494
894 -0.166493
895 -0.166493
896 -0.166493
897 -0.166493
898 -0.166493
899 -0.166493
900 -0.166493
901 -0.166493
902 -0.166493
903 -0.166492
904 -0.166492
905 -0.166492
906 -0.166492
907 -0.166492
908 -0.166492
909 -0.166492
910 -0.166492
911 -0.166492
912 -0.166492
913 -0.166491
914 -0.166491
915 -0.166491
916 -0.166491
917 -0.166491
918 -0.166491
919 -0.166491
920 -0.166491
921 -0.166491
922 -0.166491
923 -0.16649
924 -0.16649
925 -0.16649
926 -0.16649
927 -0.16649
928 -0.16649
929 -0.16649
930 -0.16649
931 -0.16649
932 -0.16649
933 -0.16649
934 -0.166489
935 -0.166489
936 -0.166489
937 -0.166489
938 -0.166489
939 -0.166489
940 -0.166489
941 -0.166489
942 -0.166489
943 -0.166489
944 -0.166489
945 -0.166488
946 -0.166488
947 -0.166488
948 -0.166488
949 -0.166488
950 -0.166488
951 -0.166488
952 -0.166488
953 -0.166488
954 -0.166488
955 -0.166488
956 -0.166488
957 -0.166487
958 -0.166487
959 -0.166487
960 -0.166487
961 -0.166487
962 -0.166487
963 -0.166487
964 -0.166487
965 -0.166487
966 -0.166487
967 -0.166487
968 -0.166487
969 -0.166487
970 -0.166486
971 -0.166486
972 -0.166486
973 -0.166486
974 -0.166486
975 -0.166486
976 -0.166486
977 -0.166486
978 -0.166486
979 -0.166486
980 -0.166486
981 -0.166486
982 -0.166486
983 -0.166486
984 -0.166485
985 -0.166485
986 -0.166485
987 -0.166485
988 -0.166485
989 -0.166485
990 -0.166485
991 -0.166485
992 -0.166485
993 -0.166485
994 -0.166485
995 -0.166485
996 -0.166485
997 -0.166485
998 -0.166485
999 -0.166484
1000 -0.166484
1001 -0.166484
1002 -0.166484
1003 -0.166484
1004 -0.166484
1005 -0.166484
1006 -0.166484
1007 -0.166484
1008 -0.166484
1009 -0.166484
1010 -0.166484
1011 -0.166484
1012 -0.166484
1013 -0.166484
1014 -0.166484
1015 -0.166483
1016 -0.166483
1017 -0.166483
1018 -0.166483
1019 -0.166483
1020 -0.166483
1021 -0.166483
1022 -0.166483
1023 -0.166483
1024 -0.166483
1025 -0.166483
1026 -0.166483
1027 -0.166483
1028 -0.166483
1029 -0.166483
1030 -0.166483
1031 -0.166483
1032 -0.166483
1033 -0.166482
1034 -0.166482
1035 -0.166482
1036 -0.166482
1037 -0.166482
1038 -0.166482
1039 -0.166482
1040 -0.166482
1041 -0.166482
1042 -0.166482
1043 -0.166482
1044 -0.166482
1045 -0.166482
1046 -0.166482
1047 -0.166482
1048 -0.166482
1049 -0.166482
1050 -0.166482
1051 -0.166482
1052 -0.166482
1053 -0.166481
1054 -0.166481
1055 -0.166481
1056 -0.166481
1057 -0.166481
1058 -0.166481
1059 -0.166481
1060 -0.166481
1061 -0.166481
1062 -0.166481
1063 -0.166481
1064 -0.166481
1065 -0.166481
1066 -0.166481
1067 -0.166481
1068 -0.166481
1069 -0.166481
1070 -0.166481
1071 -0.166481
1072 -0.166481
1073 -0.166481
1074 -0.166481
1075 -0.166481
1076 -0.16648
1077 -0.16648
1078 -0.16648
1079 -0.16648
1080 -0.16648
1081 -0.16648
1082 -0.16648
1083 -0.16648
1084 -0.16648
1085 -0.16648
1086 -0.16648
1087 -0.16648
1088 -0.16648
1089 -0.16648
1090 -0.16648
1091 -0.16648
1092 -0.16648
1093 -0.16648
1094 -0.16648
1095 -0.16648
1096 -0.16648
1097 -0.16648
1098 -0.16648
1099 -0.16648
1100 -0.16648
1101 -0.16648
1102 -0.166479
1103 -0.166479
1104 -0.166479
1105 -0.166479
1106 -0.166479
1107 -0.166479
1108 -0.166479
1109 -0.166479
1110 -0.166479
1111 -0.166479
1112 -0.166479
1113 -0.166479
1114 -0.166479
1115 -0.166479
1116 -0.166479
1117 -0.166479
1118 -0.166479
1119 -0.166479
1120 -0.166479
1121 -0.166479
1122 -0.166479
1123 -0.166479
1124 -0.166479
1125 -0.166479
1126 -0.166479
1127 -0.166479
1128 -0.166479
1129 -0.166479
1130 -0.166479
1131 -0.166478
1132 -0.166478
1133 -0.166478
1134 -0.166478
1135 -0.166478
1136 -0.166478
1137 -0.166478
1138 -0.166478
1139 -0.166478
1140 -0.166478
1141 -0.166478
1142 -0.166478
1143 -0.166478
1144 -0.166478
1145 -0.166478
1146 -0.166478
1147 -0.166478
1148 -0.166478
1149 -0.166478
1150 -0.166478
1151 -0.166478
1152 -0.166478
1153 -0.166478
1154 -0.166478
1155 -0.166478
1156 -0.166478
1157 -0.166478
1158 -0.166478
1159 -0.166478
1160 -0.166478
1161 -0.166478
1162 -0.166478
1163 -0.166478
1164 -0.166478
1165 -0.166478
1166 -0.166478
1167 -0.166477
1168 -0.166477
1169 -0.166477
1170 -0.166477
1171 -0.166477
1172 -0.166477
1173 -0.166477
1174 -0.166477
1175 -0.166477
1176 -0.166477
1177 -0.166477
1178 -0.166477
1179 -0.166477
1180 -0.166477
1181 -0.166477
1182 -0.166477
1183 -0.166477
1184 -0.166477
1185 -0.166477
1186 -0.166477
1187 -0.166477
1188 -0.166477
1189 -0.166477
1190 -0.166477
1191 -0.166477
1192 -0.166477
1193 -0.166477
1194 -0.166477
1195 -0.166477
1196 -0.166477
1197 -0.166477
1198 -0.166477
1199 -0.166477
1200 -0.166477
1201 -0.166477
1202 -0.166477
1203 -0.166477
1204 -0.166477
1205 -0.166477
1206 -0.166477
1207 -0.166477
1208 -0.166477
1209 -0.166477
1210 -0.166477
1211 -0.166476
1212 -0.166476
1213 -0.166476
1214 -0.166476
1215 -0.166476
1216 -0.166476
1217 -0.166476
1218 -0.166476
1219 -0.166476
1220 -0.166476
1221 -0.166476
1222 -0.166476
1223 -0.166476
1224 -0.166476
1225 -0.166476
1226 -0.166476
1227 -0.166476
1228 -0.166476
1229 -0.166476
1230 -0.166476
1231 -0.166476
1232 -0.166476
1233 -0.166476
1234 -0.166476
1235 -0.166476
1236 -0.166476
1237 -0.166476
1238 -0.166476
1239 -0.166476
1240 -0.166476
1241 -0.166476
1242 -0.166476
1243 -0.166476
1244 -0.166476
1245 -0.166476
1246 -0.166476
1247 -0.166476
1248 -0.166476
1249 -0.166476
1250 -0.166476
1251 -0.166476
1252 -0.166476
1253 -0.166476
1254 -0.166476
1255 -0.166476
1256 -0.166476
1257 -0.166476
1258 -0.166476
1259 -0.166476
1260 -0.166476
1261 -0.166476
1262 -0.166476
1263 -0.166476
1264 -0.166476
1265 -0.166476
1266 -0.166476
1267 -0.166476
1268 -0.166476
1269 -0.166476
1270 -0.166475
1271 -0.166475
1272 -0.166475
1273 -0.166475
1274 -0.166475
1275 -0.166475
1276 -0.166475
1277 -0.166475
1278 -0.166475
1279 -0.166475
1280 -0.166475
1281 -0.166475
1282 -0.166475
1283 -0.166475
1284 -0.166475
1285 -0.166475
1286 -0.166475
1287 -0.166475
1288 -0.166475
1289 -0.166475
1290 -0.166475
1291 -0.166475
1292 -0.166475
1293 -0.166475
1294 -0.166475
1295 -0.166475
1296 -0.166475
1297 -0.166475
1298 -0.166475
1299 -0.166475
1300 -0.166475
1301 -0.166475
1302 -0.166475
1303 -0.166475
1304 -0.166475
1305 -0.166475
1306 -0.166475
1307 -0.166475
1308 -0.166475
1309 -0.166475
1310 -0.166475
1311 -0.166475
1312 -0.166475
1313 -0.166475
1314 -0.166475
1315 -0.166475
1316 -0.166475
1317 -0.166475
1318 -0.166475
1319 -0.166475
1320 -0.166475
1321 -0.166475
1322 -0.166475
1323 -0.166475
1324 -0.166475
1325 -0.166475
1326 -0.166475
1327 -0.166475
1328 -0.166475
1329 -0.166475
1330 -0.166475
1331 -0.166475
1332 -0.166475
1333 -0.166475
1334 -0.166475
1335 -0.166475
1336 -0.166475
1337 -0.166475
1338 -0.166475
1339 -0.166475
1340 -0.166475
1341 -0.166475
1342 -0.166475
1343 -0.166475
1344 -0.166475
1345 -0.166475
1346 -0.166475
1347 -0.166475
1348 -0.166475
1349 -0.166475
1350 -0.166475
1351 -0.166475
1352 -0.166475
1353 -0.166475
1354 -0.166475
1355 -0.166475
1356 -0.166475
1357 -0.166474
1358 -0.166474
1359 -0.166474
1360 -0.166474
1361 -0.166474
1362 -0.166474
1363 -0.166474
1364 -0.166474
1365 -0.166474
1366 -0.166474
1367 -0.166474
1368 -0.166474
1369 -0.166474
1370 -0.166474
1371 -0.166474
1372 -0.166474
1373 -0.166474
1374 -0.166474
1375 -0.166474
1376 -0.166474
1377 -0.166474
1378 -0.166474
1379 -0.166474
1380 -0.166474
1381 -0.166474
1382 -0.166474
1383 -0.166474
1384 -0.166474
1385 -0.166474
1386 -0.166474
1387 -0.166474
1388 -0.166474
1389 -0.166474
1390 -0.166474
1391 -0.166474
1392 -0.166474
1393 -0.166474
1394 -0.166474
1395 -0.166474
1396 -0.166474
1397 -0.166474
1398 -0.166474
1399 -0.166474
1400 -0.166474
1401 -0.166474
1402 -0.166474
1403 -0.166474
1404 -0.166474
1405 -0.166474
1406 -0.166474
1407 -0.166474
1408 -0.166474
1409 -0.166474
1410 -0.166474
1411 -0.166474
1412 -0.166474
1413 -0.166474
1414 -0.166474
1415 -0.166474
1416 -0.166474
1417 -0.166474
1418 -0.166474
1419 -0.166474
1420 -0.166474
1421 -0.166474
1422 -0.166474
1423 -0.166474
1424 -0.166474
1425 -0.166474
1426 -0.166474
1427 -0.166474
1428 -0.166474
1429 -0.166474
1430 -0.166474
1431 -0.166474
1432 -0.166474
1433 -0.166474
1434 -0.166474
1435 -0.166474
1436 -0.166474
1437 -0.166474
1438 -0.166474
1439 -0.166474
1440 -0.166474
1441 -0.166474
1442 -0.166474
1443 -0.166474
1444 -0.166474
1445 -0.166474
1446 -0.166474
1447 -0.166474
1448 -0.166474
1449 -0.166474
1450 -0.166474
1451 -0.166474
1452 -0.166474
1453 -0.166474
1454 -0.166474
1455 -0.166474
1456 -0.166474
1457 -0.166474
1458 -0.166474
1459 -0.166474
1460 -0.166474
1461 -0.166474
1462 -0.166474
1463 -0.166474
1464 -0.166474
1465 -0.166474
1466 -0.166474
1467 -0.166474
1468 -0.166474
1469 -0.166474
1470 -0.166474
1471 -0.166474
1472 -0.166474
1473 -0.166474
1474 -0.166474
1475 -0.166474
1476 -0.166474
1477 -0.166474
1478 -0.166474
1479 -0.166474
1480 -0.166474
1481 -0.166474
1482 -0.166474
1483 -0.166474
1484 -0.166474
1485 -0.166474
1486 -0.166474
1487 -0.166474
1488 -0.166474
1489 -0.166474
1490 -0.166474
1491 -0.166474
1492 -0.166474
1493 -0.166474
1494 -0.166474
1495 -0.166474
1496 -0.166474
1497 -0.166474
1498 -0.166474
1499 -0.166474
1500 -0.166474
1501 -0.166474
1502 -0.166474
1503 -0.166474
1504 -0.166474
1505 -0.166474
1506 -0.166474
1507 -0.166474
1508 -0.166474
1509 -0.166474
1510 -0.166474
1511 -0.166474
1512 -0.166474
1513 -0.166474
1514 -0.166474
1515 -0.166474
1516 -0.166474
1517 -0.166474
1518 -0.166474
1519 -0.166474
1520 -0.166474
1521 -0.166474
1522 -0.166474
1523 -0.166474
1524 -0.166474
1525 -0.166474
1526 -0.166474
1527 -0.166474
1528 -0.166474
1529 -0.166473
1530 -0.166473
1531 -0.166473
1532 -0.166473
1533 -0.166473
1534 -0.166473
1535 -0.166473
1536 -0.166473
1537 -0.166473
1538 -0.166473
1539 -0.166473
1540 -0.166473
1541 -0.166473
1542 -0.166473
1543 -0.166473
1544 -0.166473
1545 -0.166473
1546 -0.166473
1547 -0.166473
1548 -0.166473
1549 -0.166473
1550 -0.166473
1551 -0.166473
1552 -0.166473
1553 -0.166473
1554 -0.166473
1555 -0.166473
1556 -0.166473
1557 -0.166473
1558 -0.166473
1559 -0.166473
1560 -0.166473
1561 -0.166473
1562 -0.166473
1563 -0.166473
1564 -0.166473
1565 -0.166473
1566 -0.166473
1567 -0.166473
1568 -0.166473
1569 -0.166473
1570 -0.166473
1571 -0.166473
1572 -0.166473
1573 -0.166473
1574 -0.166473
1575 -0.166473
1576 -0.166473
1577 -0.166473
1578 -0.166473
1579 -0.166473
1580 -0.166473
1581 -0.166473
1582 -0.166473
1583 -0.166473
1584 -0.166473
1585 -0.166473
1586 -0.166473
1587 -0.166473
1588 -0.166473
1589 -0.166473
1590 -0.166473
1591 -0.166473
1592 -0.166473
1593 -0.166473
1594 -0.166473
1595 -0.166473
1596 -0.166473
1597 -0.166473
1598 -0.166473
1599 -0.166473
1600 -0.166473
1601 -0.166473
1602 -0.166473
1603 -0.166473
1604 -0.166473
1605 -0.166473
1606 -0.166473
1607 -0.166473
1608 -0.166473
1609 -0.166473
1610 -0.166473
1611 -0.166473
1612 -0.166473
1613 -0.166473
1614 -0.166473
1615 -0.166473
1616 -0.166473
1617 -0.166473
1618 -0.166473
1619 -0.166473
1620 -0.166473
1621 -0.166473
1622 -0.166473
1623 -0.166473
1624 -0.166473
1625 -0.166473
1626 -0.166473
1627 -0.166473
1628 -0.166473
1629 -0.166473
1630 -0.166473
1631 -0.166473
1632 -0.166473
1633 -0.166473
1634 -0.166473
1635 -0.166473
1636 -0.166473
1637 -0.166473
1638 -0.166473
1639 -0.166473
1640 -0.166473
1641 -0.166473
1642 -0.166473
1643 -0.166473
1644 -0.166473
1645 -0.166473
1646 -0.166473
1647 -0.166473
1648 -0.166473
1649 -0.166473
1650 -0.166473
1651 -0.166473
1652 -0.166473
1653 -0.166473
1654 -0.166473
1655 -0.166473
1656 -0.166473
1657 -0.166473
1658 -0.166473
1659 -0.166473
1660 -0.166473
1661 -0.166473
1662 -0.166473
1663 -0.166473
1664 -0.166473
1665 -0.166473
1666 -0.166473
1667 -0.166473
1668 -0.166473
1669 -0.166473
1670 -0.166473
1671 -0.166473
1672 -0.166473
1673 -0.166473
1674 -0.166473
1675 -0.166473
1676 -0.166473
1677 -0.166473
1678 -0.166473
1679 -0.166473
1680 -0.166473
1681 -0.166473
1682 -0.166473
1683 -0.166473
1684 -0.166473
1685 -0.166473
1686 -0.166473
1687 -0.166473
1688 -0.166473
1689 -0.166473
1690 -0.166473
1691 -0.166473
1692 -0.166473
1693 -0.166473
1694 -0.166473
1695 -0.166473
1696 -0.166473
1697 -0.166473
1698 -0.166473
1699 -0.166473
1700 -0.166473
1701 -0.166473
1702 -0.166473
1703 -0.166473
1704 -0.166473
1705 -0.166473
1706 -0.166473
1707 -0.166473
1708 -0.166473
1709 -0.166473
1710 -0.166473
1711 -0.166473
1712 -0.166473
1713 -0.166473
1714 -0.166473
1715 -0.166473
1716 -0.166473
1717 -0.166473
1718 -0.166473
1719 -0.166473
1720 -0.166473
1721 -0.166473
1722 -0.166473
1723 -0.166473
1724 -0.166473
1725 -0.166473
1726 -0.166473
1727 -0.166473
1728 -0.166473
1729 -0.166473
1730 -0.166473
1731 -0.166473
1732 -0.166473
1733 -0.166473
1734 -0.166473
1735 -0.166473
1736 -0.166473
1737 -0.166473
1738 -0.166473
1739 -0.166473
1740 -0.166473
1741 -0.166473
1742 -0.166473
1743 -0.166473
1744 -0.166473
1745 -0.166473
1746 -0.166473
1747 -0.166473
1748 -0.166473
1749 -0.166473
1750 -0.166473
1751 -0.166473
1752 -0.166473
1753 -0.166473
1754 -0.166473
1755 -0.166473
1756 -0.166473
1757 -0.166473
1758 -0.166473
1759 -0.166473
1760 -0.166473
1761 -0.166473
1762 -0.166473
1763 -0.166473
1764 -0.166473
1765 -0.166473
1766 -0.166473
1767 -0.166473
1768 -0.166473
1769 -0.166473
1770 -0.166473
1771 -0.166473
1772 -0.166473
1773 -0.166473
1774 -0.166473
1775 -0.166473
1776 -0.166473
1777 -0.166473
1778 -0.166473
1779 -0.166473
1780 -0.166473
1781 -0.166473
1782 -0.166473
1783 -0.166473
1784 -0.166473
1785 -0.166473
1786 -0.166473
1787 -0.166473
1788 -0.166473
1789 -0.166473
1790 -0.166473
1791 -0.166473
1792 -0.166473
1793 -0.166473
1794 -0.166473
1795 -0.166473
1796 -0.166473
1797 -0.166473
1798 -0.166473
1799 -0.166473
1800 -0.166473
1801 -0.166473
1802 -0.166473
1803 -0.166473
1804 -0.166473
1805 -0.166473
1806 -0.166473
1807 -0.166473
1808 -0.166473
1809 -0.166473
1810 -0.166473
1811 -0.166473
1812 -0.166473
1813 -0.166473
1814 -0.166473
1815 -0.166473
1816 -0.166473
1817 -0.166473
1818 -0.166473
1819 -0.166473
1820 -0.166473
1821 -0.166473
1822 -0.166473
1823 -0.166473
1824 -0.166473
1825 -0.166473
1826 -0.166473
1827 -0.166473
1828 -0.166473
1829 -0.166473
1830 -0.166473
1831 -0.166473
1832 -0.166473
1833 -0.166473
1834 -0.166473
1835 -0.166473
1836 -0.166473
1837 -0.166473
1838 -0.166473
1839 -0.166473
1840 -0.166473
1841 -0.166473
1842 -0.166473
1843 -0.166473
1844 -0.166473
1845 -0.166473
1846 -0.166473
1847 -0.166473
1848 -0.166473
1849 -0.166473
1850 -0.166473
1851 -0.166473
1852 -0.166473
1853 -0.166473
1854 -0.166473
1855 -0.166473
1856 -0.166473
1857 -0.166473
1858 -0.166473
1859 -0.166473
1860 -0.166473
1861 -0.166473
1862 -0.166473
1863 -0.166473
1864 -0.166473
1865 -0.166473
1866 -0.166473
1867 -0.166473
1868 -0.166473
1869 -0.166473
1870 -0.166473
1871 -0.166473
1872 -0.166473
1873 -0.166473
1874 -0.166473
1875 -0.166473
1876 -0.166473
1877 -0.166473
1878 -0.166473
1879 -0.166473
1880 -0.166473
1881 -0.166473
1882 -0.166473
1883 -0.166473
1884 -0.166473
1885 -0.166473
1886 -0.166473
1887 -0.166473
1888 -0.166473
1889 -0.166473
1890 -0.166473
1891 -0.166473
1892 -0.166473
1893 -0.166473
1894 -0.166473
1895 -0.166473
1896 -0.166473
1897 -0.166473
1898 -0.166473
1899 -0.166473
1900 -0.166473
1901 -0.166473
1902 -0.166473
1903 -0.166473
1904 -0.166473
1905 -0.166473
1906 -0.166473
1907 -0.166473
1908 -0.166473
1909 -0.166473
1910 -0.166473
1911 -0.166473
1912 -0.166473
1913 -0.166473
1914 -0.166473
1915 -0.166473
1916 -0.166473
1917 -0.166473
1918 -0.166473
1919 -0.166473
1920 -0.166473
1921 -0.166473
1922 -0.166473
1923 -0.166473
1924 -0.166473
1925 -0.166473
1926 -0.166473
1927 -0.166473
1928 -0.166473
1929 -0.166473
1930 -0.166473
1931 -0.166473
1932 -0.166473
1933 -0.166473
1934 -0.166473
1935 -0.166473
1936 -0.166473
1937 -0.166473
1938 -0.166473
1939 -0.166473
1940 -0.166473
1941 -0.166473
1942 -0.166473
1943 -0.166473
1944 -0.166473
1945 -0.166473
1946 -0.166473
1947 -0.166473
1948 -0.166473
1949 -0.166473
1950 -0.166473
1951 -0.166473
1952 -0.166473
1953 -0.166473
1954 -0.166473
1955 -0.166473
1956 -0.166473
1957 -0.166473
1958 -0.166473
1959 -0.166473
1960 -0.166473
1961 -0.166473
1962 -0.166473
1963 -0.166473
1964 -0.166473
1965 -0.166473
1966 -0.166473
1967 -0.166473
1968 -0.166473
1969 -0.166473
1970 -0.166473
1971 -0.166473
1972 -0.166473
1973 -0.166473
1974 -0.166473
1975 -0.166473
1976 -0.166473
1977 -0.166473
1978 -0.166473
1979 -0.166473
1980 -0.166473
1981 -0.166473
1982 -0.166473
1983 -0.166473
1984 -0.166473
1985 -0.166473
1986 -0.166473
1987 -0.166473
1988 -0.166473
1989 -0.166473
1990 -0.166473
1991 -0.166473
1992 -0.166473
1993 -0.166473
1994 -0.166473
1995 -0.166473
1996 -0.166473
1997 -0.166473
1998 -0.166473
1999 -0.166473
2000 -0.166473
2001 -0.166473
2002 -0.166473
2003 -0.166473
2004 -0.166473
2005 -0.166473
2006 -0.166473
2007 -0.166473
2008 -0.166473
2009 -0.166473
2010 -0.166473
2011 -0.166473
2012 -0.166473
2013 -0.166473
2014 -0.166473
2015 -0.166473
2016 -0.166473
2017 -0.166473
2018 -0.166473
2019 -0.166473
2020 -0.166473
2021 -0.166473
2022 -0.166473
2023 -0.166473
2024 -0.166473
2025 -0.166473
2026 -0.166473
2027 -0.166473
2028 -0.166473
2029 -0.166473
2030 -0.166473
2031 -0.166473
2032 -0.166473
2033 -0.166473
2034 -0.166473
2035 -0.166473
2036 -0.166473
2037 -0.166473
2038 -0.166473
2039 -0.166473
2040 -0.166473
2041 -0.166473
2042 -0.166473
2043 -0.166473
2044 -0.166473
2045 -0.166473
2046 -0.166473
2047 -0.166473
2048 -0.166473
2049 -0.166473
2050 -0.166473
2051 -0.166473
2052 -0.166473
2053 -0.166473
2054 -0.166473
2055 -0.166473
2056 -0.166473
2057 -0.166473
2058 -0.166473
2059 -0.166473
2060 -0.166473
2061 -0.166473
2062 -0.166473
2063 -0.166473
2064 -0.166473
2065 -0.166473
2066 -0.166473
2067 -0.166473
2068 -0.166473
2069 -0.166473
2070 -0.166473
2071 -0.166473
2072 -0.166473
2073 -0.166473
2074 -0.166473
2075 -0.166473
2076 -0.166473
2077 -0.166473
2078 -0.166473
2079 -0.166473
2080 -0.166473
2081 -0.166473
2082 -0.166473
2083 -0.166473
2084 -0.166473
2085 -0.166473
2086 -0.166473
2087 -0.166473
2088 -0.166473
2089 -0.166473
2090 -0.166473
2091 -0.166473
2092 -0.166473
2093 -0.166473
2094 -0.166473
2095 -0.166473
2096 -0.166473
2097 -0.166473
2098 -0.166473
2099 -0.166473
2100 -0.166473
2101 -0.166473
2102 -0.166473
2103 -0.166473
2104 -0.166473
2105 -0.166473
2106 -0.166473
2107 -0.166473
2108 -0.166473
2109 -0.166473
2110 -0.166473
2111 -0.166473
2112 -0.166473
2113 -0.166473
2114 -0.166473
2115 -0.166473
2116 -0.166473
2117 -0.166473
2118 -0.166473
2119 -0.166473
2120 -0.166473
2121 -0.166473
2122 -0.166473
2123 -0.166473
2124 -0.166473
2125 -0.166473
2126 -0.166473
2127 -0.166473
2128 -0.166473
2129 -0.166473
2130 -0.166473
2131 -0.166473
2132 -0.166473
2133 -0.166473
2134 -0.166473
2135 -0.166473
2136 -0.166473
2137 -0.166473
2138 -0.166473
2139 -0.166473
2140 -0.166473
2141 -0.166473
2142 -0.166473
2143 -0.166473
2144 -0.166473
2145 -0.166473
2146 -0.166473
2147 -0.166473
2148 -0.166473
2149 -0.166473
2150 -0.166473
2151 -0.166473
2152 -0.166473
2153 -0.166473
2154 -0.166473
2155 -0.166473
2156 -0.166473
2157 -0.166473
2158 -0.166473
2159 -0.166473
2160 -0.166473
2161 -0.166473
2162 -0.166473
2163 -0.166473
2164 -0.166473
2165 -0.166473
2166 -0.166473
2167 -0.166473
2168 -0.166473
2169 -0.166473
2170 -0.166473
2171 -0.166473
2172 -0.166473
2173 -0.166473
2174 -0.166473
2175 -0.166473
2176 -0.166473
2177 -0.166473
2178 -0.166473
2179 -0.166473
2180 -0.166473
2181 -0.166473
2182 -0.166473
2183 -0.166473
2184 -0.166473
2185 -0.166473
2186 -0.166473
2187 -0.166473
2188 -0.166473
2189 -0.166473
2190 -0.166473
2191 -0.166473
2192 -0.166473
2193 -0.166473
2194 -0.166473
2195 -0.166473
2196 -0.166473
2197 -0.166473
2198 -0.166473
2199 -0.166473
2200 -0.166473
2201 -0.166473
2202 -0.166473
2203 -0.166473
2204 -0.166473
2205 -0.166473
2206 -0.166473
2207 -0.166473
2208 -0.166473
2209 -0.166473
2210 -0.166473
2211 -0.166473
2212 -0.166473
2213 -0.166473
2214 -0.166473
2215 -0.166473
2216 -0.166473
2217 -0.166473
2218 -0.166473
2219 -0.166473
2220 -0.166473
2221 -0.166473
2222 -0.166473
2223 -0.166473
2224 -0.166473
2225 -0.166473
2226 -0.166473
2227 -0.166473
2228 -0.166473
2229 -0.166473
2230 -0.166473
2231 -0.166473
2232 -0.166473
2233 -0.166473
2234 -0.166473
2235 -0.166473
2236 -0.166473
2237 -0.166473
2238 -0.166473
2239 -0.166473
2240 -0.166473
2241 -0.166473
2242 -0.166473
2243 -0.166473
2244 -0.166473
2245 -0.166473
2246 -0.166473
2247 -0.166473
2248 -0.166473
2249 -0.166473
2250 -0.166473
2251 -0.166473
2252 -0.166473
2253 -0.166473
2254 -0.166473
2255 -0.166473
2256 -0.166473
2257 -0.166473
2258 -0.166473
2259 -0.166473
2260 -0.166473
2261 -0.166473
2262 -0.166473
2263 -0.166473
2264 -0.166473
2265 -0.166473
2266 -0.166473
2267 -0.166473
2268 -0.166473
2269 -0.166473
2270 -0.166473
2271 -0.166473
2272 -0.166473
2273 -0.166473
2274 -0.166473
2275 -0.166473
2276 -0.166473
2277 -0.166473
2278 -0.166473
2279 -0.166473
2280 -0.166473
2281 -0.166473
2282 -0.166473
2283 -0.166473
2284 -0.166473
2285 -0.166473
2286 -0.166473
2287 -0.166473
2288 -0.166473
2289 -0.166473
2290 -0.166473
2291 -0.166473
2292 -0.166473
2293 -0.166473
2294 -0.166473
2295 -0.166473
2296 -0.166473
2297 -0.166473
2298 -0.166473
2299 -0.166473
2300 -0.166473
2301 -0.166473
2302 -0.166473
2303 -0.166473
2304 -0.166473
2305 -0.166473
2306 -0.166473
2307 -0.166473
2308 -0.166473
2309 -0.166473
2310 -0.166473
2311 -0.166473
2312 -0.166473
2313 -0.166473
2314 -0.166473
2315 -0.166473
2316 -0.166473
2317 -0.166473
2318 -0.166473
2319 -0.166473
2320 -0.166473
2321 -0.166473
2322 -0.166473
2323 -0.166473
2324 -0.166473
2325 -0.166473
2326 -0.166473
2327 -0.166473
2328 -0.166473
2329 -0.166473
2330 -0.166473
2331 -0.166473
2332 -0.166473
2333 -0.166473
2334 -0.166473
2335 -0.166473
2336 -0.166473
2337 -0.166473
2338 -0.166473
2339 -0.166473
2340 -0.166473
2341 -0.166473
2342 -0.166473
2343 -0.166473
2344 -0.166473
2345 -0.166473
2346 -0.166473
2347 -0.166473
2348 -0.166473
2349 -0.166473
2350 -0.166473
2351 -0.166473
2352 -0.166473
2353 -0.166473
2354 -0.166473
2355 -0.166473
2356 -0.166473
2357 -0.166473
2358 -0.166473
2359 -0.166473
2360 -0.166473
2361 -0.166473
2362 -0.166473
2363 -0.166473
2364 -0.166473
2365 -0.166473
2366 -0.166473
2367 -0.166473
2368 -0.166473
2369 -0.166473
2370 -0.166473
2371 -0.166473
2372 -0.166473
2373 -0.166473
2374 -0.166473
2375 -0.166473
2376 -0.166473
2377 -0.166473
2378 -0.166473
2379 -0.166473
2380 -0.166473
2381 -0.166473
2382 -0.166473
2383 -0.166473
2384 -0.166473
2385 -0.166473
2386 -0.166473
2387 -0.166473
2388 -0.166473
2389 -0.166473
2390 -0.166473
2391 -0.166473
2392 -0.166473
2393 -0.166473
2394 -0.166473
2395 -0.166473
2396 -0.166473
2397 -0.166473
2398 -0.166473
2399 -0.166473
2400 -0.166473
2401 -0.166473
2402 -0.166473
2403 -0.166473
2404 -0.166473
2405 -0.166473
2406 -0.166473
2407 -0.166473
2408 -0.166473
2409 -0.166473
2410 -0.166473
2411 -0.166473
2412 -0.166473
2413 -0.166473
2414 -0.166473
2415 -0.166473
2416 -0.166473
2417 -0.166473
2418 -0.166473
2419 -0.166473
2420 -0.166473
2421 -0.166473
2422 -0.166473
2423 -0.166473
2424 -0.166473
2425 -0.166473
2426 -0.166473
2427 -0.166473
2428 -0.166473
2429 -0.166473
2430 -0.166473
2431 -0.166473
2432 -0.166473
2433 -0.166473
2434 -0.166473
2435 -0.166473
2436 -0.166473
2437 -0.166473
2438 -0.166473
2439 -0.166473
2440 -0.166473
2441 -0.166473
2442 -0.166473
2443 -0.166473
2444 -0.166473
2445 -0.166473
2446 -0.166473
2447 -0.166473
2448 -0.166473
2449 -0.166473
2450 -0.166473
2451 -0.166473
2452 -0.166473
2453 -0.166473
2454 -0.166473
2455 -0.166473
2456 -0.166473
2457 -0.166473
2458 -0.166473
2459 -0.166473
2460 -0.166473
2461 -0.166473
2462 -0.166473
2463 -0.166473
2464 -0.166473
2465 -0.166473
2466 -0.166473
2467 -0.166473
2468 -0.166473
2469 -0.166473
2470 -0.166473
2471 -0.166473
2472 -0.166473
2473 -0.166473
2474 -0.166473
2475 -0.166473
2476 -0.166473
2477 -0.166473
2478 -0.166473
2479 -0.166473
2480 -0.166473
2481 -0.166473
2482 -0.166473
2483 -0.166473
2484 -0.166473
2485 -0.166473
2486 -0.166473
2487 -0.166473
2488 -0.166473
2489 -0.166473
2490 -0.166473
2491 -0.166473
2492 -0.166473
2493 -0.166473
2494 -0.166473
2495 -0.166473
2496 -0.166473
2497 -0.166473
2498 -0.166473
2499 -0.166473
2500 -0.166473
2501 -0.166473
2502 -0.166473
2503 -0.166473
2504 -0.166473
2505 -0.166473
2506 -0.166473
2507 -0.166473
2508 -0.166473
2509 -0.166473
2510 -0.166473
2511 -0.166473
2512 -0.166473
2513 -0.166473
2514 -0.166473
2515 -0.166473
2516 -0.166473
2517 -0.166473
2518 -0.166473
2519 -0.166473
2520 -0.166473
2521 -0.166473
2522 -0.166473
2523 -0.166473
2524 -0.166473
2525 -0.166473
2526 -0.166473
2527 -0.166473
2528 -0.166473
2529 -0.166473
2530 -0.166473
2531 -0.166473
2532 -0.166473
2533 -0.166473
2534 -0.166473
2535 -0.166473
2536 -0.166473
2537 -0.166473
2538 -0.166473
2539 -0.166473
2540 -0.166473
2541 -0.166473
2542 -0.166473
2543 -0.166473
2544 -0.166473
2545 -0.166473
2546 -0.166473
2547 -0.166473
2548 -0.166473
2549 -0.166473
2550 -0.166473
2551 -0.166473
2552 -0.166473
2553 -0.166473
2554 -0.166473
2555 -0.166473
2556 -0.166473
2557 -0.166473
2558 -0.166473
2559 -0.166473
2560 -0.166473
2561 -0.166473
2562 -0.166473
2563 -0.166473
2564 -0.166473
2565 -0.166473
2566 -0.166473
2567 -0.166473
2568 -0.166473
2569 -0.166473
2570 -0.166473
2571 -0.166473
2572 -0.166473
2573 -0.166473
2574 -0.166473
2575 -0.166473
2576 -0.166473
2577 -0.166473
2578 -0.166473
2579 -0.166473
2580 -0.166473
2581 -0.166473
2582 -0.166473
2583 -0.166473
2584 -0.166473
2585 -0.166473
2586 -0.166473
2587 -0.166473
2588 -0.166473
2589 -0.166473
2590 -0.166473
2591 -0.166473
2592 -0.166473
2593 -0.166473
2594 -0.166473
2595 -0.166473
2596 -0.166473
2597 -0.166473
2598 -0.166473
2599 -0.166473
2600 -0.166473
2601 -0.166473
2602 -0.166473
2603 -0.166473
2604 -0.166473
2605 -0.166473
2606 -0.166473
2607 -0.166473
2608 -0.166473
2609 -0.166473
2610 -0.166473
2611 -0.166473
2612 -0.166473
2613 -0.166473
2614 -0.166473
2615 -0.166473
2616 -0.166473
2617 -0.166473
2618 -0.166473
2619 -0.166473
2620 -0.166473
2621 -0.166473
2622 -0.166473
2623 -0.166473
2624 -0.166473
2625 -0.166473
2626 -0.166473
2627 -0.166473
2628 -0.166473
2629 -0.166473
2630 -0.166473
2631 -0.166473
2632 -0.166473
2633 -0.166473
2634 -0.166473
2635 -0.166473
2636 -0.166473
2637 -0.166473
2638 -0.166473
2639 -0.166473
2640 -0.166473
2641 -0.166473
2642 -0.166473
2643 -0.166473
2644 -0.166473
2645 -0.166473
2646 -0.166473
2647 -0.166473
2648 -0.166473
2649 -0.166473
2650 -0.166473
2651 -0.166473
2652 -0.166473
2653 -0.166473
2654 -0.166473
2655 -0.166473
2656 -0.166473
2657 -0.166473
2658 -0.166473
2659 -0.166473
2660 -0.166473
2661 -0.166473
2662 -0.166473
2663 -0.166473
2664 -0.166473
2665 -0.166473
2666 -0.166473
2667 -0.166473
2668 -0.166473
2669 -0.166473
2670 -0.166473
2671 -0.166473
2672 -0.166473
2673 -0.166473
2674 -0.166473
2675 -0.166473
2676 -0.166473
2677 -0.166473
2678 -0.166473
2679 -0.166473
2680 -0.166473
2681 -0.166473
2682 -0.166473
2683 -0.166473
2684 -0.166473
2685 -0.166473
2686 -0.166473
2687 -0.166473
2688 -0.166473
2689 -0.166473
2690 -0.166473
2691 -0.166473
2692 -0.166473
2693 -0.166473
2694 -0.166473
2695 -0.166473
2696 -0.166473
2697 -0.166473
2698 -0.166473
2699 -0.166473
2700 -0.166473
2701 -0.166473
2702 -0.166473
2703 -0.166473
2704 -0.166473
2705 -0.166473
2706 -0.166473
2707 -0.166473
2708 -0.166473
2709 -0.166473
2710 -0.166473
2711 -0.166473
2712 -0.166473
2713 -0.166473
2714 -0.166473
2715 -0.166473
2716 -0.166473
2717 -0.166473
2718 -0.166473
2719 -0.166473
2720 -0.166473
2721 -0.166473
2722 -0.166473
2723 -0.166473
2724 -0.166473
2725 -0.166473
2726 -0.166473
2727 -0.166473
2728 -0.166473
2729 -0.166473
2730 -0.166473
2731 -0.166473
2732 -0.166473
2733 -0.166473
2734 -0.166473
2735 -0.166473
2736 -0.166473
2737 -0.166473
2738 -0.166473
2739 -0.166473
2740 -0.166473
2741 -0.166473
2742 -0.166473
2743 -0.166473
2744 -0.166473
2745 -0.166473
2746 -0.166473
2747 -0.166473
2748 -0.166473
2749 -0.166473
2750 -0.166473
2751 -0.166473
2752 -0.166473
2753 -0.166473
2754 -0.166473
2755 -0.166473
2756 -0.166473
2757 -0.166473
2758 -0.166473
2759 -0.166473
2760 -0.166473
2761 -0.166473
2762 -0.166473
2763 -0.166473
2764 -0.166473
2765 -0.166473
2766 -0.166473
2767 -0.166473
2768 -0.166473
2769 -0.166473
2770 -0.166473
2771 -0.166473
2772 -0.166473
2773 -0.166473
2774 -0.166473
2775 -0.166473
2776 -0.166473
2777 -0.166473
2778 -0.166473
2779 -0.166473
2780 -0.166473
2781 -0.166473
2782 -0.166473
2783 -0.166473
2784 -0.166473
2785 -0.166473
2786 -0.166473
2787 -0.166473
2788 -0.166473
2789 -0.166473
2790 -0.166473
2791 -0.166473
2792 -0.166473
2793 -0.166473
2794 -0.166473
2795 -0.166473
2796 -0.166473
2797 -0.166473
2798 -0.166473
2799 -0.166473
2800 -0.166473
2801 -0.166473
2802 -0.166473
2803 -0.166473
2804 -0.166473
2805 -0.166473
2806 -0.166473
2807 -0.166473
2808 -0.166473
2809 -0.166473
2810 -0.166473
2811 -0.166473
2812 -0.166473
2813 -0.166473
2814 -0.166473
2815 -0.166473
2816 -0.166473
2817 -0.166473
2818 -0.166473
2819 -0.166473
2820 -0.166473
2821 -0.166473
2822 -0.166473
2823 -0.166473
2824 -0.166473
2825 -0.166473
2826 -0.166473
2827 -0.166473
2828 -0.166473
2829 -0.166473
2830 -0.166473
2831 -0.166473
2832 -0.166473
2833 -0.166473
2834 -0.166473
2835 -0.166473
2836 -0.166473
2837 -0.166473
2838 -0.166473
2839 -0.166473
2840 -0.166473
2841 -0.166473
2842 -0.166473
2843 -0.166473
2844 -0.166473
2845 -0.166473
2846 -0.166473
2847 -0.166473
2848 -0.166473
2849 -0.166473
2850 -0.166473
2851 -0.166473
2852 -0.166473
2853 -0.166473
2854 -0.166473
2855 -0.166473
2856 -0.166473
2857 -0.166473
2858 -0.166473
2859 -0.166473
2860 -0.166473
2861 -0.166473
2862 -0.166473
2863 -0.166473
2864 -0.166473
2865 -0.166473
2866 -0.166473
2867 -0.166473
2868 -0.166473
2869 -0.166473
2870 -0.166473
2871 -0.166473
2872 -0.166473
2873 -0.166473
2874 -0.166473
2875 -0.166473
2876 -0.166473
2877 -0.166473
2878 -0.166473
2879 -0.166473
2880 -0.166473
2881 -0.166473
2882 -0.166473
2883 -0.166473
2884 -0.166473
2885 -0.166473
2886 -0.166473
2887 -0.166473
2888 -0.166473
2889 -0.166473
2890 -0.166473
2891 -0.166473
2892 -0.166473
2893 -0.166473
2894 -0.166473
2895 -0.166473
2896 -0.166473
2897 -0.166473
2898 -0.166473
2899 -0.166473
2900 -0.166473
2901 -0.166473
2902 -0.166473
2903 -0.166473
2904 -0.166473
2905 -0.166473
2906 -0.166473
2907 -0.166473
2908 -0.166473
2909 -0.166473
2910 -0.166473
2911 -0.166473
2912 -0.166473
2913 -0.166473
2914 -0.166473
2915 -0.166473
2916 -0.166473
2917 -0.166473
2918 -0.166473
2919 -0.166473
2920 -0.166473
2921 -0.166473
2922 -0.166473
2923 -0.166473
