0 0 0
1 0 0
2 0 0
3 0 0
4 0 0
5 0 0
6 0 0
7 0 0
8 0 0
9 0 0
10 0 0
11 0 0
12 0 0
13 0 0
14 0 0
15 0 0
16 0 0
17 0 0
18 0 0
19 0 0
20 0 20
21 0 20
22 0 20
23 0 20
24 0 20
25 0 20
26 0 20
27 0 20
28 0 20
29 0 20
30 0 20
31 0 20
32 0 20
33 0 20
34 0 20
35 0 20
36 0 20
37 0 20
38 0 20
39 0 20
40 0 20
41 0 20
42 0 20
43 0 20
44 0 20
45 0 20
46 0 20
47 0 20
48 0 20
49 0 20
50 0 20
51 0 20
52 0 20
53 0 20
54 0 20
55 0 20
56 0 20
57 0 20
58 0 20
59 0 20
60 0 20
61 0 20
62 0 20
63 0 20
64 0 20
65 0 20
66 0 20
67 0 20
68 0 20
69 0 20
70 0 20
71 0 20
72 0 20
73 0 20
74 0 20
75 0 20
76 0 20
77 0 20
78 0 20
79 0 20
80 0 20
81 0 0
82 0 0
83 0 0
84 0 0
85 0 0
86 0 0
87 0 0
88 0 0
89 0 0
90 0 0
91 0 0
92 0 0
93 0 0
94 0 0
95 0 0
96 0 0
97 0 0
98 0 0
99 0 0
100 0 0

0 1 0
1 1 0
2 1 0
3 1 0
4 1 0
5 1 0
6 1 0
7 1 0
8 1 0
9 1 0
10 1 0
11 1 0
12 1 0
13 1 0
14 1 0
15 1 0
16 1 0
17 1 0
18 1 0
19 1 0
20 1 19.9759
21 1 19.9759
22 1 19.9759
23 1 19.9758
24 1 19.9756
25 1 19.9754
26 1 19.9751
27 1 19.9748
28 1 19.9744
29 1 19.9739
30 1 19.9734
31 1 19.9729
32 1 19.9723
33 1 19.9716
34 1 19.9709
35 1 19.9701
36 1 19.9692
37 1 19.9683
38 1 19.9673
39 1 19.9662
40 1 19.9651
41 1 19.9639
42 1 19.9627
43 1 19.9613
44 1 19.96
45 1 19.9585
46 1 19.957
47 1 19.9553
48 1 19.9537
49 1 19.9519
50 1 19.9501
51 1 19.9482
52 1 19.9462
53 1 19.9441
54 1 19.9419
55 1 19.9397
56 1 19.9374
57 1 19.9349
58 1 19.9325
59 1 19.9299
60 1 19.9272
61 1 19.9245
62 1 19.9217
63 1 19.9189
64 1 19.916
65 1 19.9131
66 1 19.9101
67 1 19.9072
68 1 19.9043
69 1 19.9014
70 1 19.8986
71 1 19.896
72 1 19.8935
73 1 19.8912
74 1 19.8891
75 1 19.8873
76 1 19.8858
77 1 19.8847
78 1 19.8839
79 1 19.8835
80 1 19.8835
81 1 0
82 1 0
83 1 0
84 1 0
85 1 0
86 1 0
87 1 0
88 1 0
89 1 0
90 1 0
91 1 0
92 1 0
93 1 0
94 1 0
95 1 0
96 1 0
97 1 0
98 1 0
99 1 0
100 1 0

0 2 0
1 2 0
2 2 0
3 2 0
4 2 0
5 2 0
6 2 0
7 2 0
8 2 0
9 2 0
10 2 0
11 2 0
12 2 0
13 2 0
14 2 0
15 2 0
16 2 0
17 2 0
18 2 0
19 2 0
20 2 19.9519
21 2 19.9519
22 2 19.9518
23 2 19.9516
24 2 19.9513
25 2 19.9508
26 2 19.9503
27 2 19.9496
28 2 19.9489
29 2 19.948
30 2 19.947
31 2 19.9458
32 2 19.9446
33 2 19.9433
34 2 19.9418
35 2 19.9402
36 2 19.9385
37 2 19.9366
38 2 19.9346
39 2 19.9325
40 2 19.9303
41 2 19.9279
42 2 19.9254
43 2 19.9228
44 2 19.92
45 2 19.9171
46 2 19.914
47 2 19.9108
48 2 19.9074
49 2 19.9039
50 2 19.9002
51 2 19.8964
52 2 19.8924
53 2 19.8883
54 2 19.8839
55 2 19.8795
56 2 19.8748
57 2 19.87
58 2 19.865
59 2 19.8599
60 2 19.8546
61 2 19.8491
62 2 19.8435
63 2 19.8378
64 2 19.832
65 2 19.8262
66 2 19.8203
67 2 19.8144
68 2 19.8085
69 2 19.8028
70 2 19.7972
71 2 19.7918
72 2 19.7868
73 2 19.7822
74 2 19.778
75 2 19.7744
76 2 19.7714
77 2 19.769
78 2 19.7675
79 2 19.7667
80 2 19.7667
81 2 0
82 2 0
83 2 0
84 2 0
85 2 0
86 2 0
87 2 0
88 2 0
89 2 0
90 2 0
91 2 0
92 2 0
93 2 0
94 2 0
95 2 0
96 2 0
97 2 0
98 2 0
99 2 0
100 2 0

0 3 0
1 3 0
2 3 0
3 3 0
4 3 0
5 3 0
6 3 0
7 3 0
8 3 0
9 3 0
10 3 0
11 3 0
12 3 0
13 3 0
14 3 0
15 3 0
16 3 0
17 3 0
18 3 0
19 3 0
20 3 19.928
21 3 19.928
22 3 19.9279
23 3 19.9276
24 3 19.9271
25 3 19.9264
26 3 19.9256
27 3 19.9246
28 3 19.9234
29 3 19.9221
30 3 19.9206
31 3 19.9189
32 3 19.9171
33 3 19.9151
34 3 19.9129
35 3 19.9105
36 3 19.9079
37 3 19.9051
38 3 19.9021
39 3 19.899
40 3 19.8956
41 3 19.8921
42 3 19.8883
43 3 19.8844
44 3 19.8802
45 3 19.8758
46 3 19.8712
47 3 19.8664
48 3 19.8614
49 3 19.8561
50 3 19.8506
51 3 19.8448
52 3 19.8389
53 3 19.8326
54 3 19.8262
55 3 19.8194
56 3 19.8125
57 3 19.8052
58 3 19.7978
59 3 19.79
60 3 19.7821
61 3 19.7739
62 3 19.7655
63 3 19.7569
64 3 19.7482
65 3 19.7394
66 3 19.7304
67 3 19.7215
68 3 19.7127
69 3 19.704
70 3 19.6955
71 3 19.6874
72 3 19.6798
73 3 19.6727
74 3 19.6663
75 3 19.6608
76 3 19.6562
77 3 19.6527
78 3 19.6503
79 3 19.649
80 3 19.649
81 3 0
82 3 0
83 3 0
84 3 0
85 3 0
86 3 0
87 3 0
88 3 0
89 3 0
90 3 0
91 3 0
92 3 0
93 3 0
94 3 0
95 3 0
96 3 0
97 3 0
98 3 0
99 3 0
100 3 0

0 4 0
1 4 0
2 4 0
3 4 0
4 4 0
5 4 0
6 4 0
7 4 0
8 4 0
9 4 0
10 4 0
11 4 0
12 4 0
13 4 0
14 4 0
15 4 0
16 4 0
17 4 0
18 4 0
19 4 0
20 4 19.9044
21 4 19.9044
22 4 19.9042
23 4 19.9037
24 4 19.9031
25 4 19.9022
26 4 19.9011
27 4 19.8998
28 4 19.8982
29 4 19.8965
30 4 19.8945
31 4 19.8923
32 4 19.8898
33 4 19.8871
34 4 19.8841
35 4 19.881
36 4 19.8775
37 4 19.8738
38 4 19.8699
39 4 19.8657
40 4 19.8612
41 4 19.8565
42 4 19.8515
43 4 19.8462
44 4 19.8407
45 4 19.8348
46 4 19.8287
47 4 19.8223
48 4 19.8156
49 4 19.8086
50 4 19.8012
51 4 19.7936
52 4 19.7856
53 4 19.7773
54 4 19.7687
55 4 19.7597
56 4 19.7504
57 4 19.7408
58 4 19.7308
59 4 19.7205
60 4 19.7099
61 4 19.6989
62 4 19.6877
63 4 19.6762
64 4 19.6645
65 4 19.6526
66 4 19.6407
67 4 19.6287
68 4 19.6168
69 4 19.605
70 4 19.5936
71 4 19.5826
72 4 19.5722
73 4 19.5626
74 4 19.5539
75 4 19.5464
76 4 19.5401
77 4 19.5352
78 4 19.5319
79 4 19.5303
80 4 19.5303
81 4 0
82 4 0
83 4 0
84 4 0
85 4 0
86 4 0
87 4 0
88 4 0
89 4 0
90 4 0
91 4 0
92 4 0
93 4 0
94 4 0
95 4 0
96 4 0
97 4 0
98 4 0
99 4 0
100 4 0

0 5 0
1 5 0
2 5 0
3 5 0
4 5 0
5 5 0
6 5 0
7 5 0
8 5 0
9 5 0
10 5 0
11 5 0
12 5 0
13 5 0
14 5 0
15 5 0
16 5 0
17 5 0
18 5 0
19 5 0
20 5 19.8809
21 5 19.881
22 5 19.8807
23 5 19.8801
24 5 19.8793
25 5 19.8782
26 5 19.8769
27 5 19.8752
28 5 19.8733
29 5 19.8711
30 5 19.8686
31 5 19.8658
32 5 19.8628
33 5 19.8594
34 5 19.8557
35 5 19.8518
36 5 19.8475
37 5 19.8429
38 5 19.8379
39 5 19.8327
40 5 19.8271
41 5 19.8212
42 5 19.815
43 5 19.8084
44 5 19.8015
45 5 19.7942
46 5 19.7865
47 5 19.7785
48 5 19.7702
49 5 19.7614
50 5 19.7522
51 5 19.7427
52 5 19.7327
53 5 19.7224
54 5 19.7116
55 5 19.7004
56 5 19.6888
57 5 19.6768
58 5 19.6643
59 5 19.6514
60 5 19.638
61 5 19.6243
62 5 19.6102
63 5 19.5958
64 5 19.5811
65 5 19.5661
66 5 19.551
67 5 19.5358
68 5 19.5207
69 5 19.5058
70 5 19.4912
71 5 19.4772
72 5 19.4639
73 5 19.4516
74 5 19.4404
75 5 19.4307
76 5 19.4226
77 5 19.4163
78 5 19.4121
79 5 19.4099
80 5 19.4099
81 5 0
82 5 0
83 5 0
84 5 0
85 5 0
86 5 0
87 5 0
88 5 0
89 5 0
90 5 0
91 5 0
92 5 0
93 5 0
94 5 0
95 5 0
96 5 0
97 5 0
98 5 0
99 5 0
100 5 0

0 6 0
1 6 0
2 6 0
3 6 0
4 6 0
5 6 0
6 6 0
7 6 0
8 6 0
9 6 0
10 6 0
11 6 0
12 6 0
13 6 0
14 6 0
15 6 0
16 6 0
17 6 0
18 6 0
19 6 0
20 6 19.8579
21 6 19.8579
22 6 19.8575
23 6 19.8569
24 6 19.8559
25 6 19.8546
26 6 19.853
27 6 19.851
28 6 19.8487
29 6 19.8461
30 6 19.8431
31 6 19.8398
32 6 19.8361
33 6 19.8321
34 6 19.8277
35 6 19.8229
36 6 19.8178
37 6 19.8123
38 6 19.8064
39 6 19.8001
40 6 19.7934
41 6 19.7864
42 6 19.7789
43 6 19.771
44 6 19.7627
45 6 19.754
46 6 19.7448
47 6 19.7352
48 6 19.7252
49 6 19.7147
50 6 19.7037
51 6 19.6923
52 6 19.6804
53 6 19.668
54 6 19.655
55 6 19.6416
56 6 19.6277
57 6 19.6132
58 6 19.5982
59 6 19.5827
60 6 19.5667
61 6 19.5502
62 6 19.5332
63 6 19.5158
64 6 19.498
65 6 19.4798
66 6 19.4615
67 6 19.443
68 6 19.4246
69 6 19.4063
70 6 19.3885
71 6 19.3712
72 6 19.3548
73 6 19.3395
74 6 19.3256
75 6 19.3135
76 6 19.3034
77 6 19.2955
78 6 19.2902
79 6 19.2874
80 6 19.2874
81 6 0
82 6 0
83 6 0
84 6 0
85 6 0
86 6 0
87 6 0
88 6 0
89 6 0
90 6 0
91 6 0
92 6 0
93 6 0
94 6 0
95 6 0
96 6 0
97 6 0
98 6 0
99 6 0
100 6 0

0 7 0
1 7 0
2 7 0
3 7 0
4 7 0
5 7 0
6 7 0
7 7 0
8 7 0
9 7 0
10 7 0
11 7 0
12 7 0
13 7 0
14 7 0
15 7 0
16 7 0
17 7 0
18 7 0
19 7 0
20 7 19.8351
21 7 19.8352
22 7 19.8348
23 7 19.834
24 7 19.8329
25 7 19.8314
26 7 19.8295
27 7 19.8272
28 7 19.8245
29 7 19.8215
30 7 19.818
31 7 19.8141
32 7 19.8099
33 7 19.8052
34 7 19.8001
35 7 19.7945
36 7 19.7885
37 7 19.7821
38 7 19.7753
39 7 19.768
40 7 19.7602
41 7 19.752
42 7 19.7433
43 7 19.7341
44 7 19.7244
45 7 19.7143
46 7 19.7036
47 7 19.6925
48 7 19.6808
49 7 19.6685
50 7 19.6558
51 7 19.6425
52 7 19.6286
53 7 19.6141
54 7 19.5991
55 7 19.5834
56 7 19.5672
57 7 19.5503
58 7 19.5328
59 7 19.5147
60 7 19.496
61 7 19.4766
62 7 19.4567
63 7 19.4362
64 7 19.4153
65 7 19.3939
66 7 19.3722
67 7 19.3503
68 7 19.3284
69 7 19.3066
70 7 19.2852
71 7 19.2644
72 7 19.2446
73 7 19.2261
74 7 19.2092
75 7 19.1944
76 7 19.182
77 7 19.1723
78 7 19.1657
79 7 19.1624
80 7 19.1624
81 7 0
82 7 0
83 7 0
84 7 0
85 7 0
86 7 0
87 7 0
88 7 0
89 7 0
90 7 0
91 7 0
92 7 0
93 7 0
94 7 0
95 7 0
96 7 0
97 7 0
98 7 0
99 7 0
100 7 0

0 8 0
1 8 0
2 8 0
3 8 0
4 8 0
5 8 0
6 8 0
7 8 0
8 8 0
9 8 0
10 8 0
11 8 0
12 8 0
13 8 0
14 8 0
15 8 0
16 8 0
17 8 0
18 8 0
19 8 0
20 8 19.8129
21 8 19.8129
22 8 19.8125
23 8 19.8116
24 8 19.8103
25 8 19.8086
26 8 19.8065
27 8 19.8039
28 8 19.8008
29 8 19.7973
30 8 19.7934
31 8 19.789
32 8 19.7841
33 8 19.7788
34 8 19.7729
35 8 19.7666
36 8 19.7598
37 8 19.7525
38 8 19.7447
39 8 19.7364
40 8 19.7276
41 8 19.7182
42 8 19.7083
43 8 19.6978
44 8 19.6868
45 8 19.6752
46 8 19.663
47 8 19.6503
48 8 19.637
49 8 19.623
50 8 19.6085
51 8 19.5933
52 8 19.5775
53 8 19.561
54 8 19.5438
55 8 19.526
56 8 19.5074
57 8 19.4882
58 8 19.4682
59 8 19.4474
60 8 19.426
61 8 19.4038
62 8 19.3809
63 8 19.3573
64 8 19.3331
65 8 19.3084
66 8 19.2832
67 8 19.2577
68 8 19.2321
69 8 19.2066
70 8 19.1814
71 8 19.1568
72 8 19.1333
73 8 19.1112
74 8 19.0909
75 8 19.0731
76 8 19.058
77 8 19.0462
78 8 19.0382
79 8 19.034
80 8 19.034
81 8 0
82 8 0
83 8 0
84 8 0
85 8 0
86 8 0
87 8 0
88 8 0
89 8 0
90 8 0
91 8 0
92 8 0
93 8 0
94 8 0
95 8 0
96 8 0
97 8 0
98 8 0
99 8 0
100 8 0

0 9 0
1 9 0
2 9 0
3 9 0
4 9 0
5 9 0
6 9 0
7 9 0
8 9 0
9 9 0
10 9 0
11 9 0
12 9 0
13 9 0
14 9 0
15 9 0
16 9 0
17 9 0
18 9 0
19 9 0
20 9 19.7911
21 9 19.7912
22 9 19.7907
23 9 19.7897
24 9 19.7883
25 9 19.7864
26 9 19.7839
27 9 19.781
28 9 19.7776
29 9 19.7737
30 9 19.7693
31 9 19.7644
32 9 19.7589
33 9 19.7529
34 9 19.7464
35 9 19.7393
36 9 19.7317
37 9 19.7235
38 9 19.7148
39 9 19.7054
40 9 19.6955
41 9 19.685
42 9 19.6739
43 9 19.6621
44 9 19.6498
45 9 19.6368
46 9 19.6231
47 9 19.6089
48 9 19.5939
49 9 19.5783
50 9 19.5619
51 9 19.5449
52 9 19.5272
53 9 19.5087
54 9 19.4894
55 9 19.4694
56 9 19.4485
57 9 19.4269
58 9 19.4044
59 9 19.381
60 9 19.3568
61 9 19.3317
62 9 19.3058
63 9 19.2791
64 9 19.2516
65 9 19.2235
66 9 19.1947
67 9 19.1654
68 9 19.1359
69 9 19.1064
70 9 19.0771
71 9 19.0484
72 9 19.0207
73 9 18.9945
74 9 18.9704
75 9 18.949
76 9 18.9308
77 9 18.9166
78 9 18.9068
79 9 18.9017
80 9 18.9017
81 9 0
82 9 0
83 9 0
84 9 0
85 9 0
86 9 0
87 9 0
88 9 0
89 9 0
90 9 0
91 9 0
92 9 0
93 9 0
94 9 0
95 9 0
96 9 0
97 9 0
98 9 0
99 9 0
100 9 0

0 10 0
1 10 0
2 10 0
3 10 0
4 10 0
5 10 0
6 10 0
7 10 0
8 10 0
9 10 0
10 10 0
11 10 0
12 10 0
13 10 0
14 10 0
15 10 0
16 10 0
17 10 0
18 10 0
19 10 0
20 10 19.77
21 10 19.77
22 10 19.7695
23 10 19.7684
24 10 19.7668
25 10 19.7647
26 10 19.762
27 10 19.7588
28 10 19.7551
29 10 19.7507
30 10 19.7458
31 10 19.7404
32 10 19.7344
33 10 19.7277
34 10 19.7205
35 10 19.7127
36 10 19.7043
37 10 19.6952
38 10 19.6855
39 10 19.6752
40 10 19.6642
41 10 19.6526
42 10 19.6402
43 10 19.6272
44 10 19.6135
45 10 19.5991
46 10 19.584
47 10 19.5682
48 10 19.5516
49 10 19.5343
50 10 19.5162
51 10 19.4974
52 10 19.4777
53 10 19.4572
54 10 19.4359
55 10 19.4137
56 10 19.3906
57 10 19.3665
58 10 19.3416
59 10 19.3156
60 10 19.2887
61 10 19.2607
62 10 19.2318
63 10 19.2019
64 10 19.171
65 10 19.1393
66 10 19.1068
67 10 19.0736
68 10 19.04
69 10 19.0061
70 10 18.9723
71 10 18.9391
72 10 18.9067
73 10 18.876
74 10 18.8474
75 10 18.8218
76 10 18.8
77 10 18.7827
78 10 18.7707
79 10 18.7646
80 10 18.7646
81 10 0
82 10 0
83 10 0
84 10 0
85 10 0
86 10 0
87 10 0
88 10 0
89 10 0
90 10 0
91 10 0
92 10 0
93 10 0
94 10 0
95 10 0
96 10 0
97 10 0
98 10 0
99 10 0
100 10 0

0 11 0
1 11 0
2 11 0
3 11 0
4 11 0
5 11 0
6 11 0
7 11 0
8 11 0
9 11 0
10 11 0
11 11 0
12 11 0
13 11 0
14 11 0
15 11 0
16 11 0
17 11 0
18 11 0
19 11 0
20 11 19.7494
21 11 19.7495
22 11 19.7489
23 11 19.7477
24 11 19.746
25 11 19.7437
26 11 19.7408
27 11 19.7372
28 11 19.7331
29 11 19.7284
30 11 19.7231
31 11 19.7171
32 11 19.7105
33 11 19.7033
34 11 19.6954
35 11 19.6868
36 11 19.6776
37 11 19.6676
38 11 19.657
39 11 19.6457
40 11 19.6337
41 11 19.6209
42 11 19.6074
43 11 19.5931
44 11 19.5781
45 11 19.5623
46 11 19.5458
47 11 19.5284
48 11 19.5103
49 11 19.4913
50 11 19.4715
51 11 19.4508
52 11 19.4293
53 11 19.4068
54 11 19.3834
55 11 19.3591
56 11 19.3337
57 11 19.3074
58 11 19.2799
59 11 19.2514
60 11 19.2217
61 11 19.1909
62 11 19.1589
63 11 19.1257
64 11 19.0914
65 11 19.0561
66 11 19.0197
67 11 18.9824
68 11 18.9444
69 11 18.9059
70 11 18.8673
71 11 18.829
72 11 18.7914
73 11 18.7553
74 11 18.7216
75 11 18.691
76 11 18.6647
77 11 18.6437
78 11 18.629
79 11 18.6215
80 11 18.6215
81 11 0
82 11 0
83 11 0
84 11 0
85 11 0
86 11 0
87 11 0
88 11 0
89 11 0
90 11 0
91 11 0
92 11 0
93 11 0
94 11 0
95 11 0
96 11 0
97 11 0
98 11 0
99 11 0
100 11 0

0 12 0
1 12 0
2 12 0
3 12 0
4 12 0
5 12 0
6 12 0
7 12 0
8 12 0
9 12 0
10 12 0
11 12 0
12 12 0
13 12 0
14 12 0
15 12 0
16 12 0
17 12 0
18 12 0
19 12 0
20 12 19.7296
21 12 19.7296
22 12 19.729
23 12 19.7277
24 12 19.7259
25 12 19.7233
26 12 19.7202
27 12 19.7164
28 12 19.7119
29 12 19.7068
30 12 19.701
31 12 19.6946
32 12 19.6874
33 12 19.6795
34 12 19.671
35 12 19.6617
36 12 19.6517
37 12 19.6409
38 12 19.6294
39 12 19.6171
40 12 19.604
41 12 19.5901
42 12 19.5755
43 12 19.56
44 12 19.5436
45 12 19.5265
46 12 19.5085
47 12 19.4896
48 12 19.4699
49 12 19.4493
50 12 19.4277
51 12 19.4053
52 12 19.3819
53 12 19.3575
54 12 19.3321
55 12 19.3056
56 12 19.2781
57 12 19.2494
58 12 19.2195
59 12 19.1884
60 12 19.156
61 12 19.1224
62 12 19.0873
63 12 19.0509
64 12 19.0132
65 12 18.9741
66 12 18.9337
67 12 18.8921
68 12 18.8495
69 12 18.8061
70 12 18.7622
71 12 18.7182
72 12 18.6748
73 12 18.6326
74 12 18.5927
75 12 18.5561
76 12 18.5243
77 12 18.4986
78 12 18.4804
79 12 18.471
80 12 18.471
81 12 0
82 12 0
83 12 0
84 12 0
85 12 0
86 12 0
87 12 0
88 12 0
89 12 0
90 12 0
91 12 0
92 12 0
93 12 0
94 12 0
95 12 0
96 12 0
97 12 0
98 12 0
99 12 0
100 12 0

0 13 0
1 13 0
2 13 0
3 13 0
4 13 0
5 13 0
6 13 0
7 13 0
8 13 0
9 13 0
10 13 0
11 13 0
12 13 0
13 13 0
14 13 0
15 13 0
16 13 0
17 13 0
18 13 0
19 13 0
20 13 19.7105
21 13 19.7105
22 13 19.7098
23 13 19.7085
24 13 19.7065
25 13 19.7038
26 13 19.7004
27 13 19.6963
28 13 19.6915
29 13 19.686
30 13 19.6798
31 13 19.6728
32 13 19.6651
33 13 19.6567
34 13 19.6475
35 13 19.6375
36 13 19.6267
37 13 19.6151
38 13 19.6026
39 13 19.5894
40 13 19.5753
41 13 19.5603
42 13 19.5445
43 13 19.5278
44 13 19.5101
45 13 19.4916
46 13 19.4722
47 13 19.4519
48 13 19.4306
49 13 19.4083
50 13 19.3851
51 13 19.3609
52 13 19.3357
53 13 19.3094
54 13 19.282
55 13 19.2535
56 13 19.2238
57 13 19.1928
58 13 19.1606
59 13 19.127
60 13 19.0919
61 13 19.0554
62 13 19.0173
63 13 18.9777
64 13 18.9364
65 13 18.8935
66 13 18.8491
67 13 18.8031
68 13 18.7556
69 13 18.7069
70 13 18.6573
71 13 18.6072
72 13 18.5571
73 13 18.5079
74 13 18.4607
75 13 18.4168
76 13 18.3779
77 13 18.3461
78 13 18.3233
79 13 18.3113
80 13 18.3113
81 13 0
82 13 0
83 13 0
84 13 0
85 13 0
86 13 0
87 13 0
88 13 0
89 13 0
90 13 0
91 13 0
92 13 0
93 13 0
94 13 0
95 13 0
96 13 0
97 13 0
98 13 0
99 13 0
100 13 0

0 14 0
1 14 0
2 14 0
3 14 0
4 14 0
5 14 0
6 14 0
7 14 0
8 14 0
9 14 0
10 14 0
11 14 0
12 14 0
13 14 0
14 14 0
15 14 0
16 14 0
17 14 0
18 14 0
19 14 0
20 14 19.6922
21 14 19.6922
22 14 19.6915
23 14 19.6901
24 14 19.6879
25 14 19.685
26 14 19.6814
27 14 19.677
28 14 19.6719
29 14 19.6661
30 14 19.6594
31 14 19.652
32 14 19.6437
33 14 19.6347
34 14 19.6249
35 14 19.6142
36 14 19.6026
37 14 19.5902
38 14 19.5769
39 14 19.5627
40 14 19.5476
41 14 19.5315
42 14 19.5146
43 14 19.4966
44 14 19.4777
45 14 19.4579
46 14 19.437
47 14 19.4152
48 14 19.3924
49 14 19.3685
50 14 19.3437
51 14 19.3177
52 14 19.2907
53 14 19.2626
54 14 19.2333
55 14 19.2028
56 14 19.171
57 14 19.1378
58 14 19.1032
59 14 19.0672
60 14 19.0295
61 14 18.9902
62 14 18.9491
63 14 18.9063
64 14 18.8615
65 14 18.8149
66 14 18.7662
67 14 18.7157
68 14 18.6632
69 14 18.609
70 14 18.5532
71 14 18.4963
72 14 18.4388
73 14 18.3815
74 14 18.3256
75 14 18.2726
76 14 18.2248
77 14 18.1847
78 14 18.1555
79 14 18.1399
80 14 18.1399
81 14 0
82 14 0
83 14 0
84 14 0
85 14 0
86 14 0
87 14 0
88 14 0
89 14 0
90 14 0
91 14 0
92 14 0
93 14 0
94 14 0
95 14 0
96 14 0
97 14 0
98 14 0
99 14 0
100 14 0

0 15 0
1 15 0
2 15 0
3 15 0
4 15 0
5 15 0
6 15 0
7 15 0
8 15 0
9 15 0
10 15 0
11 15 0
12 15 0
13 15 0
14 15 0
15 15 0
16 15 0
17 15 0
18 15 0
19 15 0
20 15 19.6748
21 15 19.6748
22 15 19.674
23 15 19.6725
24 15 19.6702
25 15 19.6672
26 15 19.6633
27 15 19.6587
28 15 19.6533
29 15 19.647
30 15 19.64
31 15 19.6321
32 15 19.6233
33 15 19.6137
34 15 19.6032
35 15 19.5919
36 15 19.5796
37 15 19.5664
38 15 19.5522
39 15 19.5371
40 15 19.521
41 15 19.5039
42 15 19.4858
43 15 19.4666
44 15 19.4465
45 15 19.4253
46 15 19.403
47 15 19.3798
48 15 19.3554
49 15 19.33
50 15 19.3035
51 15 19.2759
52 15 19.2471
53 15 19.2172
54 15 19.186
55 15 19.1535
56 15 19.1197
57 15 19.0844
58 15 19.0476
59 15 19.0092
60 15 18.969
61 15 18.927
62 15 18.883
63 15 18.837
64 15 18.7888
65 15 18.7384
66 15 18.6856
67 15 18.6304
68 15 18.5728
69 15 18.5128
70 15 18.4505
71 15 18.3863
72 15 18.3205
73 15 18.254
74 15 18.1877
75 15 18.1236
76 15 18.0641
77 15 18.0128
78 15 17.9743
79 15 17.9532
80 15 17.9532
81 15 0
82 15 0
83 15 0
84 15 0
85 15 0
86 15 0
87 15 0
88 15 0
89 15 0
90 15 0
91 15 0
92 15 0
93 15 0
94 15 0
95 15 0
96 15 0
97 15 0
98 15 0
99 15 0
100 15 0

0 16 0
1 16 0
2 16 0
3 16 0
4 16 0
5 16 0
6 16 0
7 16 0
8 16 0
9 16 0
10 16 0
11 16 0
12 16 0
13 16 0
14 16 0
15 16 0
16 16 0
17 16 0
18 16 0
19 16 0
20 16 19.6582
21 16 19.6582
22 16 19.6575
23 16 19.6559
24 16 19.6534
25 16 19.6502
26 16 19.6462
27 16 19.6413
28 16 19.6355
29 16 19.6289
30 16 19.6215
31 16 19.6132
32 16 19.6039
33 16 19.5938
34 16 19.5827
35 16 19.5707
36 16 19.5576
37 16 19.5437
38 16 19.5286
39 16 19.5126
40 16 19.4955
41 16 19.4774
42 16 19.4582
43 16 19.4379
44 16 19.4164
45 16 19.3939
46 16 19.3703
47 16 19.3456
48 16 19.3197
49 16 19.2927
50 16 19.2646
51 16 19.2354
52 16 19.2049
53 16 19.1732
54 16 19.1402
55 16 19.1059
56 16 19.0701
57 16 19.0328
58 16 18.9939
59 16 18.9532
60 16 18.9106
61 16 18.866
62 16 18.8192
63 16 18.7701
64 16 18.7186
65 16 18.6645
66 16 18.6076
67 16 18.5478
68 16 18.485
69 16 18.4191
70 16 18.3501
71 16 18.2781
72 16 18.2033
73 16 18.1263
74 16 18.0481
75 16 17.9702
76 16 17.8955
77 16 17.8285
78 16 17.7758
79 16 17.7457
80 16 17.7457
81 16 0
82 16 0
83 16 0
84 16 0
85 16 0
86 16 0
87 16 0
88 16 0
89 16 0
90 16 0
91 16 0
92 16 0
93 16 0
94 16 0
95 16 0
96 16 0
97 16 0
98 16 0
99 16 0
100 16 0

0 17 0
1 17 0
2 17 0
3 17 0
4 17 0
5 17 0
6 17 0
7 17 0
8 17 0
9 17 0
10 17 0
11 17 0
12 17 0
13 17 0
14 17 0
15 17 0
16 17 0
17 17 0
18 17 0
19 17 0
20 17 19.6427
21 17 19.6427
22 17 19.6418
23 17 19.6402
24 17 19.6376
25 17 19.6342
26 17 19.63
27 17 19.6248
28 17 19.6188
29 17 19.6119
30 17 19.6041
31 17 19.5953
32 17 19.5856
33 17 19.5749
34 17 19.5633
35 17 19.5506
36 17 19.5369
37 17 19.5221
38 17 19.5063
39 17 19.4894
40 17 19.4713
41 17 19.4522
42 17 19.4319
43 17 19.4104
44 17 19.3877
45 17 19.3639
46 17 19.3389
47 17 19.3127
48 17 19.2854
49 17 19.2569
50 17 19.2272
51 17 19.1963
52 17 19.1642
53 17 19.1308
54 17 19.0961
55 17 19.0599
56 17 19.0223
57 17 18.9831
58 17 18.9421
59 17 18.8993
60 17 18.8545
61 17 18.8074
62 17 18.758
63 17 18.706
64 17 18.6513
65 17 18.5936
66 17 18.5328
67 17 18.4685
68 17 18.4006
69 17 18.3288
70 17 18.253
71 17 18.1729
72 17 18.0886
73 17 18.0002
74 17 17.9082
75 17 17.8138
76 17 17.7195
77 17 17.6302
78 17 17.5548
79 17 17.5084
80 17 17.5084
81 17 0
82 17 0
83 17 0
84 17 0
85 17 0
86 17 0
87 17 0
88 17 0
89 17 0
90 17 0
91 17 0
92 17 0
93 17 0
94 17 0
95 17 0
96 17 0
97 17 0
98 17 0
99 17 0
100 17 0

0 18 0
1 18 0
2 18 0
3 18 0
4 18 0
5 18 0
6 18 0
7 18 0
8 18 0
9 18 0
10 18 0
11 18 0
12 18 0
13 18 0
14 18 0
15 18 0
16 18 0
17 18 0
18 18 0
19 18 0
20 18 19.6281
21 18 19.6281
22 18 19.6272
23 18 19.6255
24 18 19.6228
25 18 19.6193
26 18 19.6148
27 18 19.6095
28 18 19.6032
29 18 19.5959
30 18 19.5877
31 18 19.5786
32 18 19.5684
33 18 19.5572
34 18 19.545
35 18 19.5317
36 18 19.5174
37 18 19.5019
38 18 19.4852
39 18 19.4675
40 18 19.4485
41 18 19.4283
42 18 19.4069
43 18 19.3843
44 18 19.3604
45 18 19.3353
46 18 19.3089
47 18 19.2813
48 18 19.2525
49 18 19.2224
50 18 19.1912
51 18 19.1587
52 18 19.125
53 18 19.0899
54 18 19.0536
55 18 19.0158
56 18 18.9764
57 18 18.9354
58 18 18.8926
59 18 18.8478
60 18 18.8008
61 18 18.7515
62 18 18.6996
63 18 18.6449
64 18 18.5872
65 18 18.5262
66 18 18.4616
67 18 18.3931
68 18 18.3203
69 18 18.2428
70 18 18.1603
71 18 18.0723
72 18 17.9783
73 18 17.878
74 18 17.7711
75 18 17.6577
76 18 17.5388
77 18 17.4181
78 18 17.3053
79 18 17.225
80 18 17.225
81 18 0
82 18 0
83 18 0
84 18 0
85 18 0
86 18 0
87 18 0
88 18 0
89 18 0
90 18 0
91 18 0
92 18 0
93 18 0
94 18 0
95 18 0
96 18 0
97 18 0
98 18 0
99 18 0
100 18 0

0 19 0
1 19 0
2 19 0
3 19 0
4 19 0
5 19 0
6 19 0
7 19 0
8 19 0
9 19 0
10 19 0
11 19 0
12 19 0
13 19 0
14 19 0
15 19 0
16 19 0
17 19 0
18 19 0
19 19 0
20 19 19.6146
21 19 19.6146
22 19 19.6137
23 19 19.6118
24 19 19.6091
25 19 19.6054
26 19 19.6008
27 19 19.5952
28 19 19.5886
29 19 19.5811
30 19 19.5726
31 19 19.563
32 19 19.5524
33 19 19.5408
34 19 19.528
35 19 19.5141
36 19 19.4991
37 19 19.4829
38 19 19.4655
39 19 19.4469
40 19 19.4271
41 19 19.4059
42 19 19.3834
43 19 19.3597
44 19 19.3346
45 19 19.3081
46 19 19.2804
47 19 19.2513
48 19 19.221
49 19 19.1895
50 19 19.1566
51 19 19.1226
52 19 19.0873
53 19 19.0507
54 19 19.0128
55 19 18.9734
56 19 18.9325
57 19 18.8898
58 19 18.8453
59 19 18.7987
60 19 18.7498
61 19 18.6984
62 19 18.6443
63 19 18.5872
64 19 18.5268
65 19 18.4628
66 19 18.3948
67 19 18.3223
68 19 18.245
69 19 18.1623
70 19 18.0735
71 19 17.9779
72 19 17.8746
73 19 17.7627
74 19 17.6408
75 19 17.5073
76 19 17.3604
77 19 17.1984
78 19 17.0236
79 19 16.8615
80 19 16.8615
81 19 0
82 19 0
83 19 0
84 19 0
85 19 0
86 19 0
87 19 0
88 19 0
89 19 0
90 19 0
91 19 0
92 19 0
93 19 0
94 19 0
95 19 0
96 19 0
97 19 0
98 19 0
99 19 0
100 19 0

0 20 0
1 20 0
2 20 0
3 20 0
4 20 0
5 20 0
6 20 0
7 20 0
8 20 0
9 20 0
10 20 0
11 20 0
12 20 0
13 20 0
14 20 0
15 20 0
16 20 0
17 20 0
18 20 0
19 20 0
20 20 19.6021
21 20 19.6022
22 20 19.6012
23 20 19.5993
24 20 19.5965
25 20 19.5926
26 20 19.5878
27 20 19.5821
28 20 19.5753
29 20 19.5674
30 20 19.5586
31 20 19.5487
32 20 19.5377
33 20 19.5256
34 20 19.5123
35 20 19.4979
36 20 19.4823
37 20 19.4654
38 20 19.4473
39 20 19.4279
40 20 19.4071
41 20 19.385
42 20 19.3615
43 20 19.3366
44 20 19.3103
45 20 19.2825
46 20 19.2534
47 20 19.2229
48 20 19.1911
49 20 19.158
50 20 19.1236
51 20 19.088
52 20 19.0512
53 20 19.0132
54 20 18.9738
55 20 18.933
56 20 18.8906
57 20 18.8464
58 20 18.8004
59 20 18.7522
60 20 18.7016
61 20 18.6484
62 20 18.5924
63 20 18.5331
64 20 18.4703
65 20 18.4036
66 20 18.3326
67 20 18.2567
68 20 18.1755
69 20 18.0881
70 20 17.9937
71 20 17.8915
72 20 17.78
73 20 17.6577
74 20 17.5223
75 20 17.3706
76 20 17.1972
77 20 16.9917
78 20 16.7295
79 20 16.3363
80 20 15.539
81 20 15.539
82 20 15.2708
83 20 14.9925
84 20 14.7084
85 20 14.4206
86 20 14.1302
87 20 13.838
88 20 13.5446
89 20 13.2503
90 20 12.9555
91 20 12.6603
92 20 12.3649
93 20 12.0693
94 20 11.7737
95 20 11.4781
96 20 11.1824
97 20 10.8868
98 20 10.5912
99 20 10.2956
100 20 10

0 21 0
1 21 0
2 21 0
3 21 0
4 21 0
5 21 0
6 21 0
7 21 0
8 21 0
9 21 0
10 21 0
11 21 0
12 21 0
13 21 0
14 21 0
15 21 0
16 21 0
17 21 0
18 21 0
19 21 0
20 21 19.5908
21 21 19.5908
22 21 19.5899
23 21 19.5879
24 21 19.585
25 21 19.581
26 21 19.5761
27 21 19.5701
28 21 19.5631
29 21 19.555
30 21 19.5459
31 21 19.5356
32 21 19.5242
33 21 19.5117
34 21 19.498
35 21 19.483
36 21 19.4669
37 21 19.4494
38 21 19.4305
39 21 19.4104
40 21 19.3888
41 21 19.3657
42 21 19.3412
43 21 19.3152
44 21 19.2877
45 21 19.2586
46 21 19.2281
47 21 19.1961
48 21 19.1627
49 21 19.128
50 21 19.0921
51 21 19.055
52 21 19.0167
53 21 18.9773
54 21 18.9365
55 21 18.8944
56 21 18.8507
57 21 18.8053
58 21 18.7579
59 21 18.7084
60 21 18.6564
61 21 18.6016
62 21 18.5439
63 21 18.4829
64 21 18.4181
65 21 18.3492
66 21 18.2756
67 21 18.1969
68 21 18.1124
69 21 18.0211
70 21 17.9223
71 21 17.8146
72 21 17.6965
73 21 17.5661
74 21 17.4206
75 21 17.256
76 21 17.0665
77 21 16.8422
78 21 16.5667
79 21 16.2155
80 21 15.7849
81 21 15.539
82 21 15.2709
83 21 14.9926
84 21 14.7085
85 21 14.4206
86 21 14.1302
87 21 13.838
88 21 13.5446
89 21 13.2503
90 21 12.9555
91 21 12.6603
92 21 12.3649
93 21 12.0693
94 21 11.7737
95 21 11.4781
96 21 11.1824
97 21 10.8868
98 21 10.5912
99 21 10.2956
100 21 10

0 22 0
1 22 0
2 22 0
3 22 0
4 22 0
5 22 0
6 22 0
7 22 0
8 22 0
9 22 0
10 22 0
11 22 0
12 22 0
13 22 0
14 22 0
15 22 0
16 22 0
17 22 0
18 22 0
19 22 0
20 22 19.5807
21 22 19.5807
22 22 19.5797
23 22 19.5777
24 22 19.5747
25 22 19.5706
26 22 19.5655
27 22 19.5594
28 22 19.5522
29 22 19.5438
30 22 19.5344
31 22 19.5239
32 22 19.5122
33 22 19.4992
34 22 19.4851
35 22 19.4697
36 22 19.4529
37 22 19.4349
38 22 19.4154
39 22 19.3945
40 22 19.3721
41 22 19.3481
42 22 19.3226
43 22 19.2955
44 22 19.2668
45 22 19.2364
46 22 19.2045
47 22 19.1709
48 22 19.136
49 22 19.0996
50 22 19.0621
51 22 19.0234
52 22 18.9837
53 22 18.9429
54 22 18.901
55 22 18.8577
56 22 18.8129
57 22 18.7665
58 22 18.718
59 22 18.6673
60 22 18.6142
61 22 18.5582
62 22 18.4992
63 22 18.4367
64 22 18.3703
65 22 18.2997
66 22 18.2242
67 22 18.1433
68 22 18.0563
69 22 17.9622
70 22 17.86
71 22 17.7484
72 22 17.6258
73 22 17.4899
74 22 17.3382
75 22 17.1668
76 22 16.9709
77 22 16.7442
78 22 16.4797
79 22 16.1746
80 22 15.8465
81 22 15.5615
82 22 15.2814
83 22 14.9987
84 22 14.7125
85 22 14.4235
86 22 14.1323
87 22 13.8395
88 22 13.5457
89 22 13.2511
90 22 12.956
91 22 12.6607
92 22 12.3652
93 22 12.0695
94 22 11.7739
95 22 11.4782
96 22 11.1825
97 22 10.8869
98 22 10.5912
99 22 10.2956
100 22 10

0 23 0
1 23 0
2 23 0
3 23 0
4 23 0
5 23 0
6 23 0
7 23 0
8 23 0
9 23 0
10 23 0
11 23 0
12 23 0
13 23 0
14 23 0
15 23 0
16 23 0
17 23 0
18 23 0
19 23 0
20 23 19.5717
21 23 19.5718
22 23 19.5707
23 23 19.5687
24 23 19.5656
25 23 19.5614
26 23 19.5562
27 23 19.5499
28 23 19.5425
29 23 19.534
30 23 19.5243
31 23 19.5135
32 23 19.5015
33 23 19.4882
34 23 19.4737
35 23 19.4578
36 23 19.4406
37 23 19.422
38 23 19.4019
39 23 19.3803
40 23 19.3572
41 23 19.3324
42 23 19.3059
43 23 19.2778
44 23 19.2478
45 23 19.2161
46 23 19.1827
47 23 19.1475
48 23 19.1108
49 23 19.0727
50 23 19.0335
51 23 18.9932
52 23 18.9521
53 23 18.9101
54 23 18.8671
55 23 18.8229
56 23 18.7773
57 23 18.7299
58 23 18.6807
59 23 18.6292
60 23 18.5751
61 23 18.5183
62 23 18.4583
63 23 18.3947
64 23 18.3272
65 23 18.2554
66 23 18.1786
67 23 18.0963
68 23 18.0076
69 23 17.9117
70 23 17.8076
71 23 17.6937
72 23 17.5686
73 23 17.4301
74 23 17.2757
75 23 17.1023
76 23 16.9065
77 23 16.6844
78 23 16.4338
79 23 16.1569
80 23 15.8653
81 23 15.5795
82 23 15.2949
83 23 15.0085
84 23 14.7197
85 23 14.4287
86 23 14.1361
87 23 13.8423
88 23 13.5477
89 23 13.2526
90 23 12.9571
91 23 12.6614
92 23 12.3657
93 23 12.0699
94 23 11.7741
95 23 11.4784
96 23 11.1826
97 23 10.887
98 23 10.5913
99 23 10.2956
100 23 10

0 24 0
1 24 0
2 24 0
3 24 0
4 24 0
5 24 0
6 24 0
7 24 0
8 24 0
9 24 0
10 24 0
11 24 0
12 24 0
13 24 0
14 24 0
15 24 0
16 24 0
17 24 0
18 24 0
19 24 0
20 24 19.564
21 24 19.564
22 24 19.563
23 24 19.5609
24 24 19.5577
25 24 19.5535
26 24 19.5482
27 24 19.5417
28 24 19.5342
29 24 19.5255
30 24 19.5156
31 24 19.5045
32 24 19.4922
33 24 19.4786
34 24 19.4638
35 24 19.4475
36 24 19.4299
37 24 19.4108
38 24 19.3902
39 24 19.368
40 24 19.3441
41 24 19.3186
42 24 19.2912
43 24 19.262
44 24 19.2309
45 24 19.1979
46 24 19.1629
47 24 19.126
48 24 19.0874
49 24 19.0474
50 24 19.0062
51 24 18.9642
52 24 18.9217
53 24 18.8786
54 24 18.8347
55 24 18.7898
56 24 18.7436
57 24 18.6957
58 24 18.646
59 24 18.5939
60 24 18.5393
61 24 18.4819
62 24 18.4213
63 24 18.3571
64 24 18.2889
65 24 18.2164
66 24 18.1389
67 24 18.0559
68 24 17.9665
69 24 17.87
70 24 17.7651
71 24 17.6507
72 24 17.5251
73 24 17.3865
74 24 17.2326
75 24 17.0608
76 24 16.8685
77 24 16.6534
78 24 16.4146
79 24 16.1542
80 24 15.8786
81 24 15.5966
82 24 15.3104
83 24 15.0211
84 24 14.7294
85 24 14.436
86 24 14.1414
87 24 13.8462
88 24 13.5505
89 24 13.2545
90 24 12.9585
91 24 12.6625
92 24 12.3664
93 24 12.0704
94 24 11.7745
95 24 11.4786
96 24 11.1828
97 24 10.8871
98 24 10.5914
99 24 10.2957
100 24 10

0 25 0
1 25 0
2 25 0
3 25 0
4 25 0
5 25 0
6 25 0
7 25 0
8 25 0
9 25 0
10 25 0
11 25 0
12 25 0
13 25 0
14 25 0
15 25 0
16 25 0
17 25 0
18 25 0
19 25 0
20 25 19.5575
21 25 19.5576
22 25 19.5565
23 25 19.5544
24 25 19.5511
25 25 19.5468
26 25 19.5414
27 25 19.5349
28 25 19.5272
29 25 19.5183
30 25 19.5083
31 25 19.497
32 25 19.4845
33 25 19.4706
34 25 19.4554
35 25 19.4389
36 25 19.4209
37 25 19.4014
38 25 19.3803
39 25 19.3575
40 25 19.3331
41 25 19.3068
42 25 19.2786
43 25 19.2485
44 25 19.2162
45 25 19.1818
46 25 19.1452
47 25 19.1065
48 25 19.0658
49 25 19.0234
50 25 18.98
51 25 18.9362
52 25 18.8923
53 25 18.8482
54 25 18.8038
55 25 18.7585
56 25 18.712
57 25 18.6639
58 25 18.6139
59 25 18.5616
60 25 18.5068
61 25 18.4491
62 25 18.3882
63 25 18.3238
64 25 18.2555
65 25 18.1828
66 25 18.1052
67 25 18.0222
68 25 17.9331
69 25 17.8369
70 25 17.7327
71 25 17.6192
72 25 17.4951
73 25 17.3586
74 25 17.2077
75 25 17.0402
76 25 16.8538
77 25 16.6466
78 25 16.4174
79 25 16.1671
80 25 15.8989
81 25 15.618
82 25 15.3294
83 25 15.0364
84 25 14.741
85 25 14.4446
86 25 14.1477
87 25 13.8507
88 25 13.5537
89 25 13.2568
90 25 12.9602
91 25 12.6636
92 25 12.3672
93 25 12.071
94 25 11.7749
95 25 11.4789
96 25 11.183
97 25 10.8872
98 25 10.5914
99 25 10.2957
100 25 10

0 26 0
1 26 0
2 26 0
3 26 0
4 26 0
5 26 0
6 26 0
7 26 0
8 26 0
9 26 0
10 26 0
11 26 0
12 26 0
13 26 0
14 26 0
15 26 0
16 26 0
17 26 0
18 26 0
19 26 0
20 26 19.5523
21 26 19.5524
22 26 19.5513
23 26 19.5491
24 26 19.5459
25 26 19.5415
26 26 19.536
27 26 19.5293
28 26 19.5215
29 26 19.5126
30 26 19.5024
31 26 19.4909
32 26 19.4782
33 26 19.4642
34 26 19.4487
35 26 19.4319
36 26 19.4136
37 26 19.3937
38 26 19.3722
39 26 19.349
40 26 19.3241
41 26 19.2972
42 26 19.2683
43 26 19.2373
44 26 19.204
45 26 19.1683
46 26 19.1301
47 26 19.0893
48 26 19.0461
49 26 19.0008
50 26 18.9546
51 26 18.9086
52 26 18.8634
53 26 18.8187
54 26 18.774
55 26 18.7287
56 26 18.6823
57 26 18.6344
58 26 18.5844
59 26 18.5322
60 26 18.4775
61 26 18.4199
62 26 18.3591
63 26 18.2948
64 26 18.2268
65 26 18.1544
66 26 18.0774
67 26 17.9952
68 26 17.907
69 26 17.8122
70 26 17.7098
71 26 17.5988
72 26 17.4779
73 26 17.3454
74 26 17.1998
75 26 17.0388
76 26 16.8604
77 26 16.662
78 26 16.4417
79 26 16.1981
80 26 15.932
81 26 15.6476
82 26 15.3531
83 26 15.0542
84 26 14.7541
85 26 14.4539
86 26 14.1543
87 26 13.8554
88 26 13.557
89 26 13.2592
90 26 12.9618
91 26 12.6648
92 26 12.3681
93 26 12.0716
94 26 11.7753
95 26 11.4792
96 26 11.1832
97 26 10.8873
98 26 10.5915
99 26 10.2957
100 26 10

0 27 0
1 27 0
2 27 0
3 27 0
4 27 0
5 27 0
6 27 0
7 27 0
8 27 0
9 27 0
10 27 0
11 27 0
12 27 0
13 27 0
14 27 0
15 27 0
16 27 0
17 27 0
18 27 0
19 27 0
20 27 19.5484
21 27 19.5484
22 27 19.5474
23 27 19.5452
24 27 19.5419
25 27 19.5374
26 27 19.5319
27 27 19.5252
28 27 19.5173
29 27 19.5082
30 27 19.4979
31 27 19.4863
32 27 19.4735
33 27 19.4593
34 27 19.4437
35 27 19.4266
36 27 19.4081
37 27 19.3879
38 27 19.3662
39 27 19.3426
40 27 19.3172
41 27 19.2898
42 27 19.2604
43 27 19.2286
44 27 19.1944
45 27 19.1575
46 27 19.1178
47 27 19.0749
48 27 19.0287
49 27 18.9797
50 27 18.9292
51 27 18.8806
52 27 18.8343
53 27 18.7896
54 27 18.7453
55 27 18.7005
56 27 18.6547
57 27 18.6072
58 27 18.5577
59 27 18.5059
60 27 18.4515
61 27 18.3942
62 27 18.3339
63 27 18.2701
64 27 18.2027
65 27 18.1312
66 27 18.0553
67 27 17.9744
68 27 17.8881
69 27 17.7956
70 27 17.6961
71 27 17.5888
72 27 17.4725
73 27 17.346
74 27 17.2076
75 27 17.0555
76 27 16.8872
77 27 16.6998
78 27 16.4896
79 27 16.2521
80 27 15.9839
81 27 15.6878
82 27 15.3815
83 27 15.0737
84 27 14.7674
85 27 14.463
86 27 14.1606
87 27 13.8597
88 27 13.5601
89 27 13.2613
90 27 12.9633
91 27 12.6658
92 27 12.3688
93 27 12.0721
94 27 11.7757
95 27 11.4795
96 27 11.1834
97 27 10.8874
98 27 10.5916
99 27 10.2958
100 27 10

0 28 0
1 28 0
2 28 0
3 28 0
4 28 0
5 28 0
6 28 0
7 28 0
8 28 0
9 28 0
10 28 0
11 28 0
12 28 0
13 28 0
14 28 0
15 28 0
16 28 0
17 28 0
18 28 0
19 28 0
20 28 19.5458
21 28 19.5458
22 28 19.5447
23 28 19.5425
24 28 19.5392
25 28 19.5348
26 28 19.5292
27 28 19.5224
28 28 19.5145
29 28 19.5053
30 28 19.4949
31 28 19.4833
32 28 19.4703
33 28 19.456
34 28 19.4403
35 28 19.4231
36 28 19.4044
37 28 19.3841
38 28 19.3621
39 28 19.3383
40 28 19.3126
41 28 19.2849
42 28 19.255
43 28 19.2227
44 28 19.1878
45 28 19.15
46 28 19.1089
47 28 19.064
48 28 19.0146
49 28 18.9604
50 28 18.9024
51 28 18.8506
52 28 18.8041
53 28 18.7604
54 28 18.7174
55 28 18.6739
56 28 18.6291
57 28 18.5825
58 28 18.5337
59 28 18.4826
60 28 18.4288
61 28 18.3722
62 28 18.3125
63 28 18.2496
64 28 18.1832
65 28 18.1129
66 28 18.0386
67 28 17.9597
68 28 17.8757
69 28 17.7863
70 28 17.6907
71 28 17.5882
72 28 17.4779
73 28 17.3588
74 28 17.2296
75 28 17.0886
76 28 16.9335
77 28 16.7609
78 28 16.5651
79 28 16.3371
80 28 16.0641
81 28 15.7383
82 28 15.4117
83 28 15.0921
84 28 14.7789
85 28 14.4705
86 28 14.1656
87 28 13.8631
88 28 13.5624
89 28 13.2629
90 28 12.9644
91 28 12.6666
92 28 12.3694
93 28 12.0725
94 28 11.776
95 28 11.4796
96 28 11.1835
97 28 10.8875
98 28 10.5916
99 28 10.2958
100 28 10

0 29 0
1 29 0
2 29 0
3 29 0
4 29 0
5 29 0
6 29 0
7 29 0
8 29 0
9 29 0
10 29 0
11 29 0
12 29 0
13 29 0
14 29 0
15 29 0
16 29 0
17 29 0
18 29 0
19 29 0
20 29 19.5445
21 29 19.5445
22 29 19.5434
23 29 19.5412
24 29 19.5379
25 29 19.5334
26 29 19.5278
27 29 19.521
28 29 19.513
29 29 19.5039
30 29 19.4935
31 29 19.4818
32 29 19.4687
33 29 19.4544
34 29 19.4386
35 29 19.4213
36 29 19.4025
37 29 19.3821
38 29 19.36
39 29 19.3361
40 29 19.3103
41 29 19.2824
42 29 19.2523
43 29 19.2197
44 29 19.1845
45 29 19.1461
46 29 19.1042
47 29 19.0579
48 29 19.0057
49 29 18.9451
50 29 18.8697
51 29 18.8158
52 29 18.7716
53 29 18.7308
54 29 18.6904
55 29 18.649
56 29 18.6057
57 29 18.5604
58 29 18.5126
59 29 18.4624
60 29 18.4094
61 29 18.3536
62 29 18.2949
63 29 18.233
64 29 18.1679
65 29 18.0993
66 29 18.0268
67 29 17.9503
68 29 17.8694
69 29 17.7837
70 29 17.6926
71 29 17.5958
72 29 17.4925
73 29 17.3822
74 29 17.2638
75 29 17.1363
76 29 16.9979
77 29 16.8455
78 29 16.6732
79 29 16.4676
80 29 16.1973
81 29 15.7902
82 29 15.4353
83 29 15.1043
84 29 14.7859
85 29 14.4749
86 29 14.1684
87 29 13.865
88 29 13.5636
89 29 13.2638
90 29 12.965
91 29 12.667
92 29 12.3697
93 29 12.0727
94 29 11.7761
95 29 11.4797
96 29 11.1836
97 29 10.8876
98 29 10.5917
99 29 10.2958
100 29 10

0 30 0
1 30 0
2 30 0
3 30 0
4 30 0
5 30 0
6 30 0
7 30 0
8 30 0
9 30 0
10 30 0
11 30 0
12 30 0
13 30 0
14 30 0
15 30 0
16 30 0
17 30 0
18 30 0
19 30 0
20 30 19.5445
21 30 19.5445
22 30 19.5434
23 30 19.5412
24 30 19.5379
25 30 19.5334
26 30 19.5278
27 30 19.521
28 30 19.513
29 30 19.5039
30 30 19.4935
31 30 19.4818
32 30 19.4687
33 30 19.4544
34 30 19.4386
35 30 19.4213
36 30 19.4025
37 30 19.3821
38 30 19.36
39 30 19.3361
40 30 19.3103
41 30 19.2824
42 30 19.2523
43 30 19.2197
44 30 19.1845
45 30 19.1461
46 30 19.1042
47 30 19.0579
48 30 19.0057
49 30 18.9451
50 30 18.8158
51 30 18.7717
52 30 18.7362
53 30 18.7014
54 30 18.665
55 30 18.6263
56 30 18.585
57 30 18.5411
58 30 18.4946
59 30 18.4453
60 30 18.3933
61 30 18.3385
62 30 18.2808
63 30 18.2203
64 30 18.1567
65 30 18.0898
66 30 18.0197
67 30 17.9459
68 30 17.8684
69 30 17.7868
70 30 17.7008
71 30 17.6103
72 30 17.5148
73 30 17.414
74 30 17.3076
75 30 17.1953
76 30 17.0766
77 30 16.9505
78 30 16.8151
79 30 16.6632
80 30 16.4676
81 30 15.7902
82 30 15.4353
83 30 15.1043
84 30 14.7859
85 30 14.4749
86 30 14.1684
87 30 13.865
88 30 13.5636
89 30 13.2638
90 30 12.965
91 30 12.667
92 30 12.3697
93 30 12.0727
94 30 11.7761
95 30 11.4797
96 30 11.1836
97 30 10.8876
98 30 10.5917
99 30 10.2958
100 30 10

0 31 0
1 31 0
2 31 0
3 31 0
4 31 0
5 31 0
6 31 0
7 31 0
8 31 0
9 31 0
10 31 0
11 31 0
12 31 0
13 31 0
14 31 0
15 31 0
16 31 0
17 31 0
18 31 0
19 31 0
20 31 0
21 31 0
22 31 0
23 31 0
24 31 0
25 31 0
26 31 0
27 31 0
28 31 0
29 31 0
30 31 0
31 31 0
32 31 0
33 31 0
34 31 0
35 31 0
36 31 0
37 31 0
38 31 0
39 31 0
40 31 0
41 31 0
42 31 0
43 31 0
44 31 0
45 31 0
46 31 0
47 31 0
48 31 0
49 31 0
50 31 18.7193
51 31 18.7193
52 31 18.7006
53 31 18.674
54 31 18.6423
55 31 18.6066
56 31 18.5674
57 31 18.5251
58 31 18.4797
59 31 18.4315
60 31 18.3804
61 31 18.3267
62 31 18.2702
63 31 18.211
64 31 18.1491
65 31 18.0843
66 31 18.0166
67 31 17.9458
68 31 17.8719
69 31 17.7947
70 31 17.7142
71 31 17.6302
72 31 17.5427
73 31 17.4519
74 31 17.3579
75 31 17.2613
76 31 17.163
77 31 17.0655
78 31 16.9738
79 31 16.903
80 31 16.903
81 31 0
82 31 0
83 31 0
84 31 0
85 31 0
86 31 0
87 31 0
88 31 0
89 31 0
90 31 0
91 31 0
92 31 0
93 31 0
94 31 0
95 31 0
96 31 0
97 31 0
98 31 0
99 31 0
100 31 0

0 32 0
1 32 0
2 32 0
3 32 0
4 32 0
5 32 0
6 32 0
7 32 0
8 32 0
9 32 0
10 32 0
11 32 0
12 32 0
13 32 0
14 32 0
15 32 0
16 32 0
17 32 0
18 32 0
19 32 0
20 32 0
21 32 0
22 32 0
23 32 0
24 32 0
25 32 0
26 32 0
27 32 0
28 32 0
29 32 0
30 32 0
31 32 0
32 32 0
33 32 0
34 32 0
35 32 0
36 32 0
37 32 0
38 32 0
39 32 0
40 32 0
41 32 0
42 32 0
43 32 0
44 32 0
45 32 0
46 32 0
47 32 0
48 32 0
49 32 0
50 32 18.6861
51 32 18.6861
52 32 18.6736
53 32 18.6521
54 32 18.624
55 32 18.5909
56 32 18.5535
57 32 18.5125
58 32 18.4682
59 32 18.4209
60 32 18.3708
61 32 18.3181
62 32 18.2629
63 32 18.2051
64 32 18.1449
65 32 18.0822
66 32 18.017
67 32 17.9494
68 32 17.8792
69 32 17.8066
70 32 17.7315
71 32 17.6541
72 32 17.5746
73 32 17.4934
74 32 17.4113
75 32 17.3293
76 32 17.2493
77 32 17.1749
78 32 17.1122
79 32 17.0724
80 32 17.0724
81 32 0
82 32 0
83 32 0
84 32 0
85 32 0
86 32 0
87 32 0
88 32 0
89 32 0
90 32 0
91 32 0
92 32 0
93 32 0
94 32 0
95 32 0
96 32 0
97 32 0
98 32 0
99 32 0
100 32 0

0 33 0
1 33 0
2 33 0
3 33 0
4 33 0
5 33 0
6 33 0
7 33 0
8 33 0
9 33 0
10 33 0
11 33 0
12 33 0
13 33 0
14 33 0
15 33 0
16 33 0
17 33 0
18 33 0
19 33 0
20 33 0
21 33 0
22 33 0
23 33 0
24 33 0
25 33 0
26 33 0
27 33 0
28 33 0
29 33 0
30 33 0
31 33 0
32 33 0
33 33 0
34 33 0
35 33 0
36 33 0
37 33 0
38 33 0
39 33 0
40 33 0
41 33 0
42 33 0
43 33 0
44 33 0
45 33 0
46 33 0
47 33 0
48 33 0
49 33 0
50 33 18.666
51 33 18.6661
52 33 18.6559
53 33 18.6372
54 33 18.6114
55 33 18.58
56 33 18.5438
57 33 18.5037
58 33 18.4602
59 33 18.4137
60 33 18.3644
61 33 18.3126
62 33 18.2585
63 33 18.2021
64 33 18.1436
65 33 18.0831
66 33 18.0205
67 33 17.9559
68 33 17.8895
69 33 17.8213
70 33 17.7516
71 33 17.6806
72 33 17.6087
73 33 17.5365
74 33 17.465
75 33 17.3957
76 33 17.3306
77 33 17.2732
78 33 17.2283
79 33 17.2025
80 33 17.2025
81 33 0
82 33 0
83 33 0
84 33 0
85 33 0
86 33 0
87 33 0
88 33 0
89 33 0
90 33 0
91 33 0
92 33 0
93 33 0
94 33 0
95 33 0
96 33 0
97 33 0
98 33 0
99 33 0
100 33 0

0 34 0
1 34 0
2 34 0
3 34 0
4 34 0
5 34 0
6 34 0
7 34 0
8 34 0
9 34 0
10 34 0
11 34 0
12 34 0
13 34 0
14 34 0
15 34 0
16 34 0
17 34 0
18 34 0
19 34 0
20 34 0
21 34 0
22 34 0
23 34 0
24 34 0
25 34 0
26 34 0
27 34 0
28 34 0
29 34 0
30 34 0
31 34 0
32 34 0
33 34 0
34 34 0
35 34 0
36 34 0
37 34 0
38 34 0
39 34 0
40 34 0
41 34 0
42 34 0
43 34 0
44 34 0
45 34 0
46 34 0
47 34 0
48 34 0
49 34 0
50 34 18.6567
51 34 18.6568
52 34 18.6475
53 34 18.6298
54 34 18.605
55 34 18.5743
56 34 18.5386
57 34 18.4989
58 34 18.4558
59 34 18.4097
60 34 18.361
61 34 18.31
62 34 18.2569
63 34 18.2019
64 34 18.145
65 34 18.0865
66 34 18.0264
67 34 17.9649
68 34 17.9021
69 34 17.8382
70 34 17.7736
71 34 17.7085
72 34 17.6435
73 34 17.5794
74 34 17.5172
75 34 17.4583
76 34 17.4049
77 34 17.3595
78 34 17.3256
79 34 17.3072
80 34 17.3072
81 34 0
82 34 0
83 34 0
84 34 0
85 34 0
86 34 0
87 34 0
88 34 0
89 34 0
90 34 0
91 34 0
92 34 0
93 34 0
94 34 0
95 34 0
96 34 0
97 34 0
98 34 0
99 34 0
100 34 0

0 35 0
1 35 0
2 35 0
3 35 0
4 35 0
5 35 0
6 35 0
7 35 0
8 35 0
9 35 0
10 35 0
11 35 0
12 35 0
13 35 0
14 35 0
15 35 0
16 35 0
17 35 0
18 35 0
19 35 0
20 35 0
21 35 0
22 35 0
23 35 0
24 35 0
25 35 0
26 35 0
27 35 0
28 35 0
29 35 0
30 35 0
31 35 0
32 35 0
33 35 0
34 35 0
35 35 0
36 35 0
37 35 0
38 35 0
39 35 0
40 35 0
41 35 0
42 35 0
43 35 0
44 35 0
45 35 0
46 35 0
47 35 0
48 35 0
49 35 0
50 35 18.6572
51 35 18.6573
52 35 18.648
53 35 18.6302
54 35 18.6051
55 35 18.574
56 35 18.5381
57 35 18.4981
58 35 18.4549
59 35 18.4089
60 35 18.3605
61 35 18.3101
62 35 18.2578
63 35 18.204
64 35 18.1487
65 35 18.0921
66 35 18.0344
67 35 17.9757
68 35 17.9163
69 35 17.8565
70 35 17.7965
71 35 17.7368
72 35 17.678
73 35 17.6209
74 35 17.5665
75 35 17.5161
76 35 17.4715
77 35 17.4347
78 35 17.4082
79 35 17.3941
80 35 17.3941
81 35 0
82 35 0
83 35 0
84 35 0
85 35 0
86 35 0
87 35 0
88 35 0
89 35 0
90 35 0
91 35 0
92 35 0
93 35 0
94 35 0
95 35 0
96 35 0
97 35 0
98 35 0
99 35 0
100 35 0

0 36 0
1 36 0
2 36 0
3 36 0
4 36 0
5 36 0
6 36 0
7 36 0
8 36 0
9 36 0
10 36 0
11 36 0
12 36 0
13 36 0
14 36 0
15 36 0
16 36 0
17 36 0
18 36 0
19 36 0
20 36 0
21 36 0
22 36 0
23 36 0
24 36 0
25 36 0
26 36 0
27 36 0
28 36 0
29 36 0
30 36 0
31 36 0
32 36 0
33 36 0
34 36 0
35 36 0
36 36 0
37 36 0
38 36 0
39 36 0
40 36 0
41 36 0
42 36 0
43 36 0
44 36 0
45 36 0
46 36 0
47 36 0
48 36 0
49 36 0
50 36 18.6677
51 36 18.6677
52 36 18.6576
53 36 18.6384
54 36 18.6118
55 36 18.5793
56 36 18.5421
57 36 18.5012
58 36 18.4573
59 36 18.411
60 36 18.3626
61 36 18.3125
62 36 18.2609
63 36 18.2081
64 36 18.1542
65 36 18.0994
66 36 18.0439
67 36 17.9879
68 36 17.9316
69 36 17.8754
70 36 17.8197
71 36 17.7648
72 36 17.7114
73 36 17.6603
74 36 17.6123
75 36 17.5688
76 36 17.5309
77 36 17.5003
78 36 17.4787
79 36 17.4674
80 36 17.4674
81 36 0
82 36 0
83 36 0
84 36 0
85 36 0
86 36 0
87 36 0
88 36 0
89 36 0
90 36 0
91 36 0
92 36 0
93 36 0
94 36 0
95 36 0
96 36 0
97 36 0
98 36 0
99 36 0
100 36 0

0 37 0
1 37 0
2 37 0
3 37 0
4 37 0
5 37 0
6 37 0
7 37 0
8 37 0
9 37 0
10 37 0
11 37 0
12 37 0
13 37 0
14 37 0
15 37 0
16 37 0
17 37 0
18 37 0
19 37 0
20 37 0
21 37 0
22 37 0
23 37 0
24 37 0
25 37 0
26 37 0
27 37 0
28 37 0
29 37 0
30 37 0
31 37 0
32 37 0
33 37 0
34 37 0
35 37 0
36 37 0
37 37 0
38 37 0
39 37 0
40 37 0
41 37 0
42 37 0
43 37 0
44 37 0
45 37 0
46 37 0
47 37 0
48 37 0
49 37 0
50 37 18.689
51 37 18.689
52 37 18.6767
53 37 18.6545
54 37 18.6249
55 37 18.5897
56 37 18.5504
57 37 18.5079
58 37 18.4628
59 37 18.4158
60 37 18.3671
61 37 18.317
62 37 18.2659
63 37 18.2139
64 37 18.1612
65 37 18.1079
66 37 18.0544
67 37 18.0008
68 37 17.9474
69 37 17.8945
70 37 17.8425
71 37 17.7919
72 37 17.7431
73 37 17.697
74 37 17.6544
75 37 17.6162
76 37 17.5835
77 37 17.5576
78 37 17.5394
79 37 17.5301
80 37 17.5301
81 37 0
82 37 0
83 37 0
84 37 0
85 37 0
86 37 0
87 37 0
88 37 0
89 37 0
90 37 0
91 37 0
92 37 0
93 37 0
94 37 0
95 37 0
96 37 0
97 37 0
98 37 0
99 37 0
100 37 0

0 38 0
1 38 0
2 38 0
3 38 0
4 38 0
5 38 0
6 38 0
7 38 0
8 38 0
9 38 0
10 38 0
11 38 0
12 38 0
13 38 0
14 38 0
15 38 0
16 38 0
17 38 0
18 38 0
19 38 0
20 38 0
21 38 0
22 38 0
23 38 0
24 38 0
25 38 0
26 38 0
27 38 0
28 38 0
29 38 0
30 38 0
31 38 0
32 38 0
33 38 0
34 38 0
35 38 0
36 38 0
37 38 0
38 38 0
39 38 0
40 38 0
41 38 0
42 38 0
43 38 0
44 38 0
45 38 0
46 38 0
47 38 0
48 38 0
49 38 0
50 38 18.7232
51 38 18.7233
52 38 18.7065
53 38 18.6788
54 38 18.6442
55 38 18.605
56 38 18.5625
57 38 18.5176
58 38 18.4709
59 38 18.4227
60 38 18.3734
61 38 18.3232
62 38 18.2723
63 38 18.2209
64 38 18.1692
65 38 18.1174
66 38 18.0656
67 38 18.0142
68 38 17.9633
69 38 17.9133
70 38 17.8646
71 38 17.8176
72 38 17.7728
73 38 17.7309
74 38 17.6926
75 38 17.6587
76 38 17.63
77 38 17.6075
78 38 17.592
79 38 17.584
80 38 17.584
81 38 0
82 38 0
83 38 0
84 38 0
85 38 0
86 38 0
87 38 0
88 38 0
89 38 0
90 38 0
91 38 0
92 38 0
93 38 0
94 38 0
95 38 0
96 38 0
97 38 0
98 38 0
99 38 0
100 38 0

0 39 0
1 39 0
2 39 0
3 39 0
4 39 0
5 39 0
6 39 0
7 39 0
8 39 0
9 39 0
10 39 0
11 39 0
12 39 0
13 39 0
14 39 0
15 39 0
16 39 0
17 39 0
18 39 0
19 39 0
20 39 0
21 39 0
22 39 0
23 39 0
24 39 0
25 39 0
26 39 0
27 39 0
28 39 0
29 39 0
30 39 0
31 39 0
32 39 0
33 39 0
34 39 0
35 39 0
36 39 0
37 39 0
38 39 0
39 39 0
40 39 0
41 39 0
42 39 0
43 39 0
44 39 0
45 39 0
46 39 0
47 39 0
48 39 0
49 39 0
50 39 18.775
51 39 18.775
52 39 18.7477
53 39 18.7105
54 39 18.6686
55 39 18.6241
56 39 18.5776
57 39 18.5299
58 39 18.4811
59 39 18.4315
60 39 18.3813
61 39 18.3307
62 39 18.2799
63 39 18.2289
64 39 18.178
65 39 18.1274
66 39 18.0771
67 39 18.0275
68 39 17.9789
69 39 17.9314
70 39 17.8855
71 39 17.8416
72 39 17.8002
73 39 17.7618
74 39 17.727
75 39 17.6965
76 39 17.671
77 39 17.6511
78 39 17.6375
79 39 17.6305
80 39 17.6305
81 39 0
82 39 0
83 39 0
84 39 0
85 39 0
86 39 0
87 39 0
88 39 0
89 39 0
90 39 0
91 39 0
92 39 0
93 39 0
94 39 0
95 39 0
96 39 0
97 39 0
98 39 0
99 39 0
100 39 0

0 40 25
1 40 24.8727
2 40 24.7455
3 40 24.6183
4 40 24.4912
5 40 24.3642
6 40 24.2374
7 40 24.1107
8 40 23.9842
9 40 23.8579
10 40 23.7319
11 40 23.6061
12 40 23.4806
13 40 23.3555
14 40 23.2307
15 40 23.1062
16 40 22.9822
17 40 22.8585
18 40 22.7353
19 40 22.6126
20 40 22.4903
21 40 22.3686
22 40 22.2473
23 40 22.1266
24 40 22.0064
25 40 21.8869
26 40 21.7679
27 40 21.6495
28 40 21.5317
29 40 21.4146
30 40 21.2981
31 40 21.1823
32 40 21.0671
33 40 20.9526
34 40 20.8388
35 40 20.7257
36 40 20.6132
37 40 20.5014
38 40 20.3903
39 40 20.2797
40 40 20.1698
41 40 20.0603
42 40 19.9512
43 40 19.8424
44 40 19.7335
45 40 19.6243
46 40 19.5141
47 40 19.4018
48 40 19.2855
49 40 19.1609
50 40 18.9226
51 40 18.8548
52 40 18.7995
53 40 18.7475
54 40 18.6965
55 40 18.6456
56 40 18.5948
57 40 18.5438
58 40 18.4926
59 40 18.4415
60 40 18.3903
61 40 18.3391
62 40 18.2882
63 40 18.2375
64 40 18.1872
65 40 18.1375
66 40 18.0886
67 40 18.0406
68 40 17.9939
69 40 17.9486
70 40 17.9051
71 40 17.8639
72 40 17.8252
73 40 17.7897
74 40 17.7577
75 40 17.73
76 40 17.7069
77 40 17.6891
78 40 17.6769
79 40 17.6707
80 40 17.6707
81 40 0
82 40 0
83 40 0
84 40 0
85 40 0
86 40 0
87 40 0
88 40 0
89 40 0
90 40 0
91 40 0
92 40 0
93 40 0
94 40 0
95 40 0
96 40 0
97 40 0
98 40 0
99 40 0
100 40 0

0 41 25
1 41 24.8727
2 41 24.7455
3 41 24.6183
4 41 24.4912
5 41 24.3642
6 41 24.2374
7 41 24.1107
8 41 23.9842
9 41 23.8579
10 41 23.7319
11 41 23.6061
12 41 23.4807
13 41 23.3555
14 41 23.2307
15 41 23.1063
16 41 22.9822
17 41 22.8586
18 41 22.7354
19 41 22.6126
20 41 22.4904
21 41 22.3686
22 41 22.2474
23 41 22.1266
24 41 22.0065
25 41 21.8869
26 41 21.7679
27 41 21.6495
28 41 21.5318
29 41 21.4146
30 41 21.2982
31 41 21.1823
32 41 21.0672
33 41 20.9527
34 41 20.8389
35 41 20.7257
36 41 20.6133
37 41 20.5015
38 41 20.3903
39 41 20.2798
40 41 20.1698
41 41 20.0603
42 41 19.9513
43 41 19.8424
44 41 19.7336
45 41 19.6244
46 41 19.5141
47 41 19.4019
48 41 19.2856
49 41 19.161
50 41 19.0179
51 41 18.9227
52 41 18.8486
53 41 18.7843
54 41 18.7248
55 41 18.6679
56 41 18.6126
57 41 18.5584
58 41 18.5049
59 41 18.4521
60 41 18.3997
61 41 18.348
62 41 18.2968
63 41 18.2463
64 41 18.1965
65 41 18.1476
66 41 18.0997
67 41 18.0531
68 41 18.008
69 41 17.9645
70 41 17.9231
71 41 17.8841
72 41 17.8477
73 41 17.8145
74 41 17.7849
75 41 17.7593
76 41 17.7382
77 41 17.722
78 41 17.7109
79 41 17.7053
80 41 17.7053
81 41 0
82 41 0
83 41 0
84 41 0
85 41 0
86 41 0
87 41 0
88 41 0
89 41 0
90 41 0
91 41 0
92 41 0
93 41 0
94 41 0
95 41 0
96 41 0
97 41 0
98 41 0
99 41 0
100 41 0

0 42 25
1 42 24.8727
2 42 24.7455
3 42 24.6183
4 42 24.4912
5 42 24.3642
6 42 24.2374
7 42 24.1107
8 42 23.9842
9 42 23.858
10 42 23.7319
11 42 23.6062
12 42 23.4807
13 42 23.3555
14 42 23.2307
15 42 23.1063
16 42 22.9823
17 42 22.8586
18 42 22.7354
19 42 22.6127
20 42 22.4904
21 42 22.3686
22 42 22.2474
23 42 22.1267
24 42 22.0065
25 42 21.887
26 42 21.768
27 42 21.6496
28 42 21.5318
29 42 21.4147
30 42 21.2982
31 42 21.1824
32 42 21.0672
33 42 20.9528
34 42 20.839
35 42 20.7258
36 42 20.6134
37 42 20.5016
38 42 20.3905
39 42 20.28
40 42 20.1701
41 42 20.0607
42 42 19.9518
43 42 19.8432
44 42 19.7348
45 42 19.6261
46 42 19.517
47 42 19.4067
48 42 19.2946
49 42 19.1802
50 42 19.0662
51 42 18.9701
52 42 18.8887
53 42 18.8168
54 42 18.7511
55 42 18.6893
56 42 18.6301
57 42 18.573
58 42 18.5173
59 42 18.4628
60 42 18.4093
61 42 18.3569
62 42 18.3054
63 42 18.2549
64 42 18.2055
65 42 18.1572
66 42 18.1103
67 42 18.0648
68 42 18.021
69 42 17.9791
70 42 17.9394
71 42 17.9021
72 42 17.8677
73 42 17.8365
74 42 17.8087
75 42 17.7849
76 42 17.7653
77 42 17.7503
78 42 17.7401
79 42 17.735
80 42 17.735
81 42 0
82 42 0
83 42 0
84 42 0
85 42 0
86 42 0
87 42 0
88 42 0
89 42 0
90 42 0
91 42 0
92 42 0
93 42 0
94 42 0
95 42 0
96 42 0
97 42 0
98 42 0
99 42 0
100 42 0

0 43 25
1 43 24.8727
2 43 24.7455
3 43 24.6183
4 43 24.4912
5 43 24.3643
6 43 24.2374
7 43 24.1107
8 43 23.9842
9 43 23.858
10 43 23.7319
11 43 23.6062
12 43 23.4807
13 43 23.3556
14 43 23.2308
15 43 23.1063
16 43 22.9823
17 43 22.8586
18 43 22.7354
19 43 22.6127
20 43 22.4904
21 43 22.3687
22 43 22.2474
23 43 22.1267
24 43 22.0066
25 43 21.887
26 43 21.768
27 43 21.6496
28 43 21.5319
29 43 21.4148
30 43 21.2983
31 43 21.1825
32 43 21.0673
33 43 20.9528
34 43 20.8391
35 43 20.726
36 43 20.6136
37 43 20.5018
38 43 20.3908
39 43 20.2804
40 43 20.1706
41 43 20.0614
42 43 19.9528
43 43 19.8446
44 43 19.7368
45 43 19.6292
46 43 19.5217
47 43 19.4141
48 43 19.3066
49 43 19.2
50 43 19.097
51 43 19.0035
52 43 18.9198
53 43 18.844
54 43 18.7741
55 43 18.7086
56 43 18.6464
57 43 18.5867
58 43 18.529
59 43 18.4731
60 43 18.4186
61 43 18.3655
62 43 18.3137
63 43 18.2631
64 43 18.214
65 43 18.1662
66 43 18.12
67 43 18.0754
68 43 18.0327
69 43 17.9921
70 43 17.9538
71 43 17.9181
72 43 17.8852
73 43 17.8555
74 43 17.8292
75 43 17.8068
76 43 17.7884
77 43 17.7744
78 43 17.7649
79 43 17.7601
80 43 17.7601
81 43 0
82 43 0
83 43 0
84 43 0
85 43 0
86 43 0
87 43 0
88 43 0
89 43 0
90 43 0
91 43 0
92 43 0
93 43 0
94 43 0
95 43 0
96 43 0
97 43 0
98 43 0
99 43 0
100 43 0

0 44 25
1 44 24.8727
2 44 24.7455
3 44 24.6183
4 44 24.4912
5 44 24.3643
6 44 24.2374
7 44 24.1108
8 44 23.9843
9 44 23.858
10 44 23.732
11 44 23.6062
12 44 23.4807
13 44 23.3556
14 44 23.2308
15 44 23.1064
16 44 22.9823
17 44 22.8587
18 44 22.7355
19 44 22.6127
20 44 22.4905
21 44 22.3687
22 44 22.2475
23 44 22.1268
24 44 22.0066
25 44 21.887
26 44 21.7681
27 44 21.6497
28 44 21.5319
29 44 21.4148
30 44 21.2983
31 44 21.1825
32 44 21.0674
33 44 20.9529
34 44 20.8392
35 44 20.7261
36 44 20.6137
37 44 20.5021
38 44 20.3911
39 44 20.2808
40 44 20.1713
41 44 20.0623
42 44 19.9541
43 44 19.8464
44 44 19.7394
45 44 19.633
46 44 19.5271
47 44 19.4221
48 44 19.3183
49 44 19.2167
50 44 19.1192
51 44 19.0279
52 44 18.9437
53 44 18.8659
54 44 18.7934
55 44 18.7253
56 44 18.6608
57 44 18.5991
58 44 18.5398
59 44 18.4826
60 44 18.4271
61 44 18.3734
62 44 18.3213
63 44 18.2707
64 44 18.2217
65 44 18.1743
66 44 18.1287
67 44 18.0849
68 44 18.0431
69 44 18.0035
70 44 17.9663
71 44 17.9318
72 44 17.9001
73 44 17.8716
74 44 17.8466
75 44 17.8252
76 44 17.8078
77 44 17.7945
78 44 17.7856
79 44 17.7811
80 44 17.7811
81 44 0
82 44 0
83 44 0
84 44 0
85 44 0
86 44 0
87 44 0
88 44 0
89 44 0
90 44 0
91 44 0
92 44 0
93 44 0
94 44 0
95 44 0
96 44 0
97 44 0
98 44 0
99 44 0
100 44 0

0 45 25
1 45 24.8727
2 45 24.7455
3 45 24.6183
4 45 24.4913
5 45 24.3643
6 45 24.2374
7 45 24.1108
8 45 23.9843
9 45 23.858
10 45 23.732
11 45 23.6062
12 45 23.4808
13 45 23.3556
14 45 23.2308
15 45 23.1064
16 45 22.9823
17 45 22.8587
18 45 22.7355
19 45 22.6128
20 45 22.4905
21 45 22.3687
22 45 22.2475
23 45 22.1268
24 45 22.0067
25 45 21.8871
26 45 21.7681
27 45 21.6497
28 45 21.532
29 45 21.4149
30 45 21.2984
31 45 21.1826
32 45 21.0675
33 45 20.953
34 45 20.8393
35 45 20.7263
36 45 20.6139
37 45 20.5024
38 45 20.3915
39 45 20.2814
40 45 20.172
41 45 20.0633
42 45 19.9555
43 45 19.8484
44 45 19.7421
45 45 19.6368
46 45 19.5325
47 45 19.4297
48 45 19.3286
49 45 19.2302
50 45 19.1357
51 45 19.046
52 45 18.9619
53 45 18.8831
54 45 18.8091
55 45 18.7392
56 45 18.6729
57 45 18.6097
58 45 18.5491
59 45 18.4909
60 45 18.4347
61 45 18.3804
62 45 18.328
63 45 18.2773
64 45 18.2284
65 45 18.1813
66 45 18.1361
67 45 18.0929
68 45 18.0519
69 45 18.0131
70 45 17.9768
71 45 17.9432
72 45 17.9126
73 45 17.885
74 45 17.8609
75 45 17.8404
76 45 17.8237
77 45 17.811
78 45 17.8025
79 45 17.7982
80 45 17.7982
81 45 0
82 45 0
83 45 0
84 45 0
85 45 0
86 45 0
87 45 0
88 45 0
89 45 0
90 45 0
91 45 0
92 45 0
93 45 0
94 45 0
95 45 0
96 45 0
97 45 0
98 45 0
99 45 0
100 45 0

0 46 25
1 46 24.8727
2 46 24.7455
3 46 24.6183
4 46 24.4913
5 46 24.3643
6 46 24.2374
7 46 24.1108
8 46 23.9843
9 46 23.858
10 46 23.732
11 46 23.6062
12 46 23.4808
13 46 23.3556
14 46 23.2308
15 46 23.1064
16 46 22.9824
17 46 22.8587
18 46 22.7355
19 46 22.6128
20 46 22.4905
21 46 22.3688
22 46 22.2475
23 46 22.1268
24 46 22.0067
25 46 21.8871
26 46 21.7681
27 46 21.6498
28 46 21.532
29 46 21.4149
30 46 21.2985
31 46 21.1827
32 46 21.0676
33 46 20.9531
34 46 20.8394
35 46 20.7264
36 46 20.6141
37 46 20.5026
38 46 20.3918
39 46 20.2818
40 46 20.1726
41 46 20.0643
42 46 19.9568
43 46 19.8502
44 46 19.7447
45 46 19.6403
46 46 19.5373
47 46 19.4361
48 46 19.337
49 46 19.2407
50 46 19.1479
51 46 19.0594
52 46 18.9755
53 46 18.8962
54 46 18.8212
55 46 18.7502
56 46 18.6828
57 46 18.6184
58 46 18.5569
59 46 18.4978
60 46 18.441
61 46 18.3863
62 46 18.3336
63 46 18.2829
64 46 18.234
65 46 18.1872
66 46 18.1423
67 46 18.0995
68 46 18.059
69 46 18.0208
70 46 17.9853
71 46 17.9524
72 46 17.9225
73 46 17.8957
74 46 17.8723
75 46 17.8524
76 46 17.8363
77 46 17.824
78 46 17.8158
79 46 17.8116
80 46 17.8116
81 46 0
82 46 0
83 46 0
84 46 0
85 46 0
86 46 0
87 46 0
88 46 0
89 46 0
90 46 0
91 46 0
92 46 0
93 46 0
94 46 0
95 46 0
96 46 0
97 46 0
98 46 0
99 46 0
100 46 0

0 47 25
1 47 24.8727
2 47 24.7455
3 47 24.6184
4 47 24.4913
5 47 24.3643
6 47 24.2375
7 47 24.1108
8 47 23.9843
9 47 23.858
10 47 23.732
11 47 23.6062
12 47 23.4808
13 47 23.3556
14 47 23.2308
15 47 23.1064
16 47 22.9824
17 47 22.8587
18 47 22.7355
19 47 22.6128
20 47 22.4905
21 47 22.3688
22 47 22.2475
23 47 22.1268
24 47 22.0067
25 47 21.8871
26 47 21.7682
27 47 21.6498
28 47 21.532
29 47 21.4149
30 47 21.2985
31 47 21.1827
32 47 21.0676
33 47 20.9532
34 47 20.8395
35 47 20.7265
36 47 20.6143
37 47 20.5028
38 47 20.3922
39 47 20.2823
40 47 20.1732
41 47 20.0651
42 47 19.9579
43 47 19.8518
44 47 19.7468
45 47 19.6432
46 47 19.5411
47 47 19.441
48 47 19.3432
49 47 19.2483
50 47 19.1566
51 47 19.0689
52 47 18.9852
53 47 18.9056
54 47 18.8301
55 47 18.7584
56 47 18.6901
57 47 18.625
58 47 18.5628
59 47 18.5031
60 47 18.4459
61 47 18.3909
62 47 18.338
63 47 18.2871
64 47 18.2384
65 47 18.1916
66 47 18.147
67 47 18.1046
68 47 18.0644
69 47 18.0267
70 47 17.9916
71 47 17.9593
72 47 17.9299
73 47 17.9037
74 47 17.8807
75 47 17.8613
76 47 17.8456
77 47 17.8336
78 47 17.8256
79 47 17.8216
80 47 17.8216
81 47 0
82 47 0
83 47 0
84 47 0
85 47 0
86 47 0
87 47 0
88 47 0
89 47 0
90 47 0
91 47 0
92 47 0
93 47 0
94 47 0
95 47 0
96 47 0
97 47 0
98 47 0
99 47 0
100 47 0

0 48 25
1 48 24.8727
2 48 24.7455
3 48 24.6184
4 48 24.4913
5 48 24.3643
6 48 24.2375
7 48 24.1108
8 48 23.9843
9 48 23.858
10 48 23.732
11 48 23.6063
12 48 23.4808
13 48 23.3557
14 48 23.2309
15 48 23.1064
16 48 22.9824
17 48 22.8587
18 48 22.7356
19 48 22.6128
20 48 22.4906
21 48 22.3688
22 48 22.2476
23 48 22.1269
24 48 22.0067
25 48 21.8871
26 48 21.7682
27 48 21.6498
28 48 21.5321
29 48 21.415
30 48 21.2985
31 48 21.1827
32 48 21.0677
33 48 20.9533
34 48 20.8396
35 48 20.7266
36 48 20.6144
37 48 20.503
38 48 20.3924
39 48 20.2826
40 48 20.1737
41 48 20.0657
42 48 19.9587
43 48 19.8529
44 48 19.7483
45 48 19.6452
46 48 19.5438
47 48 19.4444
48 48 19.3474
49 48 19.2532
50 48 19.1623
51 48 19.0749
52 48 18.9914
53 48 18.9118
54 48 18.836
55 48 18.7638
56 48 18.695
57 48 18.6294
58 48 18.5668
59 48 18.5067
60 48 18.4492
61 48 18.394
62 48 18.3409
63 48 18.2901
64 48 18.2413
65 48 18.1946
66 48 18.1502
67 48 18.1079
68 48 18.0681
69 48 18.0307
70 48 17.9959
71 48 17.9639
72 48 17.9348
73 48 17.909
74 48 17.8864
75 48 17.8672
76 48 17.8517
77 48 17.84
78 48 17.8321
79 48 17.8282
80 48 17.8282
81 48 0
82 48 0
83 48 0
84 48 0
85 48 0
86 48 0
87 48 0
88 48 0
89 48 0
90 48 0
91 48 0
92 48 0
93 48 0
94 48 0
95 48 0
96 48 0
97 48 0
98 48 0
99 48 0
100 48 0

0 49 25
1 49 24.8727
2 49 24.7455
3 49 24.6184
4 49 24.4913
5 49 24.3643
6 49 24.2375
7 49 24.1108
8 49 23.9843
9 49 23.858
10 49 23.732
11 49 23.6063
12 49 23.4808
13 49 23.3557
14 49 23.2309
15 49 23.1064
16 49 22.9824
17 49 22.8588
18 49 22.7356
19 49 22.6128
20 49 22.4906
21 49 22.3688
22 49 22.2476
23 49 22.1269
24 49 22.0067
25 49 21.8872
26 49 21.7682
27 49 21.6498
28 49 21.5321
29 49 21.415
30 49 21.2985
31 49 21.1828
32 49 21.0677
33 49 20.9533
34 49 20.8396
35 49 20.7267
36 49 20.6145
37 49 20.5031
38 49 20.3925
39 49 20.2828
40 49 20.1739
41 49 20.066
42 49 19.9591
43 49 19.8534
44 49 19.7491
45 49 19.6462
46 49 19.5451
47 49 19.4461
48 49 19.3495
49 49 19.2557
50 49 19.165
51 49 19.0779
52 49 18.9945
53 49 18.9148
54 49 18.8388
55 49 18.7665
56 49 18.6975
57 49 18.6317
58 49 18.5688
59 49 18.5086
60 49 18.4509
61 49 18.3955
62 49 18.3424
63 49 18.2915
64 49 18.2428
65 49 18.1962
66 49 18.1518
67 49 18.1096
68 49 18.0699
69 49 18.0326
70 49 17.998
71 49 17.9662
72 49 17.9373
73 49 17.9116
74 49 17.8892
75 49 17.8702
76 49 17.8548
77 49 17.8432
78 49 17.8354
79 49 17.8314
80 49 17.8314
81 49 0
82 49 0
83 49 0
84 49 0
85 49 0
86 49 0
87 49 0
88 49 0
89 49 0
90 49 0
91 49 0
92 49 0
93 49 0
94 49 0
95 49 0
96 49 0
97 49 0
98 49 0
99 49 0
100 49 0

0 50 25
1 50 24.8727
2 50 24.7455
3 50 24.6184
4 50 24.4913
5 50 24.3643
6 50 24.2375
7 50 24.1108
8 50 23.9843
9 50 23.858
10 50 23.732
11 50 23.6063
12 50 23.4808
13 50 23.3557
14 50 23.2309
15 50 23.1064
16 50 22.9824
17 50 22.8588
18 50 22.7356
19 50 22.6128
20 50 22.4906
21 50 22.3688
22 50 22.2476
23 50 22.1269
24 50 22.0067
25 50 21.8872
26 50 21.7682
27 50 21.6498
28 50 21.5321
29 50 21.415
30 50 21.2985
31 50 21.1828
32 50 21.0677
33 50 20.9533
34 50 20.8396
35 50 20.7267
36 50 20.6145
37 50 20.5031
38 50 20.3925
39 50 20.2828
40 50 20.1739
41 50 20.066
42 50 19.9591
43 50 19.8534
44 50 19.7491
45 50 19.6462
46 50 19.5451
47 50 19.4461
48 50 19.3495
49 50 19.2557
50 50 19.165
51 50 19.0779
52 50 18.9945
53 50 18.9148
54 50 18.8388
55 50 18.7665
56 50 18.6975
57 50 18.6317
58 50 18.5688
59 50 18.5086
60 50 18.4509
61 50 18.3955
62 50 18.3424
63 50 18.2915
64 50 18.2428
65 50 18.1962
66 50 18.1518
67 50 18.1096
68 50 18.0699
69 50 18.0326
70 50 17.998
71 50 17.9662
72 50 17.9373
73 50 17.9116
74 50 17.8892
75 50 17.8702
76 50 17.8548
77 50 17.8432
78 50 17.8354
79 50 17.8314
80 50 17.8314
81 50 0
82 50 0
83 50 0
84 50 0
85 50 0
86 50 0
87 50 0
88 50 0
89 50 0
90 50 0
91 50 0
92 50 0
93 50 0
94 50 0
95 50 0
96 50 0
97 50 0
98 50 0
99 50 0
100 50 0

