0 0 0
1 0 0
2 0 0
3 0 0
4 0 0
5 0 0
6 0 0
7 0 0
8 0 0
9 0 0
10 0 0
11 0 0
12 0 0
13 0 0
14 0 0
15 0 0
16 0 0
17 0 0
18 0 0
19 0 0
20 0 19.802
21 0 20
22 0 20
23 0 20
24 0 20
25 0 20
26 0 20
27 0 20
28 0 20
29 0 20
30 0 20
31 0 20
32 0 20
33 0 20
34 0 20
35 0 20
36 0 20
37 0 20
38 0 20
39 0 20
40 0 20
41 0 20
42 0 20
43 0 20
44 0 20
45 0 20
46 0 20
47 0 20
48 0 20
49 0 20
50 0 20
51 0 20
52 0 20
53 0 20
54 0 20
55 0 20
56 0 20
57 0 20
58 0 20
59 0 20
60 0 20
61 0 20
62 0 20
63 0 20
64 0 20
65 0 20
66 0 20
67 0 20
68 0 20
69 0 20
70 0 20
71 0 20
72 0 20
73 0 20
74 0 20
75 0 20
76 0 20
77 0 20
78 0 20
79 0 20
80 0 19.802
81 0 0
82 0 0
83 0 0
84 0 0
85 0 0
86 0 0
87 0 0
88 0 0
89 0 0
90 0 0
91 0 0
92 0 0
93 0 0
94 0 0
95 0 0
96 0 0
97 0 0
98 0 0
99 0 0
100 0 0

0 1 0
1 1 0
2 1 0
3 1 0
4 1 0
5 1 0
6 1 0
7 1 0
8 1 0
9 1 0
10 1 0
11 1 0
12 1 0
13 1 0
14 1 0
15 1 0
16 1 0
17 1 0
18 1 0
19 1 0
20 1 19.1991
21 1 19.3911
22 1 19.4849
23 1 19.5399
24 1 19.5768
25 1 19.6038
26 1 19.6246
27 1 19.6412
28 1 19.6549
29 1 19.6663
30 1 19.6759
31 1 19.6841
32 1 19.691
33 1 19.697
34 1 19.702
35 1 19.7063
36 1 19.7099
37 1 19.7129
38 1 19.7153
39 1 19.7172
40 1 19.7186
41 1 19.7196
42 1 19.7202
43 1 19.7204
44 1 19.7202
45 1 19.7197
46 1 19.7189
47 1 19.7178
48 1 19.7164
49 1 19.7147
50 1 19.7128
51 1 19.7106
52 1 19.7081
53 1 19.7053
54 1 19.7023
55 1 19.6991
56 1 19.6955
57 1 19.6917
58 1 19.6876
59 1 19.6832
60 1 19.6784
61 1 19.6733
62 1 19.6679
63 1 19.662
64 1 19.6556
65 1 19.6488
66 1 19.6414
67 1 19.6333
68 1 19.6245
69 1 19.6149
70 1 19.6043
71 1 19.5924
72 1 19.579
73 1 19.5636
74 1 19.5455
75 1 19.5235
76 1 19.4958
77 1 19.4586
78 1 19.4035
79 1 19.3101
80 1 19.1189
81 1 0
82 1 0
83 1 0
84 1 0
85 1 0
86 1 0
87 1 0
88 1 0
89 1 0
90 1 0
91 1 0
92 1 0
93 1 0
94 1 0
95 1 0
96 1 0
97 1 0
98 1 0
99 1 0
100 1 0

0 2 0
1 2 0
2 2 0
3 2 0
4 2 0
5 2 0
6 2 0
7 2 0
8 2 0
9 2 0
10 2 0
11 2 0
12 2 0
13 2 0
14 2 0
15 2 0
16 2 0
17 2 0
18 2 0
19 2 0
20 2 18.6935
21 2 18.8804
22 2 19.0085
23 2 19.0981
24 2 19.1636
25 2 19.2137
26 2 19.2533
27 2 19.2854
28 2 19.312
29 2 19.3344
30 2 19.3533
31 2 19.3694
32 2 19.3831
33 2 19.3948
34 2 19.4048
35 2 19.4133
36 2 19.4204
37 2 19.4263
38 2 19.431
39 2 19.4348
40 2 19.4376
41 2 19.4395
42 2 19.4407
43 2 19.4411
44 2 19.4408
45 2 19.4398
46 2 19.4381
47 2 19.4359
48 2 19.4331
49 2 19.4297
50 2 19.4258
51 2 19.4214
52 2 19.4164
53 2 19.4109
54 2 19.405
55 2 19.3984
56 2 19.3914
57 2 19.3837
58 2 19.3755
59 2 19.3667
60 2 19.3573
61 2 19.3471
62 2 19.3362
63 2 19.3244
64 2 19.3118
65 2 19.2981
66 2 19.2834
67 2 19.2674
68 2 19.2499
69 2 19.2308
70 2 19.2098
71 2 19.1863
72 2 19.1599
73 2 19.1298
74 2 19.0948
75 2 19.0529
76 2 19.0013
77 2 18.9349
78 2 18.8454
79 2 18.7181
80 2 18.5328
81 2 0
82 2 0
83 2 0
84 2 0
85 2 0
86 2 0
87 2 0
88 2 0
89 2 0
90 2 0
91 2 0
92 2 0
93 2 0
94 2 0
95 2 0
96 2 0
97 2 0
98 2 0
99 2 0
100 2 0

0 3 0
1 3 0
2 3 0
3 3 0
4 3 0
5 3 0
6 3 0
7 3 0
8 3 0
9 3 0
10 3 0
11 3 0
12 3 0
13 3 0
14 3 0
15 3 0
16 3 0
17 3 0
18 3 0
19 3 0
20 3 18.2462
21 3 18.4286
22 3 18.5707
23 3 18.6802
24 3 18.7658
25 3 18.834
26 3 18.8894
27 3 18.9352
28 3 18.9735
29 3 19.0059
30 3 19.0334
31 3 19.057
32 3 19.0772
33 3 19.0944
34 3 19.1092
35 3 19.1217
36 3 19.1321
37 3 19.1408
38 3 19.1479
39 3 19.1534
40 3 19.1575
41 3 19.1604
42 3 19.162
43 3 19.1625
44 3 19.162
45 3 19.1605
46 3 19.158
47 3 19.1546
48 3 19.1504
49 3 19.1453
50 3 19.1394
51 3 19.1328
52 3 19.1253
53 3 19.1171
54 3 19.1081
55 3 19.0983
56 3 19.0878
57 3 19.0764
58 3 19.0641
59 3 19.0509
60 3 19.0368
61 3 19.0216
62 3 19.0053
63 3 18.9878
64 3 18.9689
65 3 18.9486
66 3 18.9266
67 3 18.9029
68 3 18.877
69 3 18.8487
70 3 18.8176
71 3 18.7832
72 3 18.7447
73 3 18.7011
74 3 18.6509
75 3 18.592
76 3 18.5214
77 3 18.4346
78 3 18.325
79 3 18.1841
80 3 18.0041
81 3 0
82 3 0
83 3 0
84 3 0
85 3 0
86 3 0
87 3 0
88 3 0
89 3 0
90 3 0
91 3 0
92 3 0
93 3 0
94 3 0
95 3 0
96 3 0
97 3 0
98 3 0
99 3 0
100 3 0

0 4 0
1 4 0
2 4 0
3 4 0
4 4 0
5 4 0
6 4 0
7 4 0
8 4 0
9 4 0
10 4 0
11 4 0
12 4 0
13 4 0
14 4 0
15 4 0
16 4 0
17 4 0
18 4 0
19 4 0
20 4 17.8389
21 4 18.0173
22 4 18.1653
23 4 18.2864
24 4 18.3855
25 4 18.4672
26 4 18.5353
27 4 18.5925
28 4 18.6409
29 4 18.6822
30 4 18.7176
31 4 18.7481
32 4 18.7742
33 4 18.7966
34 4 18.8158
35 4 18.8321
36 4 18.8457
37 4 18.857
38 4 18.8662
39 4 18.8734
40 4 18.8787
41 4 18.8824
42 4 18.8845
43 4 18.8851
44 4 18.8843
45 4 18.8821
46 4 18.8788
47 4 18.8742
48 4 18.8685
49 4 18.8617
50 4 18.8538
51 4 18.8449
52 4 18.835
53 4 18.8241
54 4 18.8121
55 4 18.7991
56 4 18.7851
57 4 18.7699
58 4 18.7536
59 4 18.7361
60 4 18.7174
61 4 18.6973
62 4 18.6757
63 4 18.6525
64 4 18.6276
65 4 18.6007
66 4 18.5718
67 4 18.5405
68 4 18.5065
69 4 18.4695
70 4 18.4289
71 4 18.3842
72 4 18.3346
73 4 18.2789
74 4 18.2157
75 4 18.1429
76 4 18.0579
77 4 17.957
78 4 17.8358
79 4 17.6894
80 4 17.5142
81 4 0
82 4 0
83 4 0
84 4 0
85 4 0
86 4 0
87 4 0
88 4 0
89 4 0
90 4 0
91 4 0
92 4 0
93 4 0
94 4 0
95 4 0
96 4 0
97 4 0
98 4 0
99 4 0
100 4 0

0 5 0
1 5 0
2 5 0
3 5 0
4 5 0
5 5 0
6 5 0
7 5 0
8 5 0
9 5 0
10 5 0
11 5 0
12 5 0
13 5 0
14 5 0
15 5 0
16 5 0
17 5 0
18 5 0
19 5 0
20 5 17.4619
21 5 17.6365
22 5 17.7868
23 5 17.9145
24 5 18.0226
25 5 18.1142
26 5 18.192
27 5 18.2585
28 5 18.3155
29 5 18.3645
30 5 18.4069
31 5 18.4434
32 5 18.475
33 5 18.5021
34 5 18.5253
35 5 18.5451
36 5 18.5617
37 5 18.5754
38 5 18.5865
39 5 18.5952
40 5 18.6017
41 5 18.606
42 5 18.6084
43 5 18.609
44 5 18.6079
45 5 18.6051
46 5 18.6008
47 5 18.595
48 5 18.5878
49 5 18.5792
50 5 18.5693
51 5 18.5582
52 5 18.5457
53 5 18.5321
54 5 18.5172
55 5 18.501
56 5 18.4835
57 5 18.4646
58 5 18.4444
59 5 18.4227
60 5 18.3994
61 5 18.3745
62 5 18.3477
63 5 18.319
64 5 18.2882
65 5 18.255
66 5 18.2193
67 5 18.1808
68 5 18.1391
69 5 18.0938
70 5 18.0444
71 5 17.9903
72 5 17.9306
73 5 17.8643
74 5 17.7901
75 5 17.7061
76 5 17.6103
77 5 17.4998
78 5 17.3718
79 5 17.2234
80 5 17.0529
81 5 0
82 5 0
83 5 0
84 5 0
85 5 0
86 5 0
87 5 0
88 5 0
89 5 0
90 5 0
91 5 0
92 5 0
93 5 0
94 5 0
95 5 0
96 5 0
97 5 0
98 5 0
99 5 0
100 5 0

0 6 0
1 6 0
2 6 0
3 6 0
4 6 0
5 6 0
6 6 0
7 6 0
8 6 0
9 6 0
10 6 0
11 6 0
12 6 0
13 6 0
14 6 0
15 6 0
16 6 0
17 6 0
18 6 0
19 6 0
20 6 17.1089
21 6 17.28
22 6 17.4308
23 6 17.5623
24 6 17.6763
25 6 17.7749
26 6 17.8601
27 6 17.934
28 6 17.998
29 6 18.0536
30 6 18.1019
31 6 18.1438
32 6 18.1802
33 6 18.2115
34 6 18.2384
35 6 18.2613
36 6 18.2806
37 6 18.2965
38 6 18.3094
39 6 18.3194
40 6 18.3268
41 6 18.3317
42 6 18.3343
43 6 18.3348
44 6 18.3332
45 6 18.3297
46 6 18.3243
47 6 18.3172
48 6 18.3084
49 6 18.2981
50 6 18.2862
51 6 18.2727
52 6 18.2578
53 6 18.2414
54 6 18.2235
55 6 18.2042
56 6 18.1833
57 6 18.1608
58 6 18.1367
59 6 18.1108
60 6 18.0831
61 6 18.0535
62 6 18.0217
63 6 17.9877
64 6 17.9512
65 6 17.912
66 6 17.8698
67 6 17.8244
68 6 17.7753
69 6 17.7223
70 6 17.6647
71 6 17.6019
72 6 17.5332
73 6 17.4577
74 6 17.3742
75 6 17.2813
76 6 17.1772
77 6 17.0602
78 6 16.9283
79 6 16.7797
80 6 16.6136
81 6 0
82 6 0
83 6 0
84 6 0
85 6 0
86 6 0
87 6 0
88 6 0
89 6 0
90 6 0
91 6 0
92 6 0
93 6 0
94 6 0
95 6 0
96 6 0
97 6 0
98 6 0
99 6 0
100 6 0

0 7 0
1 7 0
2 7 0
3 7 0
4 7 0
5 7 0
6 7 0
7 7 0
8 7 0
9 7 0
10 7 0
11 7 0
12 7 0
13 7 0
14 7 0
15 7 0
16 7 0
17 7 0
18 7 0
19 7 0
20 7 16.7761
21 7 16.9439
22 7 17.0942
23 7 17.2277
24 7 17.3454
25 7 17.4489
26 7 17.5397
27 7 17.6193
28 7 17.689
29 7 17.75
30 7 17.8033
31 7 17.8499
32 7 17.8904
33 7 17.9254
34 7 17.9556
35 7 17.9813
36 7 18.0029
37 7 18.0207
38 7 18.0351
39 7 18.0462
40 7 18.0544
41 7 18.0597
42 7 18.0624
43 7 18.0626
44 7 18.0605
45 7 18.0561
46 7 18.0496
47 7 18.0412
48 7 18.0308
49 7 18.0186
50 7 18.0046
51 7 17.9888
52 7 17.9714
53 7 17.9523
54 7 17.9315
55 7 17.909
56 7 17.8847
57 7 17.8587
58 7 17.8308
59 7 17.8009
60 7 17.7689
61 7 17.7347
62 7 17.6981
63 7 17.6589
64 7 17.6169
65 7 17.5719
66 7 17.5236
67 7 17.4716
68 7 17.4157
69 7 17.3553
70 7 17.2901
71 7 17.2195
72 7 17.1428
73 7 17.0592
74 7 16.9678
75 7 16.8676
76 7 16.7573
77 7 16.6357
78 7 16.5014
79 7 16.3536
80 7 16.1917
81 7 0
82 7 0
83 7 0
84 7 0
85 7 0
86 7 0
87 7 0
88 7 0
89 7 0
90 7 0
91 7 0
92 7 0
93 7 0
94 7 0
95 7 0
96 7 0
97 7 0
98 7 0
99 7 0
100 7 0

0 8 0
1 8 0
2 8 0
3 8 0
4 8 0
5 8 0
6 8 0
7 8 0
8 8 0
9 8 0
10 8 0
11 8 0
12 8 0
13 8 0
14 8 0
15 8 0
16 8 0
17 8 0
18 8 0
19 8 0
20 8 16.4606
21 8 16.6252
22 8 16.7745
23 8 16.9088
24 8 17.0289
25 8 17.1358
26 8 17.2306
27 8 17.3145
28 8 17.3887
29 8 17.4541
30 8 17.5116
31 8 17.562
32 8 17.6061
33 8 17.6443
34 8 17.6772
35 8 17.7053
36 8 17.7289
37 8 17.7484
38 8 17.7641
39 8 17.7761
40 8 17.7848
41 8 17.7904
42 8 17.793
43 8 17.7928
44 8 17.79
45 8 17.7847
46 8 17.777
47 8 17.7671
48 8 17.755
49 8 17.7409
50 8 17.7248
51 8 17.7067
52 8 17.6867
53 8 17.6649
54 8 17.6412
55 8 17.6156
56 8 17.588
57 8 17.5585
58 8 17.5269
59 8 17.4931
60 8 17.457
61 8 17.4184
62 8 17.3771
63 8 17.333
64 8 17.2858
65 8 17.2353
66 8 17.1811
67 8 17.1229
68 8 17.0605
69 8 16.9934
70 8 16.9211
71 8 16.8433
72 8 16.7593
73 8 16.6686
74 8 16.5704
75 8 16.4641
76 8 16.3488
77 8 16.2237
78 8 16.0882
79 8 15.9417
80 8 15.7838
81 8 0
82 8 0
83 8 0
84 8 0
85 8 0
86 8 0
87 8 0
88 8 0
89 8 0
90 8 0
91 8 0
92 8 0
93 8 0
94 8 0
95 8 0
96 8 0
97 8 0
98 8 0
99 8 0
100 8 0

0 9 0
1 9 0
2 9 0
3 9 0
4 9 0
5 9 0
6 9 0
7 9 0
8 9 0
9 9 0
10 9 0
11 9 0
12 9 0
13 9 0
14 9 0
15 9 0
16 9 0
17 9 0
18 9 0
19 9 0
20 9 16.1603
21 9 16.3219
22 9 16.4698
23 9 16.6042
24 9 16.7256
25 9 16.8347
26 9 16.9324
27 9 17.0196
28 9 17.0973
29 9 17.1661
30 9 17.227
31 9 17.2807
32 9 17.3276
33 9 17.3685
34 9 17.4038
35 9 17.4339
36 9 17.4592
37 9 17.48
38 9 17.4967
39 9 17.5094
40 9 17.5185
41 9 17.5241
42 9 17.5265
43 9 17.5258
44 9 17.5222
45 9 17.5158
46 9 17.5068
47 9 17.4953
48 9 17.4814
49 9 17.4653
50 9 17.447
51 9 17.4265
52 9 17.404
53 9 17.3795
54 9 17.3529
55 9 17.3242
56 9 17.2935
57 9 17.2605
58 9 17.2253
59 9 17.1878
60 9 17.1476
61 9 17.1048
62 9 17.0591
63 9 17.0103
64 9 16.9581
65 9 16.9023
66 9 16.8426
67 9 16.7786
68 9 16.7101
69 9 16.6366
70 9 16.5578
71 9 16.4733
72 9 16.3826
73 9 16.2854
74 9 16.1812
75 9 16.0696
76 9 15.9501
77 9 15.8224
78 9 15.6861
79 9 15.5411
80 9 15.3872
81 9 0
82 9 0
83 9 0
84 9 0
85 9 0
86 9 0
87 9 0
88 9 0
89 9 0
90 9 0
91 9 0
92 9 0
93 9 0
94 9 0
95 9 0
96 9 0
97 9 0
98 9 0
99 9 0
100 9 0

0 10 0
1 10 0
2 10 0
3 10 0
4 10 0
5 10 0
6 10 0
7 10 0
8 10 0
9 10 0
10 10 0
11 10 0
12 10 0
13 10 0
14 10 0
15 10 0
16 10 0
17 10 0
18 10 0
19 10 0
20 10 15.8737
21 10 16.0324
22 10 16.1787
23 10 16.3126
24 10 16.4346
25 10 16.5451
26 10 16.6448
27 10 16.7344
28 10 16.8146
29 10 16.8862
30 10 16.9498
31 10 17.006
32 10 17.0554
33 10 17.0984
34 10 17.1356
35 10 17.1674
36 10 17.194
37 10 17.2159
38 10 17.2333
39 10 17.2465
40 10 17.2557
41 10 17.2612
42 10 17.2631
43 10 17.2617
44 10 17.2571
45 10 17.2495
46 10 17.2391
47 10 17.2259
48 10 17.2102
49 10 17.192
50 10 17.1714
51 10 17.1485
52 10 17.1235
53 10 17.0962
54 10 17.0667
55 10 17.035
56 10 17.0011
57 10 16.9649
58 10 16.9262
59 10 16.885
60 10 16.8411
61 10 16.7943
62 10 16.7443
63 10 16.6911
64 10 16.6342
65 10 16.5734
66 10 16.5084
67 10 16.439
68 10 16.3647
69 10 16.2852
70 10 16.2003
71 10 16.1095
72 10 16.0126
73 10 15.9094
74 10 15.7996
75 10 15.6831
76 10 15.5598
77 10 15.4297
78 10 15.2929
79 10 15.1494
80 10 14.9994
81 10 0
82 10 0
83 10 0
84 10 0
85 10 0
86 10 0
87 10 0
88 10 0
89 10 0
90 10 0
91 10 0
92 10 0
93 10 0
94 10 0
95 10 0
96 10 0
97 10 0
98 10 0
99 10 0
100 10 0

0 11 0
1 11 0
2 11 0
3 11 0
4 11 0
5 11 0
6 11 0
7 11 0
8 11 0
9 11 0
10 11 0
11 11 0
12 11 0
13 11 0
14 11 0
15 11 0
16 11 0
17 11 0
18 11 0
19 11 0
20 11 15.5994
21 11 15.7554
22 11 15.9
23 11 16.0331
24 11 16.1551
25 11 16.2663
26 11 16.3673
27 11 16.4586
28 11 16.5407
29 11 16.6144
30 11 16.68
31 11 16.7382
32 11 16.7895
33 11 16.8343
34 11 16.873
35 11 16.906
36 11 16.9337
37 11 16.9563
38 11 16.9742
39 11 16.9876
40 11 16.9968
41 11 17.0019
42 11 17.0032
43 11 17.0009
44 11 16.9952
45 11 16.9862
46 11 16.9742
47 11 16.9592
48 11 16.9415
49 11 16.9211
50 11 16.8982
51 11 16.8729
52 11 16.8452
53 11 16.8152
54 11 16.7828
55 11 16.7482
56 11 16.7112
57 11 16.6718
58 11 16.6298
59 11 16.5851
60 11 16.5375
61 11 16.4869
62 11 16.433
63 11 16.3755
64 11 16.3142
65 11 16.2488
66 11 16.1789
67 11 16.1043
68 11 16.0246
69 11 15.9395
70 11 15.8487
71 11 15.7519
72 11 15.6491
73 11 15.54
74 11 15.4247
75 11 15.3034
76 11 15.1763
77 11 15.0438
78 11 14.9064
79 11 14.7644
80 11 14.6183
81 11 0
82 11 0
83 11 0
84 11 0
85 11 0
86 11 0
87 11 0
88 11 0
89 11 0
90 11 0
91 11 0
92 11 0
93 11 0
94 11 0
95 11 0
96 11 0
97 11 0
98 11 0
99 11 0
100 11 0

0 12 0
1 12 0
2 12 0
3 12 0
4 12 0
5 12 0
6 12 0
7 12 0
8 12 0
9 12 0
10 12 0
11 12 0
12 12 0
13 12 0
14 12 0
15 12 0
16 12 0
17 12 0
18 12 0
19 12 0
20 12 15.3366
21 12 15.49
22 12 15.6327
23 12 15.7648
24 12 15.8864
25 12 15.9979
26 12 16.0996
27 12 16.192
28 12 16.2755
29 12 16.3506
30 12 16.4177
31 12 16.4774
32 12 16.5301
33 12 16.5762
34 12 16.6161
35 12 16.65
36 12 16.6784
37 12 16.7016
38 12 16.7197
39 12 16.733
40 12 16.7419
41 12 16.7465
42 12 16.747
43 12 16.7436
44 12 16.7366
45 12 16.7261
46 12 16.7123
47 12 16.6954
48 12 16.6755
49 12 16.6529
50 12 16.6276
51 12 16.5997
52 12 16.5693
53 12 16.5366
54 12 16.5014
55 12 16.4639
56 12 16.4239
57 12 16.3813
58 12 16.3362
59 12 16.2882
60 12 16.2372
61 12 16.183
62 12 16.1253
63 12 16.0639
64 12 15.9985
65 12 15.9287
66 12 15.8543
67 12 15.7748
68 12 15.69
69 12 15.5995
70 12 15.5031
71 12 15.4006
72 12 15.2919
73 12 15.177
74 12 15.0561
75 12 14.9296
76 12 14.7983
77 12 14.663
78 12 14.5245
79 12 14.3838
80 12 14.2414
81 12 0
82 12 0
83 12 0
84 12 0
85 12 0
86 12 0
87 12 0
88 12 0
89 12 0
90 12 0
91 12 0
92 12 0
93 12 0
94 12 0
95 12 0
96 12 0
97 12 0
98 12 0
99 12 0
100 12 0

0 13 0
1 13 0
2 13 0
3 13 0
4 13 0
5 13 0
6 13 0
7 13 0
8 13 0
9 13 0
10 13 0
11 13 0
12 13 0
13 13 0
14 13 0
15 13 0
16 13 0
17 13 0
18 13 0
19 13 0
20 13 15.0844
21 13 15.2353
22 13 15.3762
23 13 15.507
24 13 15.628
25 13 15.7394
26 13 15.8413
27 13 15.9343
28 13 16.0186
29 13 16.0947
30 13 16.163
31 13 16.2238
32 13 16.2775
33 13 16.3245
34 13 16.3652
35 13 16.3998
36 13 16.4286
37 13 16.4519
38 13 16.47
39 13 16.4831
40 13 16.4914
41 13 16.4953
42 13 16.4947
43 13 16.4901
44 13 16.4816
45 13 16.4694
46 13 16.4537
47 13 16.4347
48 13 16.4125
49 13 16.3874
50 13 16.3596
51 13 16.3291
52 13 16.296
53 13 16.2605
54 13 16.2225
55 13 16.1821
56 13 16.1392
57 13 16.0937
58 13 16.0455
59 13 15.9944
60 13 15.9402
61 13 15.8827
62 13 15.8215
63 13 15.7565
64 13 15.6873
65 13 15.6135
66 13 15.5348
67 13 15.4508
68 13 15.3612
69 13 15.2656
70 13 15.1638
71 13 15.0557
72 13 14.941
73 13 14.8201
74 13 14.6931
75 13 14.5609
76 13 14.4245
77 13 14.2853
78 13 14.145
79 13 14.005
80 13 13.8664
81 13 0
82 13 0
83 13 0
84 13 0
85 13 0
86 13 0
87 13 0
88 13 0
89 13 0
90 13 0
91 13 0
92 13 0
93 13 0
94 13 0
95 13 0
96 13 0
97 13 0
98 13 0
99 13 0
100 13 0

0 14 0
1 14 0
2 14 0
3 14 0
4 14 0
5 14 0
6 14 0
7 14 0
8 14 0
9 14 0
10 14 0
11 14 0
12 14 0
13 14 0
14 14 0
15 14 0
16 14 0
17 14 0
18 14 0
19 14 0
20 14 14.8423
21 14 14.9907
22 14 15.1297
23 14 15.2592
24 14 15.3793
25 14 15.4902
26 14 15.5922
27 14 15.6854
28 14 15.7702
29 14 15.8469
30 14 15.9158
31 14 15.9773
32 14 16.0317
33 14 16.0793
34 14 16.1204
35 14 16.1553
36 14 16.1843
37 14 16.2076
38 14 16.2254
39 14 16.238
40 14 16.2456
41 14 16.2484
42 14 16.2467
43 14 16.2406
44 14 16.2304
45 14 16.2163
46 14 16.1984
47 14 16.1771
48 14 16.1526
49 14 16.1249
50 14 16.0944
51 14 16.0612
52 14 16.0253
53 14 15.987
54 14 15.9462
55 14 15.903
56 14 15.8572
57 14 15.8089
58 14 15.7578
59 14 15.7038
60 14 15.6466
61 14 15.5861
62 14 15.5218
63 14 15.4535
64 14 15.3808
65 14 15.3033
66 14 15.2207
67 14 15.1325
68 14 15.0384
69 14 14.9381
70 14 14.8311
71 14 14.7173
72 14 14.5966
73 14 14.4692
74 14 14.3355
75 14 14.1965
76 14 14.0536
77 14 13.909
78 14 13.7652
79 14 13.6251
80 14 13.4902
81 14 0
82 14 0
83 14 0
84 14 0
85 14 0
86 14 0
87 14 0
88 14 0
89 14 0
90 14 0
91 14 0
92 14 0
93 14 0
94 14 0
95 14 0
96 14 0
97 14 0
98 14 0
99 14 0
100 14 0

0 15 0
1 15 0
2 15 0
3 15 0
4 15 0
5 15 0
6 15 0
7 15 0
8 15 0
9 15 0
10 15 0
11 15 0
12 15 0
13 15 0
14 15 0
15 15 0
16 15 0
17 15 0
18 15 0
19 15 0
20 15 14.6095
21 15 14.7556
22 15 14.8927
23 15 15.0208
24 15 15.1399
25 15 15.2502
26 15 15.3518
27 15 15.4449
28 15 15.5299
29 15 15.6068
30 15 15.6761
31 15 15.738
32 15 15.7928
33 15 15.8407
34 15 15.882
35 15 15.9169
36 15 15.9458
37 15 15.9688
38 15 15.9861
39 15 15.998
40 15 16.0047
41 15 16.0063
42 15 16.0031
43 15 15.9954
44 15 15.9832
45 15 15.967
46 15 15.9468
47 15 15.923
48 15 15.8958
49 15 15.8654
50 15 15.832
51 15 15.7959
52 15 15.7573
53 15 15.7161
54 15 15.6725
55 15 15.6265
56 15 15.578
57 15 15.527
58 15 15.4732
59 15 15.4165
60 15 15.3567
61 15 15.2933
62 15 15.2262
63 15 15.1549
64 15 15.0791
65 15 14.9984
66 15 14.9123
67 15 14.8203
68 15 14.7221
69 15 14.6173
70 15 14.5053
71 15 14.386
72 15 14.2591
73 15 14.1248
74 15 13.9834
75 15 13.836
76 15 13.6845
77 15 13.5318
78 15 13.3821
79 15 13.2399
80 15 13.1089
81 15 0
82 15 0
83 15 0
84 15 0
85 15 0
86 15 0
87 15 0
88 15 0
89 15 0
90 15 0
91 15 0
92 15 0
93 15 0
94 15 0
95 15 0
96 15 0
97 15 0
98 15 0
99 15 0
100 15 0

0 16 0
1 16 0
2 16 0
3 16 0
4 16 0
5 16 0
6 16 0
7 16 0
8 16 0
9 16 0
10 16 0
11 16 0
12 16 0
13 16 0
14 16 0
15 16 0
16 16 0
17 16 0
18 16 0
19 16 0
20 16 14.3857
21 16 14.5296
22 16 14.6649
23 16 14.7915
24 16 14.9095
25 16 15.0189
26 16 15.12
27 16 15.2128
28 16 15.2976
29 16 15.3746
30 16 15.4439
31 16 15.5059
32 16 15.5608
33 16 15.6087
34 16 15.65
35 16 15.6848
36 16 15.7133
37 16 15.7358
38 16 15.7524
39 16 15.7634
40 16 15.7689
41 16 15.7691
42 16 15.7643
43 16 15.7546
44 16 15.7403
45 16 15.7217
46 16 15.699
47 16 15.6724
48 16 15.6423
49 16 15.6089
50 16 15.5726
51 16 15.5335
52 16 15.4918
53 16 15.4477
54 16 15.4013
55 16 15.3526
56 16 15.3015
57 16 15.2479
58 16 15.1917
59 16 15.1326
60 16 15.0703
61 16 15.0046
62 16 14.935
63 16 14.8611
64 16 14.7826
65 16 14.699
66 16 14.6098
67 16 14.5146
68 16 14.4127
69 16 14.3037
70 16 14.1871
71 16 14.0624
72 16 13.9293
73 16 13.7876
74 16 13.6375
75 16 13.4799
76 16 13.3168
77 16 13.1519
78 16 12.9915
79 16 12.8439
80 16 12.7167
81 16 0
82 16 0
83 16 0
84 16 0
85 16 0
86 16 0
87 16 0
88 16 0
89 16 0
90 16 0
91 16 0
92 16 0
93 16 0
94 16 0
95 16 0
96 16 0
97 16 0
98 16 0
99 16 0
100 16 0

0 17 0
1 17 0
2 17 0
3 17 0
4 17 0
5 17 0
6 17 0
7 17 0
8 17 0
9 17 0
10 17 0
11 17 0
12 17 0
13 17 0
14 17 0
15 17 0
16 17 0
17 17 0
18 17 0
19 17 0
20 17 14.1706
21 17 14.3123
22 17 14.4457
23 17 14.5708
24 17 14.6876
25 17 14.7961
26 17 14.8965
27 17 14.9888
28 17 15.0733
29 17 15.15
30 17 15.2192
31 17 15.2811
32 17 15.3358
33 17 15.3835
34 17 15.4245
35 17 15.459
36 17 15.487
37 17 15.5088
38 17 15.5245
39 17 15.5343
40 17 15.5385
41 17 15.5371
42 17 15.5304
43 17 15.5186
44 17 15.5019
45 17 15.4807
46 17 15.4551
47 17 15.4255
48 17 15.3922
49 17 15.3557
50 17 15.316
51 17 15.2737
52 17 15.2289
53 17 15.1819
54 17 15.1326
55 17 15.0812
56 17 15.0276
57 17 14.9717
58 17 14.9132
59 17 14.852
60 17 14.7876
61 17 14.7198
62 17 14.6481
63 17 14.5721
64 17 14.4914
65 17 14.4054
66 17 14.3137
67 17 14.2156
68 17 14.1105
69 17 13.9979
70 17 13.8771
71 17 13.7474
72 17 13.6082
73 17 13.4589
74 17 13.2992
75 17 13.1294
76 17 12.951
77 17 12.7678
78 17 12.5883
79 17 12.4276
80 17 12.3045
81 17 0
82 17 0
83 17 0
84 17 0
85 17 0
86 17 0
87 17 0
88 17 0
89 17 0
90 17 0
91 17 0
92 17 0
93 17 0
94 17 0
95 17 0
96 17 0
97 17 0
98 17 0
99 17 0
100 17 0

0 18 0
1 18 0
2 18 0
3 18 0
4 18 0
5 18 0
6 18 0
7 18 0
8 18 0
9 18 0
10 18 0
11 18 0
12 18 0
13 18 0
14 18 0
15 18 0
16 18 0
17 18 0
18 18 0
19 18 0
20 18 13.9638
21 18 14.1034
22 18 14.2351
23 18 14.3586
24 18 14.4741
25 18 14.5816
26 18 14.6812
27 18 14.7728
28 18 14.8568
29 18 14.9331
30 18 15.0019
31 18 15.0635
32 18 15.1179
33 18 15.1653
34 18 15.2058
35 18 15.2397
36 18 15.267
37 18 15.2879
38 18 15.3026
39 18 15.3111
40 18 15.3137
41 18 15.3105
42 18 15.3018
43 18 15.2876
44 18 15.2683
45 18 15.2441
46 18 15.2154
47 18 15.1824
48 18 15.1457
49 18 15.1055
50 18 15.0624
51 18 15.0166
52 18 14.9685
53 18 14.9184
54 18 14.8663
55 18 14.8122
56 18 14.7563
57 18 14.6982
58 18 14.6377
59 18 14.5746
60 18 14.5085
61 18 14.439
62 18 14.3657
63 18 14.2881
64 18 14.2056
65 18 14.1178
66 18 14.024
67 18 13.9237
68 18 13.8161
69 18 13.7005
70 18 13.5761
71 18 13.4421
72 18 13.2973
73 18 13.1407
74 18 12.9712
75 18 12.7878
76 18 12.5901
77 18 12.3801
78 18 12.1663
79 18 11.9738
80 18 11.8553
81 18 0
82 18 0
83 18 0
84 18 0
85 18 0
86 18 0
87 18 0
88 18 0
89 18 0
90 18 0
91 18 0
92 18 0
93 18 0
94 18 0
95 18 0
96 18 0
97 18 0
98 18 0
99 18 0
100 18 0

0 19 0
1 19 0
2 19 0
3 19 0
4 19 0
5 19 0
6 19 0
7 19 0
8 19 0
9 19 0
10 19 0
11 19 0
12 19 0
13 19 0
14 19 0
15 19 0
16 19 0
17 19 0
18 19 0
19 19 0
20 19 13.765
21 19 13.9026
22 19 14.0325
23 19 14.1546
24 19 14.2688
25 19 14.3752
26 19 14.4738
27 19 14.5647
28 19 14.648
29 19 14.7237
30 19 14.7921
31 19 14.8532
32 19 14.9071
33 19 14.9539
34 19 14.9939
35 19 15.027
36 19 15.0535
37 19 15.0734
38 19 15.0869
39 19 15.094
40 19 15.0949
41 19 15.0897
42 19 15.0787
43 19 15.0619
44 19 15.0396
45 19 15.0122
46 19 14.98
47 19 14.9433
48 19 14.9027
49 19 14.8586
50 19 14.8115
51 19 14.762
52 19 14.7103
53 19 14.657
54 19 14.602
55 19 14.5454
56 19 14.4872
57 19 14.4272
58 19 14.3651
59 19 14.3005
60 19 14.233
61 19 14.1623
62 19 14.0878
63 19 14.009
64 19 13.9254
65 19 13.8363
66 19 13.7411
67 19 13.6392
68 19 13.5299
69 19 13.4121
70 19 13.2851
71 19 13.1476
72 19 12.9984
73 19 12.8356
74 19 12.6573
75 19 12.4605
76 19 12.2416
77 19 11.9963
78 19 11.7233
79 19 11.4462
80 19 11.3329
81 19 0
82 19 0
83 19 0
84 19 0
85 19 0
86 19 0
87 19 0
88 19 0
89 19 0
90 19 0
91 19 0
92 19 0
93 19 0
94 19 0
95 19 0
96 19 0
97 19 0
98 19 0
99 19 0
100 19 0

0 20 0
1 20 0
2 20 0
3 20 0
4 20 0
5 20 0
6 20 0
7 20 0
8 20 0
9 20 0
10 20 0
11 20 0
12 20 0
13 20 0
14 20 0
15 20 0
16 20 0
17 20 0
18 20 0
19 20 0
20 20 13.574
21 20 13.7098
22 20 13.8379
23 20 13.9585
24 20 14.0714
25 20 14.1766
26 20 14.2742
27 20 14.3643
28 20 14.4468
29 20 14.5219
30 20 14.5896
31 20 14.6501
32 20 14.7034
33 20 14.7497
34 20 14.7889
35 20 14.8212
36 20 14.8467
37 20 14.8655
38 20 14.8776
39 20 14.8832
40 20 14.8822
41 20 14.8749
42 20 14.8614
43 20 14.8418
44 20 14.8163
45 20 14.7853
46 20 14.7492
47 20 14.7083
48 20 14.6633
49 20 14.6147
50 20 14.5633
51 20 14.5096
52 20 14.4541
53 20 14.3973
54 20 14.3394
55 20 14.2804
56 20 14.2202
57 20 14.1585
58 20 14.095
59 20 14.0294
60 20 13.9611
61 20 13.8896
62 20 13.8144
63 20 13.735
64 20 13.6508
65 20 13.561
66 20 13.4652
67 20 13.3625
68 20 13.2521
69 20 13.1332
70 20 13.0047
71 20 12.8652
72 20 12.7131
73 20 12.5464
74 20 12.362
75 20 12.1556
76 20 11.9198
77 20 11.6404
78 20 11.2845
79 20 10.7551
80 20 9.70162
81 20 9.74141
82 20 9.53855
83 20 9.36538
84 20 9.21975
85 20 9.09943
86 20 9.00264
87 20 8.9281
88 20 8.87487
89 20 8.84231
90 20 8.82998
91 20 8.83762
92 20 8.8651
93 20 8.91242
94 20 8.97978
95 20 9.06758
96 20 9.17666
97 20 9.30864
98 20 9.46685
99 20 9.6585
100 20 9.90099

0 21 0
1 21 0
2 21 0
3 21 0
4 21 0
5 21 0
6 21 0
7 21 0
8 21 0
9 21 0
10 21 0
11 21 0
12 21 0
13 21 0
14 21 0
15 21 0
16 21 0
17 21 0
18 21 0
19 21 0
20 21 13.3906
21 21 13.5245
22 21 13.6511
23 21 13.7701
24 21 13.8817
25 21 13.9857
26 21 14.0823
27 21 14.1715
28 21 14.2532
29 21 14.3275
30 21 14.3946
31 21 14.4544
32 21 14.507
33 21 14.5525
34 21 14.5909
35 21 14.6224
36 21 14.6468
37 21 14.6644
38 21 14.6751
39 21 14.679
40 21 14.6761
41 21 14.6665
42 21 14.6503
43 21 14.6277
44 21 14.5987
45 21 14.5638
46 21 14.5232
47 21 14.4776
48 21 14.4276
49 21 14.3739
50 21 14.3175
51 21 14.2591
52 21 14.1994
53 21 14.139
54 21 14.0781
55 21 14.0168
56 21 13.9548
57 21 13.8918
58 21 13.8274
59 21 13.7611
60 21 13.6924
61 21 13.6207
62 21 13.5455
63 21 13.466
64 21 13.3818
65 21 13.2921
66 21 13.1963
67 21 13.0936
68 21 12.9832
69 21 12.8642
70 21 12.7354
71 21 12.5955
72 21 12.4427
73 21 12.275
74 21 12.089
75 21 11.8803
76 21 11.6416
77 21 11.3612
78 21 11.0193
79 21 10.5883
80 21 10.0726
81 21 9.83884
82 21 9.63395
83 21 9.45905
84 21 9.31196
85 21 9.19043
86 21 9.09268
87 21 9.01739
88 21 8.96363
89 21 8.93074
90 21 8.91829
91 21 8.926
92 21 8.95375
93 21 9.00155
94 21 9.06958
95 21 9.15826
96 21 9.26843
97 21 9.40173
98 21 9.56152
99 21 9.75509
100 21 10

0 22 0
1 22 0
2 22 0
3 22 0
4 22 0
5 22 0
6 22 0
7 22 0
8 22 0
9 22 0
10 22 0
11 22 0
12 22 0
13 22 0
14 22 0
15 22 0
16 22 0
17 22 0
18 22 0
19 22 0
20 22 13.2147
21 22 13.3468
22 22 13.4717
23 22 13.5893
24 22 13.6996
25 22 13.8025
26 22 13.898
27 22 13.9862
28 22 14.067
29 22 14.1406
30 22 14.2069
31 22 14.2659
32 22 14.3178
33 22 14.3625
34 22 14.4001
35 22 14.4306
36 22 14.454
37 22 14.4703
38 22 14.4796
39 22 14.4817
40 22 14.4768
41 22 14.4649
42 22 14.4459
43 22 14.42
44 22 14.3873
45 22 14.348
46 22 14.3025
47 22 14.2515
48 22 14.1957
49 22 14.1361
50 22 14.0738
51 22 14.01
52 22 13.9457
53 22 13.8814
54 22 13.8176
55 22 13.754
56 22 13.6905
57 22 13.6267
58 22 13.5619
59 22 13.4955
60 22 13.427
61 22 13.3557
62 22 13.2809
63 22 13.2021
64 22 13.1185
65 22 13.0296
66 22 12.9345
67 22 12.8326
68 22 12.7231
69 22 12.6051
70 22 12.4774
71 22 12.3388
72 22 12.1876
73 22 12.0219
74 22 11.839
75 22 11.6351
76 22 11.4054
77 22 11.1436
78 22 10.8436
79 22 10.5062
80 22 10.162
81 22 9.90751
82 22 9.69953
83 22 9.52506
84 22 9.37877
85 22 9.25781
86 22 9.16039
87 22 9.08527
88 22 9.03162
89 22 8.99884
90 22 8.98653
91 22 8.99444
92 22 9.02244
93 22 9.07052
94 22 9.13879
95 22 9.22749
96 22 9.3371
97 22 9.46837
98 22 9.62242
99 22 9.80034
100 22 10

0 23 0
1 23 0
2 23 0
3 23 0
4 23 0
5 23 0
6 23 0
7 23 0
8 23 0
9 23 0
10 23 0
11 23 0
12 23 0
13 23 0
14 23 0
15 23 0
16 23 0
17 23 0
18 23 0
19 23 0
20 23 13.046
21 23 13.1765
22 23 13.2999
23 23 13.416
24 23 13.525
25 23 13.6267
26 23 13.7212
27 23 13.8084
28 23 13.8883
29 23 13.961
30 23 14.0265
31 23 14.0848
32 23 14.1359
33 23 14.1798
34 23 14.2165
35 23 14.246
36 23 14.2683
37 23 14.2834
38 23 14.2912
39 23 14.2917
40 23 14.2848
41 23 14.2704
42 23 14.2486
43 23 14.2193
44 23 14.1825
45 23 14.1385
46 23 14.0876
47 23 14.0304
48 23 13.9678
49 23 13.9011
50 23 13.8319
51 23 13.7618
52 23 13.6921
53 23 13.6237
54 23 13.5568
55 23 13.4914
56 23 13.4269
57 23 13.3627
58 23 13.2981
59 23 13.2323
60 23 13.1646
61 23 13.0943
62 23 13.0207
63 23 12.9431
64 23 12.8608
65 23 12.7733
66 23 12.6798
67 23 12.5795
68 23 12.4718
69 23 12.3558
70 23 12.2305
71 23 12.0948
72 23 11.9473
73 23 11.7864
74 23 11.61
75 23 11.4159
76 23 11.2015
77 23 10.9645
78 23 10.7054
79 23 10.4311
80 23 10.1619
81 23 9.92982
82 23 9.73178
83 23 9.56304
84 23 9.42038
85 23 9.30179
86 23 9.20591
87 23 9.13182
88 23 9.07886
89 23 9.04658
90 23 9.03464
91 23 9.04286
92 23 9.07112
93 23 9.11937
94 23 9.18761
95 23 9.27587
96 23 9.38414
97 23 9.51224
98 23 9.65949
99 23 9.82386
100 23 10

0 24 0
1 24 0
2 24 0
3 24 0
4 24 0
5 24 0
6 24 0
7 24 0
8 24 0
9 24 0
10 24 0
11 24 0
12 24 0
13 24 0
14 24 0
15 24 0
16 24 0
17 24 0
18 24 0
19 24 0
20 24 12.8845
21 24 13.0134
22 24 13.1353
23 24 13.25
24 24 13.3577
25 24 13.4583
26 24 13.5517
27 24 13.6379
28 24 13.7169
29 24 13.7888
30 24 13.8535
31 24 13.911
32 24 13.9612
33 24 14.0043
34 24 14.0402
35 24 14.0688
36 24 14.09
37 24 14.1039
38 24 14.1103
39 24 14.1092
40 24 14.1003
41 24 14.0836
42 24 14.0589
43 24 14.0261
44 24 13.9852
45 24 13.9361
46 24 13.8791
47 24 13.8148
48 24 13.7442
49 24 13.6688
50 24 13.591
51 24 13.5132
52 24 13.4374
53 24 13.3646
54 24 13.2949
55 24 13.228
56 24 13.1632
57 24 13.0994
58 24 13.0357
59 24 12.9712
60 24 12.905
61 24 12.8364
62 24 12.7646
63 24 12.6889
64 24 12.6087
65 24 12.5232
66 24 12.4319
67 24 12.3341
68 24 12.2291
69 24 12.1161
70 24 11.9943
71 24 11.8628
72 24 11.7206
73 24 11.5664
74 24 11.3991
75 24 11.2173
76 24 11.0202
77 24 10.8079
78 24 10.5826
79 24 10.3509
80 24 10.1249
81 24 9.91825
82 24 9.73491
83 24 9.57508
84 24 9.43809
85 24 9.3232
86 24 9.22979
87 24 9.15736
88 24 9.10555
89 24 9.07406
90 24 9.0627
91 24 9.07134
92 24 9.09989
93 24 9.14829
94 24 9.21648
95 24 9.3043
96 24 9.41139
97 24 9.53699
98 24 9.67945
99 24 9.83563
100 24 10

0 25 0
1 25 0
2 25 0
3 25 0
4 25 0
5 25 0
6 25 0
7 25 0
8 25 0
9 25 0
10 25 0
11 25 0
12 25 0
13 25 0
14 25 0
15 25 0
16 25 0
17 25 0
18 25 0
19 25 0
20 25 12.7301
21 25 12.8574
22 25 12.9778
23 25 13.0913
24 25 13.1977
25 25 13.2971
26 25 13.3895
27 25 13.4747
28 25 13.5529
29 25 13.6239
30 25 13.6878
31 25 13.7445
32 25 13.794
33 25 13.8363
34 25 13.8713
35 25 13.899
36 25 13.9193
37 25 13.9321
38 25 13.9372
39 25 13.9345
40 25 13.9238
41 25 13.9049
42 25 13.8775
43 25 13.8413
44 25 13.7962
45 25 13.7418
46 25 13.6782
47 25 13.6057
48 25 13.5254
49 25 13.4392
50 25 13.3504
51 25 13.2629
52 25 13.1799
53 25 13.1025
54 25 13.0305
55 25 12.9629
56 25 12.8986
57 25 12.8362
58 25 12.7743
59 25 12.712
60 25 12.6482
61 25 12.582
62 25 12.5127
63 25 12.4396
64 25 12.362
65 25 12.2793
66 25 12.1909
67 25 12.0962
68 25 11.9945
69 25 11.8854
70 25 11.7681
71 25 11.6418
72 25 11.506
73 25 11.3599
74 25 11.2028
75 25 11.0343
76 25 10.8545
77 25 10.6643
78 25 10.4663
79 25 10.2654
80 25 10.0687
81 25 9.88355
82 25 9.71469
83 25 9.56444
84 25 9.43384
85 25 9.32327
86 25 9.23281
87 25 9.16242
88 25 9.11202
89 25 9.08152
90 25 9.07086
91 25 9.07999
92 25 9.10888
93 25 9.1575
94 25 9.22577
95 25 9.31348
96 25 9.42019
97 25 9.5449
98 25 9.68572
99 25 9.83923
100 25 10

0 26 0
1 26 0
2 26 0
3 26 0
4 26 0
5 26 0
6 26 0
7 26 0
8 26 0
9 26 0
10 26 0
11 26 0
12 26 0
13 26 0
14 26 0
15 26 0
16 26 0
17 26 0
18 26 0
19 26 0
20 26 12.5826
21 26 12.7084
22 26 12.8275
23 26 12.9396
24 26 13.0449
25 26 13.1432
26 26 13.2345
27 26 13.3188
28 26 13.3961
29 26 13.4662
30 26 13.5293
31 26 13.5853
32 26 13.6341
33 26 13.6756
34 26 13.7099
35 26 13.7368
36 26 13.7562
37 26 13.768
38 26 13.772
39 26 13.768
40 26 13.7557
41 26 13.7349
42 26 13.705
43 26 13.6657
44 26 13.6165
45 26 13.5569
46 26 13.4864
47 26 13.4048
48 26 13.3127
49 26 13.2124
50 26 13.1085
51 26 13.0085
52 26 12.917
53 26 12.8351
54 26 12.7617
55 26 12.6949
56 26 12.6324
57 26 12.5726
58 26 12.5137
59 26 12.4545
60 26 12.3939
61 26 12.331
62 26 12.2649
63 26 12.195
64 26 12.1206
65 26 12.0413
66 26 11.9563
67 26 11.8653
68 26 11.7678
69 26 11.6631
70 26 11.5509
71 26 11.4307
72 26 11.302
73 26 11.1646
74 26 11.0181
75 26 10.8628
76 26 10.6993
77 26 10.5286
78 26 10.3532
79 26 10.176
80 26 10.001
81 26 9.83276
82 26 9.67603
83 26 9.53432
84 26 9.40972
85 26 9.30337
86 26 9.21589
87 26 9.14761
88 26 9.0987
89 26 9.06925
90 26 9.05932
91 26 9.06897
92 26 9.09822
93 26 9.14713
94 26 9.21566
95 26 9.30373
96 26 9.41101
97 26 9.53674
98 26 9.6793
99 26 9.83556
100 26 10

0 27 0
1 27 0
2 27 0
3 27 0
4 27 0
5 27 0
6 27 0
7 27 0
8 27 0
9 27 0
10 27 0
11 27 0
12 27 0
13 27 0
14 27 0
15 27 0
16 27 0
17 27 0
18 27 0
19 27 0
20 27 12.4419
21 27 12.5664
22 27 12.6841
23 27 12.795
24 27 12.8991
25 27 12.9963
26 27 13.0867
27 27 13.17
28 27 13.2464
29 27 13.3158
30 27 13.3781
31 27 13.4334
32 27 13.4815
33 27 13.5224
34 27 13.556
35 27 13.5822
36 27 13.6009
37 27 13.6119
38 27 13.615
39 27 13.6099
40 27 13.5964
41 27 13.5739
42 27 13.5421
43 27 13.5002
44 27 13.4475
45 27 13.3831
46 27 13.3057
47 27 13.2144
48 27 13.1085
49 27 12.9892
50 27 12.8631
51 27 12.7458
52 27 12.6448
53 27 12.5595
54 27 12.4867
55 27 12.4226
56 27 12.3639
57 27 12.3082
58 27 12.2536
59 27 12.1987
60 27 12.1422
61 27 12.0833
62 27 12.0211
63 27 11.9551
64 27 11.8846
65 27 11.8091
66 27 11.7281
67 27 11.6414
68 27 11.5483
69 27 11.4486
70 27 11.342
71 27 11.2282
72 27 11.107
73 27 10.9784
74 27 10.8426
75 27 10.6999
76 27 10.5513
77 27 10.3981
78 27 10.2419
79 27 10.0845
80 27 9.92694
81 27 9.77061
82 27 9.62251
83 27 9.48725
84 27 9.36749
85 27 9.26474
86 27 9.17991
87 27 9.11356
88 27 9.06603
89 27 9.03755
90 27 9.0283
91 27 9.03841
92 27 9.068
93 27 9.11718
94 27 9.18609
95 27 9.27482
96 27 9.38342
97 27 9.51177
98 27 9.65921
99 27 9.82373
100 27 10

0 28 0
1 28 0
2 28 0
3 28 0
4 28 0
5 28 0
6 28 0
7 28 0
8 28 0
9 28 0
10 28 0
11 28 0
12 28 0
13 28 0
14 28 0
15 28 0
16 28 0
17 28 0
18 28 0
19 28 0
20 28 12.308
21 28 12.4311
22 28 12.5476
23 28 12.6573
24 28 12.7603
25 28 12.8565
26 28 12.9459
27 28 13.0284
28 28 13.104
29 28 13.1726
30 28 13.2342
31 28 13.2888
32 28 13.3362
33 28 13.3765
34 28 13.4096
35 28 13.4352
36 28 13.4534
37 28 13.4638
38 28 13.4662
39 28 13.4605
40 28 13.4461
41 28 13.4226
42 28 13.3894
43 28 13.3457
44 28 13.2905
45 28 13.2223
46 28 13.1393
47 28 13.0389
48 28 12.9178
49 28 12.7733
50 28 12.6089
51 28 12.467
52 28 12.3569
53 28 12.2718
54 28 12.2033
55 28 12.145
56 28 12.0926
57 28 12.043
58 28 11.9942
59 28 11.9447
60 28 11.8933
61 28 11.8391
62 28 11.7815
63 28 11.7199
64 28 11.6537
65 28 11.5826
66 28 11.5061
67 28 11.4239
68 28 11.3357
69 28 11.2413
70 28 11.1406
71 28 11.0334
72 28 10.9197
73 28 10.7998
74 28 10.674
75 28 10.5431
76 28 10.4082
77 28 10.2707
78 28 10.1322
79 28 9.99334
80 28 9.85179
81 28 9.70041
82 28 9.55632
83 28 9.42486
84 28 9.3084
85 28 9.20834
86 28 9.12559
87 28 9.0608
88 28 9.01442
89 28 8.98674
90 28 8.97803
91 28 8.98847
92 28 9.01825
93 28 9.06759
94 28 9.13674
95 28 9.22608
96 28 9.33613
97 28 9.46773
98 28 9.62204
99 28 9.80016
100 28 10

0 29 0
1 29 0
2 29 0
3 29 0
4 29 0
5 29 0
6 29 0
7 29 0
8 29 0
9 29 0
10 29 0
11 29 0
12 29 0
13 29 0
14 29 0
15 29 0
16 29 0
17 29 0
18 29 0
19 29 0
20 29 12.1808
21 29 12.3026
22 29 12.4179
23 29 12.5265
24 29 12.6285
25 29 12.7237
26 29 12.8121
27 29 12.8938
28 29 12.9685
29 29 13.0364
30 29 13.0974
31 29 13.1514
32 29 13.1983
33 29 13.2381
34 29 13.2707
35 29 13.296
36 29 13.3137
37 29 13.3238
38 29 13.3259
39 29 13.3198
40 29 13.305
41 29 13.2811
42 29 13.2474
43 29 13.2029
44 29 13.1465
45 29 13.0765
46 29 12.9904
47 29 12.8841
48 29 12.7509
49 29 12.5773
50 29 12.3324
51 29 12.1567
52 29 12.0443
53 29 11.9677
54 29 11.9099
55 29 11.8619
56 29 11.8187
57 29 11.7773
58 29 11.7357
59 29 11.6927
60 29 11.6473
61 29 11.5987
62 29 11.5462
63 29 11.4895
64 29 11.4281
65 29 11.3617
66 29 11.2899
67 29 11.2126
68 29 11.1296
69 29 11.0407
70 29 10.9459
71 29 10.8452
72 29 10.7389
73 29 10.6272
74 29 10.5108
75 29 10.3906
76 29 10.268
77 29 10.1446
78 29 10.023
79 29 9.90508
80 29 9.78668
81 29 9.6231
82 29 9.47768
83 29 9.34763
84 29 9.23308
85 29 9.13476
86 29 9.05345
87 29 8.98978
88 29 8.9442
89 29 8.91708
90 29 8.90869
91 29 8.91926
92 29 8.94903
93 29 8.99824
94 29 9.06727
95 29 9.15666
96 29 9.26734
97 29 9.40102
98 29 9.56109
99 29 9.75489
100 29 10

0 30 0
1 30 0
2 30 0
3 30 0
4 30 0
5 30 0
6 30 0
7 30 0
8 30 0
9 30 0
10 30 0
11 30 0
12 30 0
13 30 0
14 30 0
15 30 0
16 30 0
17 30 0
18 30 0
19 30 0
20 30 12.0602
21 30 12.1808
22 30 12.2949
23 30 12.4025
24 30 12.5034
25 30 12.5977
26 30 12.6853
27 30 12.7661
28 30 12.8401
29 30 12.9074
30 30 12.9677
31 30 13.0212
32 30 13.0676
33 30 13.1071
34 30 13.1393
35 30 13.1643
36 30 13.1819
37 30 13.1919
38 30 13.194
39 30 13.1879
40 30 13.1733
41 30 13.1496
42 30 13.1162
43 30 13.0722
44 30 13.0163
45 30 12.947
46 30 12.8617
47 30 12.7566
48 30 12.6247
49 30 12.4528
50 30 11.9871
51 30 11.7831
52 30 11.6962
53 30 11.645
54 30 11.607
55 30 11.5743
56 30 11.5433
57 30 11.5119
58 30 11.479
59 30 11.4435
60 30 11.4048
61 30 11.3623
62 30 11.3155
63 30 11.2641
64 30 11.2078
65 30 11.1464
66 30 11.0796
67 30 11.0074
68 30 10.9296
69 30 10.8462
70 30 10.7573
71 30 10.663
72 30 10.5637
73 30 10.4597
74 30 10.3517
75 30 10.2409
76 30 10.1286
77 30 10.0171
78 30 9.91037
79 30 9.81751
80 30 9.76696
81 30 9.52782
82 30 9.38384
83 30 9.25508
84 30 9.14166
85 30 9.04432
86 30 8.96381
87 30 8.90077
88 30 8.85564
89 30 8.82879
90 30 8.82049
91 30 8.83095
92 30 8.86042
93 30 8.90915
94 30 8.9775
95 30 9.066
96 30 9.17558
97 30 9.30794
98 30 9.46642
99 30 9.6583
100 30 9.90099

0 31 0
1 31 0
2 31 0
3 31 0
4 31 0
5 31 0
6 31 0
7 31 0
8 31 0
9 31 0
10 31 0
11 31 0
12 31 0
13 31 0
14 31 0
15 31 0
16 31 0
17 31 0
18 31 0
19 31 0
20 31 0
21 31 0
22 31 0
23 31 0
24 31 0
25 31 0
26 31 0
27 31 0
28 31 0
29 31 0
30 31 0
31 31 0
32 31 0
33 31 0
34 31 0
35 31 0
36 31 0
37 31 0
38 31 0
39 31 0
40 31 0
41 31 0
42 31 0
43 31 0
44 31 0
45 31 0
46 31 0
47 31 0
48 31 0
49 31 0
50 31 11.181
51 31 11.2928
52 31 11.3126
53 31 11.3094
54 31 11.2991
55 31 11.2852
56 31 11.2684
57 31 11.2485
58 31 11.2251
59 31 11.1978
60 31 11.1664
61 31 11.1304
62 31 11.0896
63 31 11.0439
64 31 10.9929
65 31 10.9367
66 31 10.8751
67 31 10.808
68 31 10.7355
69 31 10.6576
70 31 10.5744
71 31 10.4862
72 31 10.3933
73 31 10.2963
74 31 10.1958
75 31 10.0928
76 31 9.98862
77 31 9.88499
78 31 9.7841
79 31 9.68786
80 31 9.59194
81 31 0
82 31 0
83 31 0
84 31 0
85 31 0
86 31 0
87 31 0
88 31 0
89 31 0
90 31 0
91 31 0
92 31 0
93 31 0
94 31 0
95 31 0
96 31 0
97 31 0
98 31 0
99 31 0
100 31 0

0 32 0
1 32 0
2 32 0
3 32 0
4 32 0
5 32 0
6 32 0
7 32 0
8 32 0
9 32 0
10 32 0
11 32 0
12 32 0
13 32 0
14 32 0
15 32 0
16 32 0
17 32 0
18 32 0
19 32 0
20 32 0
21 32 0
22 32 0
23 32 0
24 32 0
25 32 0
26 32 0
27 32 0
28 32 0
29 32 0
30 32 0
31 32 0
32 32 0
33 32 0
34 32 0
35 32 0
36 32 0
37 32 0
38 32 0
39 32 0
40 32 0
41 32 0
42 32 0
43 32 0
44 32 0
45 32 0
46 32 0
47 32 0
48 32 0
49 32 0
50 32 10.7869
51 32 10.8948
52 32 10.9521
53 32 10.9812
54 32 10.995
55 32 10.9993
56 32 10.9969
57 32 10.9888
58 32 10.9753
59 32 10.9566
60 32 10.9327
61 32 10.9036
62 32 10.869
63 32 10.8291
64 32 10.7837
65 32 10.7327
66 32 10.6763
67 32 10.6144
68 32 10.547
69 32 10.4745
70 32 10.3968
71 32 10.3143
72 32 10.2274
73 32 10.1367
74 32 10.0426
75 32 9.94619
76 32 9.84839
77 32 9.75041
78 32 9.65345
79 32 9.55813
80 32 9.46349
81 32 0
82 32 0
83 32 0
84 32 0
85 32 0
86 32 0
87 32 0
88 32 0
89 32 0
90 32 0
91 32 0
92 32 0
93 32 0
94 32 0
95 32 0
96 32 0
97 32 0
98 32 0
99 32 0
100 32 0

0 33 0
1 33 0
2 33 0
3 33 0
4 33 0
5 33 0
6 33 0
7 33 0
8 33 0
9 33 0
10 33 0
11 33 0
12 33 0
13 33 0
14 33 0
15 33 0
16 33 0
17 33 0
18 33 0
19 33 0
20 33 0
21 33 0
22 33 0
23 33 0
24 33 0
25 33 0
26 33 0
27 33 0
28 33 0
29 33 0
30 33 0
31 33 0
32 33 0
33 33 0
34 33 0
35 33 0
36 33 0
37 33 0
38 33 0
39 33 0
40 33 0
41 33 0
42 33 0
43 33 0
44 33 0
45 33 0
46 33 0
47 33 0
48 33 0
49 33 0
50 33 10.4432
51 33 10.5477
52 33 10.6201
53 33 10.6686
54 33 10.7005
55 33 10.7206
56 33 10.7314
57 33 10.7347
58 33 10.731
59 33 10.7209
60 33 10.7047
61 33 10.6824
62 33 10.6542
63 33 10.6201
64 33 10.5802
65 33 10.5345
66 33 10.4832
67 33 10.4264
68 33 10.3642
69 33 10.2967
70 33 10.2243
71 33 10.1471
72 33 10.0657
73 33 9.98054
74 33 9.89213
75 33 9.80121
76 33 9.70859
77 33 9.61508
78 33 9.52141
79 33 9.42796
80 33 9.33462
81 33 0
82 33 0
83 33 0
84 33 0
85 33 0
86 33 0
87 33 0
88 33 0
89 33 0
90 33 0
91 33 0
92 33 0
93 33 0
94 33 0
95 33 0
96 33 0
97 33 0
98 33 0
99 33 0
100 33 0

0 34 0
1 34 0
2 34 0
3 34 0
4 34 0
5 34 0
6 34 0
7 34 0
8 34 0
9 34 0
10 34 0
11 34 0
12 34 0
13 34 0
14 34 0
15 34 0
16 34 0
17 34 0
18 34 0
19 34 0
20 34 0
21 34 0
22 34 0
23 34 0
24 34 0
25 34 0
26 34 0
27 34 0
28 34 0
29 34 0
30 34 0
31 34 0
32 34 0
33 34 0
34 34 0
35 34 0
36 34 0
37 34 0
38 34 0
39 34 0
40 34 0
41 34 0
42 34 0
43 34 0
44 34 0
45 34 0
46 34 0
47 34 0
48 34 0
49 34 0
50 34 10.1315
51 34 10.2329
52 34 10.3123
53 34 10.3729
54 34 10.4182
55 34 10.4512
56 34 10.4739
57 34 10.4877
58 34 10.4934
59 34 10.4917
60 34 10.483
61 34 10.4675
62 34 10.4455
63 34 10.4172
64 34 10.3827
65 34 10.3423
66 34 10.296
67 34 10.2441
68 34 10.1868
69 34 10.1242
70 34 10.0567
71 34 9.98453
72 34 9.90812
73 34 9.82791
74 34 9.74442
75 34 9.65823
76 34 9.56994
77 34 9.48017
78 34 9.38941
79 34 9.29797
80 34 9.20591
81 34 0
82 34 0
83 34 0
84 34 0
85 34 0
86 34 0
87 34 0
88 34 0
89 34 0
90 34 0
91 34 0
92 34 0
93 34 0
94 34 0
95 34 0
96 34 0
97 34 0
98 34 0
99 34 0
100 34 0

0 35 0
1 35 0
2 35 0
3 35 0
4 35 0
5 35 0
6 35 0
7 35 0
8 35 0
9 35 0
10 35 0
11 35 0
12 35 0
13 35 0
14 35 0
15 35 0
16 35 0
17 35 0
18 35 0
19 35 0
20 35 0
21 35 0
22 35 0
23 35 0
24 35 0
25 35 0
26 35 0
27 35 0
28 35 0
29 35 0
30 35 0
31 35 0
32 35 0
33 35 0
34 35 0
35 35 0
36 35 0
37 35 0
38 35 0
39 35 0
40 35 0
41 35 0
42 35 0
43 35 0
44 35 0
45 35 0
46 35 0
47 35 0
48 35 0
49 35 0
50 35 9.84183
51 35 9.94027
52 35 10.0236
53 35 10.0926
54 35 10.1485
55 35 10.1924
56 35 10.2256
57 35 10.2491
58 35 10.2636
59 35 10.2698
60 35 10.2683
61 35 10.2593
62 35 10.2434
63 35 10.2207
64 35 10.1915
65 35 10.1562
66 35 10.1148
67 35 10.0676
68 35 10.0149
69 35 9.95697
70 35 9.89404
71 35 9.82646
72 35 9.75459
73 35 9.67886
74 35 9.5997
75 35 9.51761
76 35 9.43307
77 35 9.34653
78 35 9.25837
79 35 9.16885
80 35 9.07807
81 35 0
82 35 0
83 35 0
84 35 0
85 35 0
86 35 0
87 35 0
88 35 0
89 35 0
90 35 0
91 35 0
92 35 0
93 35 0
94 35 0
95 35 0
96 35 0
97 35 0
98 35 0
99 35 0
100 35 0

0 36 0
1 36 0
2 36 0
3 36 0
4 36 0
5 36 0
6 36 0
7 36 0
8 36 0
9 36 0
10 36 0
11 36 0
12 36 0
13 36 0
14 36 0
15 36 0
16 36 0
17 36 0
18 36 0
19 36 0
20 36 0
21 36 0
22 36 0
23 36 0
24 36 0
25 36 0
26 36 0
27 36 0
28 36 0
29 36 0
30 36 0
31 36 0
32 36 0
33 36 0
34 36 0
35 36 0
36 36 0
37 36 0
38 36 0
39 36 0
40 36 0
41 36 0
42 36 0
43 36 0
44 36 0
45 36 0
46 36 0
47 36 0
48 36 0
49 36 0
50 36 9.56733
51 36 9.66303
52 36 9.74961
53 36 9.82588
54 36 9.89095
55 36 9.94466
56 36 9.98739
57 36 10.0197
58 36 10.0424
59 36 10.056
60 36 10.0613
61 36 10.0585
62 36 10.0483
63 36 10.031
64 36 10.0069
65 36 9.97634
66 36 9.93959
67 36 9.89693
68 36 9.84864
69 36 9.79501
70 36 9.73635
71 36 9.67297
72 36 9.60523
73 36 9.53352
74 36 9.45821
75 36 9.37973
76 36 9.29847
77 36 9.21479
78 36 9.12898
79 36 9.04127
80 36 8.95175
81 36 0
82 36 0
83 36 0
84 36 0
85 36 0
86 36 0
87 36 0
88 36 0
89 36 0
90 36 0
91 36 0
92 36 0
93 36 0
94 36 0
95 36 0
96 36 0
97 36 0
98 36 0
99 36 0
100 36 0

0 37 0
1 37 0
2 37 0
3 37 0
4 37 0
5 37 0
6 37 0
7 37 0
8 37 0
9 37 0
10 37 0
11 37 0
12 37 0
13 37 0
14 37 0
15 37 0
16 37 0
17 37 0
18 37 0
19 37 0
20 37 0
21 37 0
22 37 0
23 37 0
24 37 0
25 37 0
26 37 0
27 37 0
28 37 0
29 37 0
30 37 0
31 37 0
32 37 0
33 37 0
34 37 0
35 37 0
36 37 0
37 37 0
38 37 0
39 37 0
40 37 0
41 37 0
42 37 0
43 37 0
44 37 0
45 37 0
46 37 0
47 37 0
48 37 0
49 37 0
50 37 9.30215
51 37 9.3952
52 37 9.48619
53 37 9.57059
54 37 9.64507
55 37 9.7082
56 37 9.75981
57 37 9.80035
58 37 9.83051
59 37 9.85099
60 37 9.86246
61 37 9.86552
62 37 9.86068
63 37 9.84838
64 37 9.82904
65 37 9.80301
66 37 9.77062
67 37 9.73218
68 37 9.688
69 37 9.6384
70 37 9.58367
71 37 9.52414
72 37 9.46016
73 37 9.39206
74 37 9.3202
75 37 9.24493
76 37 9.16658
77 37 9.08545
78 37 9.00179
79 37 8.91577
80 37 8.8275
81 37 0
82 37 0
83 37 0
84 37 0
85 37 0
86 37 0
87 37 0
88 37 0
89 37 0
90 37 0
91 37 0
92 37 0
93 37 0
94 37 0
95 37 0
96 37 0
97 37 0
98 37 0
99 37 0
100 37 0

0 38 0
1 38 0
2 38 0
3 38 0
4 38 0
5 38 0
6 38 0
7 38 0
8 38 0
9 38 0
10 38 0
11 38 0
12 38 0
13 38 0
14 38 0
15 38 0
16 38 0
17 38 0
18 38 0
19 38 0
20 38 0
21 38 0
22 38 0
23 38 0
24 38 0
25 38 0
26 38 0
27 38 0
28 38 0
29 38 0
30 38 0
31 38 0
32 38 0
33 38 0
34 38 0
35 38 0
36 38 0
37 38 0
38 38 0
39 38 0
40 38 0
41 38 0
42 38 0
43 38 0
44 38 0
45 38 0
46 38 0
47 38 0
48 38 0
49 38 0
50 38 9.03931
51 38 9.12973
52 38 9.22965
53 38 9.32553
54 38 9.41084
55 38 9.48354
56 38 9.54359
57 38 9.59166
58 38 9.6286
59 38 9.65525
60 38 9.6724
61 38 9.68072
62 38 9.68079
63 38 9.67313
64 38 9.65819
65 38 9.63636
66 38 9.60801
67 38 9.57349
68 38 9.53311
69 38 9.48721
70 38 9.4361
71 38 9.38009
72 38 9.3195
73 38 9.25467
74 38 9.1859
75 38 9.1135
76 38 9.03777
77 38 8.95894
78 38 8.87725
79 38 8.79282
80 38 8.70577
81 38 0
82 38 0
83 38 0
84 38 0
85 38 0
86 38 0
87 38 0
88 38 0
89 38 0
90 38 0
91 38 0
92 38 0
93 38 0
94 38 0
95 38 0
96 38 0
97 38 0
98 38 0
99 38 0
100 38 0

0 39 0
1 39 0
2 39 0
3 39 0
4 39 0
5 39 0
6 39 0
7 39 0
8 39 0
9 39 0
10 39 0
11 39 0
12 39 0
13 39 0
14 39 0
15 39 0
16 39 0
17 39 0
18 39 0
19 39 0
20 39 0
21 39 0
22 39 0
23 39 0
24 39 0
25 39 0
26 39 0
27 39 0
28 39 0
29 39 0
30 39 0
31 39 0
32 39 0
33 39 0
34 39 0
35 39 0
36 39 0
37 39 0
38 39 0
39 39 0
40 39 0
41 39 0
42 39 0
43 39 0
44 39 0
45 39 0
46 39 0
47 39 0
48 39 0
49 39 0
50 39 8.76735
51 39 8.85506
52 39 8.97744
53 39 9.09135
54 39 9.1895
55 39 9.27184
56 39 9.33968
57 39 9.39441
58 39 9.43727
59 39 9.46933
60 39 9.49148
61 39 9.50447
62 39 9.50896
63 39 9.50548
64 39 9.49453
65 39 9.47654
66 39 9.45189
67 39 9.42095
68 39 9.38406
69 39 9.34155
70 39 9.29373
71 39 9.24091
72 39 9.18341
73 39 9.12152
74 39 9.05553
75 39 8.98572
76 39 8.91234
77 39 8.83561
78 39 8.75572
79 39 8.6728
80 39 8.58693
81 39 0
82 39 0
83 39 0
84 39 0
85 39 0
86 39 0
87 39 0
88 39 0
89 39 0
90 39 0
91 39 0
92 39 0
93 39 0
94 39 0
95 39 0
96 39 0
97 39 0
98 39 0
99 39 0
100 39 0

0 40 24.7525
1 40 23.5467
2 40 22.4667
3 40 21.4676
4 40 20.5299
5 40 19.6441
6 40 18.8045
7 40 18.0076
8 40 17.2509
9 40 16.5322
10 40 15.8498
11 40 15.2021
12 40 14.5876
13 40 14.0051
14 40 13.4531
15 40 12.9305
16 40 12.4362
17 40 11.969
18 40 11.5281
19 40 11.1123
20 40 10.7209
21 40 10.353
22 40 10.0077
23 40 9.6844
24 40 9.38232
25 40 9.10083
26 40 8.83932
27 40 8.59722
28 40 8.37403
29 40 8.16927
30 40 7.9825
31 40 7.81332
32 40 7.66139
33 40 7.5264
34 40 7.40809
35 40 7.30623
36 40 7.22065
37 40 7.15124
38 40 7.09796
39 40 7.06082
40 40 7.03996
41 40 7.03562
42 40 7.04822
43 40 7.07842
44 40 7.12722
45 40 7.19617
46 40 7.2877
47 40 7.40582
48 40 7.55759
49 40 7.75693
50 40 8.23932
51 40 8.54599
52 40 8.73402
53 40 8.87324
54 40 8.98427
55 40 9.07495
56 40 9.14917
57 40 9.20933
58 40 9.25706
59 40 9.29364
60 40 9.32003
61 40 9.33706
62 40 9.3454
63 40 9.34562
64 40 9.33824
65 40 9.32369
66 40 9.30238
67 40 9.27469
68 40 9.24096
69 40 9.20151
70 40 9.15667
71 40 9.10674
72 40 9.05201
73 40 8.99277
74 40 8.92928
75 40 8.8618
76 40 8.79056
77 40 8.71574
78 40 8.63752
79 40 8.55602
80 40 8.4713
81 40 0
82 40 0
83 40 0
84 40 0
85 40 0
86 40 0
87 40 0
88 40 0
89 40 0
90 40 0
91 40 0
92 40 0
93 40 0
94 40 0
95 40 0
96 40 0
97 40 0
98 40 0
99 40 0
100 40 0

0 41 25
1 41 23.7822
2 41 22.6914
3 41 21.6823
4 41 20.7352
5 41 19.8405
6 41 18.9925
7 41 18.1877
8 41 17.4234
9 41 16.6975
10 41 16.0083
11 41 15.3541
12 41 14.7335
13 41 14.1451
14 41 13.5876
15 41 13.0598
16 41 12.5605
17 41 12.0887
18 41 11.6434
19 41 11.2235
20 41 10.8281
21 41 10.4565
22 41 10.1078
23 41 9.78126
24 41 9.47616
25 41 9.19185
26 41 8.92772
27 41 8.68321
28 41 8.45779
29 41 8.25098
30 41 8.06234
31 41 7.89147
32 41 7.73803
33 41 7.60169
34 41 7.48219
35 41 7.37931
36 41 7.29288
37 41 7.22277
38 41 7.16896
39 41 7.13145
40 41 7.11038
41 41 7.106
42 41 7.11873
43 41 7.14923
44 41 7.19852
45 41 7.26816
46 41 7.36061
47 41 7.4799
48 41 7.6332
49 41 7.83453
50 41 8.11556
51 41 8.35586
52 41 8.53969
53 41 8.68362
54 41 8.79969
55 41 8.89481
56 41 8.97305
57 41 9.03697
58 41 9.08834
59 41 9.12843
60 41 9.15827
61 41 9.17865
62 41 9.19027
63 41 9.19369
64 41 9.18942
65 41 9.17792
66 41 9.15958
67 41 9.13479
68 41 9.10388
69 41 9.06719
70 41 9.02503
71 41 8.97768
72 41 8.92545
73 41 8.86858
74 41 8.80735
75 41 8.74197
76 41 8.67265
77 41 8.59958
78 41 8.52291
79 41 8.44274
80 41 8.35915
81 41 0
82 41 0
83 41 0
84 41 0
85 41 0
86 41 0
87 41 0
88 41 0
89 41 0
90 41 0
91 41 0
92 41 0
93 41 0
94 41 0
95 41 0
96 41 0
97 41 0
98 41 0
99 41 0
100 41 0

0 42 25
1 42 23.8907
2 42 22.8343
3 42 21.8349
4 42 20.8883
5 42 19.9902
6 42 19.1374
7 42 18.3273
8 42 17.5575
9 42 16.8262
10 42 16.1318
11 42 15.4727
12 42 14.8473
13 42 14.2544
14 42 13.6926
15 42 13.1607
16 42 12.6576
17 42 12.1821
18 42 11.7333
19 42 11.3102
20 42 10.9118
21 42 10.5373
22 42 10.1859
23 42 9.85682
24 42 9.54936
25 42 9.26285
26 42 8.99669
27 42 8.75028
28 42 8.52312
29 42 8.3147
30 42 8.1246
31 42 7.9524
32 42 7.79775
33 42 7.66034
34 42 7.53988
35 42 7.43616
36 42 7.34899
37 42 7.27826
38 42 7.22388
39 42 7.18589
40 42 7.16436
41 42 7.15952
42 42 7.17172
43 42 7.20151
44 42 7.24974
45 42 7.31761
46 42 7.40694
47 42 7.52027
48 42 7.66105
49 42 7.83272
50 42 8.03281
51 42 8.22251
52 42 8.38557
53 42 8.52217
54 42 8.63635
55 42 8.73187
56 42 8.81156
57 42 8.8775
58 42 8.93119
59 42 8.9738
60 42 9.00627
61 42 9.02934
62 42 9.04365
63 42 9.04977
64 42 9.04817
65 42 9.03931
66 42 9.02357
67 42 9.00132
68 42 8.97291
69 42 8.93866
70 42 8.89887
71 42 8.85384
72 42 8.80382
73 42 8.74909
74 42 8.68986
75 42 8.62637
76 42 8.55881
77 42 8.48734
78 42 8.41209
79 42 8.33318
80 42 8.25067
81 42 0
82 42 0
83 42 0
84 42 0
85 42 0
86 42 0
87 42 0
88 42 0
89 42 0
90 42 0
91 42 0
92 42 0
93 42 0
94 42 0
95 42 0
96 42 0
97 42 0
98 42 0
99 42 0
100 42 0

0 43 25
1 43 23.9462
2 43 22.9204
3 43 21.9347
4 43 20.9927
5 43 20.0948
6 43 19.2398
7 43 18.4265
8 43 17.6531
9 43 16.9182
10 43 16.2202
11 43 15.5575
12 43 14.9287
13 43 14.3325
14 43 13.7677
15 43 13.2329
16 43 12.727
17 43 12.249
18 43 11.7977
19 43 11.3722
20 43 10.9717
21 43 10.5951
22 43 10.2418
23 43 9.91091
24 43 9.60176
25 43 9.31368
26 43 9.04605
27 43 8.79829
28 43 8.56987
29 43 8.3603
30 43 8.16914
31 43 7.99598
32 43 7.84045
33 43 7.70224
34 43 7.58106
35 43 7.47668
36 43 7.38891
37 43 7.3176
38 43 7.26267
39 43 7.22409
40 43 7.20191
41 43 7.19625
42 43 7.20737
43 43 7.23563
44 43 7.28156
45 43 7.34589
46 43 7.42953
47 43 7.53347
48 43 7.65828
49 43 7.80279
50 43 7.96074
51 43 8.1161
52 43 8.25819
53 43 8.38346
54 43 8.49198
55 43 8.58505
56 43 8.66415
57 43 8.73057
58 43 8.78544
59 43 8.82965
60 43 8.86398
61 43 8.88909
62 43 8.90556
63 43 8.91388
64 43 8.91452
65 43 8.90789
66 43 8.89438
67 43 8.87434
68 43 8.84811
69 43 8.81599
70 43 8.77829
71 43 8.73529
72 43 8.68724
73 43 8.63439
74 43 8.57696
75 43 8.51517
76 43 8.44918
77 43 8.37917
78 43 8.30525
79 43 8.22752
80 43 8.14606
81 43 0
82 43 0
83 43 0
84 43 0
85 43 0
86 43 0
87 43 0
88 43 0
89 43 0
90 43 0
91 43 0
92 43 0
93 43 0
94 43 0
95 43 0
96 43 0
97 43 0
98 43 0
99 43 0
100 43 0

0 44 25
1 44 23.9737
2 44 22.9665
3 44 21.9908
4 44 21.0532
5 44 20.1563
6 44 19.3007
7 44 18.4857
8 44 17.7104
9 44 16.9734
10 44 16.2732
11 44 15.6084
12 44 14.9776
13 44 14.3795
14 44 13.8128
15 44 13.2763
16 44 12.7687
17 44 12.2891
18 44 11.8364
19 44 11.4095
20 44 11.0076
21 44 10.6299
22 44 10.2754
23 44 9.94341
24 44 9.63324
25 44 9.34422
26 44 9.0757
27 44 8.82712
28 44 8.59795
29 44 8.38768
30 44 8.19587
31 44 8.02211
32 44 7.86603
33 44 7.72731
34 44 7.60565
35 44 7.50081
36 44 7.41258
37 44 7.34079
38 44 7.28533
39 44 7.24613
40 44 7.22316
41 44 7.21646
42 44 7.22613
43 44 7.25232
44 44 7.29524
45 44 7.35512
46 44 7.43211
47 44 7.52607
48 44 7.63611
49 44 7.75971
50 44 7.89155
51 44 8.02326
52 44 8.14794
53 44 8.26179
54 44 8.36337
55 44 8.45253
56 44 8.52971
57 44 8.59553
58 44 8.65065
59 44 8.69569
60 44 8.73124
61 44 8.75782
62 44 8.77592
63 44 8.786
64 44 8.78845
65 44 8.78368
66 44 8.77204
67 44 8.75387
68 44 8.7295
69 44 8.69923
70 44 8.66334
71 44 8.6221
72 44 8.57577
73 44 8.52458
74 44 8.46875
75 44 8.40846
76 44 8.3439
77 44 8.27521
78 44 8.20251
79 44 8.1259
80 44 8.04545
81 44 0
82 44 0
83 44 0
84 44 0
85 44 0
86 44 0
87 44 0
88 44 0
89 44 0
90 44 0
91 44 0
92 44 0
93 44 0
94 44 0
95 44 0
96 44 0
97 44 0
98 44 0
99 44 0
100 44 0

0 45 25
1 45 23.9821
2 45 22.981
3 45 22.0089
4 45 21.073
5 45 20.1766
6 45 19.3208
7 45 18.5054
8 45 17.7295
9 45 16.9918
10 45 16.2909
11 45 15.6254
12 45 14.9939
13 45 14.3952
14 45 13.8279
15 45 13.2908
16 45 12.7827
17 45 12.3025
18 45 11.8493
19 45 11.422
20 45 11.0196
21 45 10.6415
22 45 10.2866
23 45 9.95425
24 45 9.64374
25 45 9.3544
26 45 9.08559
27 45 8.83673
28 45 8.60729
29 45 8.39678
30 45 8.20474
31 45 8.03076
32 45 7.87446
33 45 7.73552
34 45 7.61363
35 45 7.50854
36 45 7.42002
37 45 7.34789
38 45 7.29198
39 45 7.25218
40 45 7.22839
41 45 7.22056
42 45 7.22863
43 45 7.25255
44 45 7.29224
45 45 7.34751
46 45 7.418
47 45 7.50288
48 45 7.60066
49 45 7.70867
50 45 7.82278
51 45 7.93775
52 45 8.04882
53 45 8.15269
54 45 8.24747
55 45 8.3323
56 45 8.40695
57 45 8.4715
58 45 8.52625
59 45 8.57155
60 45 8.60778
61 45 8.63535
62 45 8.65465
63 45 8.66605
64 45 8.66994
65 45 8.66666
66 45 8.65655
67 45 8.63994
68 45 8.61712
69 45 8.5884
70 45 8.55405
71 45 8.51433
72 45 8.46949
73 45 8.41974
74 45 8.36529
75 45 8.30635
76 45 8.24305
77 45 8.17556
78 45 8.10399
79 45 8.02843
80 45 7.94894
81 45 0
82 45 0
83 45 0
84 45 0
85 45 0
86 45 0
87 45 0
88 45 0
89 45 0
90 45 0
91 45 0
92 45 0
93 45 0
94 45 0
95 45 0
96 45 0
97 45 0
98 45 0
99 45 0
100 45 0

0 46 25
1 46 23.9737
2 46 22.9665
3 46 21.9908
4 46 21.0532
5 46 20.1563
6 46 19.3007
7 46 18.4858
8 46 17.7104
9 46 16.9734
10 46 16.2732
11 46 15.6084
12 46 14.9776
13 46 14.3795
14 46 13.8128
15 46 13.2763
16 46 12.7688
17 46 12.2891
18 46 11.8364
19 46 11.4095
20 46 11.0077
21 46 10.6299
22 46 10.2754
23 46 9.94341
24 46 9.63324
25 46 9.34421
26 46 9.07568
27 46 8.82709
28 46 8.59789
29 46 8.38759
30 46 8.19574
31 46 8.02191
32 46 7.86574
33 46 7.72688
34 46 7.60504
35 46 7.49993
36 46 7.41131
37 46 7.33898
38 46 7.28275
39 46 7.24245
40 46 7.21792
41 46 7.209
42 46 7.21553
43 46 7.23726
44 46 7.2739
45 46 7.32497
46 46 7.38974
47 46 7.46708
48 46 7.55526
49 46 7.65181
50 46 7.75345
51 46 7.85643
52 46 7.95721
53 46 8.05299
54 46 8.14183
55 46 8.22257
56 46 8.29458
57 46 8.3576
58 46 8.41162
59 46 8.45678
60 46 8.49331
61 46 8.52147
62 46 8.54158
63 46 8.55395
64 46 8.55892
65 46 8.55679
66 46 8.54789
67 46 8.53252
68 46 8.51098
69 46 8.48353
70 46 8.45046
71 46 8.41201
72 46 8.36842
73 46 8.3199
74 46 8.26666
75 46 8.20888
76 46 8.14672
77 46 8.08031
78 46 8.00977
79 46 7.93518
80 46 7.85661
81 46 0
82 46 0
83 46 0
84 46 0
85 46 0
86 46 0
87 46 0
88 46 0
89 46 0
90 46 0
91 46 0
92 46 0
93 46 0
94 46 0
95 46 0
96 46 0
97 46 0
98 46 0
99 46 0
100 46 0

0 47 25
1 47 23.9462
2 47 22.9204
3 47 21.9347
4 47 20.9927
5 47 20.0948
6 47 19.2398
7 47 18.4265
8 47 17.6532
9 47 16.9182
10 47 16.2202
11 47 15.5575
12 47 14.9287
13 47 14.3326
14 47 13.7677
15 47 13.2329
16 47 12.727
17 47 12.249
18 47 11.7977
19 47 11.3723
20 47 10.9717
21 47 10.5951
22 47 10.2418
23 47 9.91092
24 47 9.60176
25 47 9.31367
26 47 9.04602
27 47 8.79823
28 47 8.56977
29 47 8.36014
30 47 8.16889
31 47 7.99561
32 47 7.83991
33 47 7.70145
34 47 7.57991
35 47 7.47503
36 47 7.38654
37 47 7.31421
38 47 7.25783
39 47 7.21719
40 47 7.19207
41 47 7.18226
42 47 7.18746
43 47 7.20734
44 47 7.2414
45 47 7.289
46 47 7.3492
47 47 7.42071
48 47 7.50178
49 47 7.59015
50 47 7.68308
51 47 7.77761
52 47 7.87089
53 47 7.96051
54 47 8.04461
55 47 8.12188
56 47 8.19151
57 47 8.25301
58 47 8.30617
59 47 8.35097
60 47 8.38751
61 47 8.41596
62 47 8.43657
63 47 8.44959
64 47 8.45531
65 47 8.45402
66 47 8.44603
67 47 8.43161
68 47 8.41104
69 47 8.38461
70 47 8.35256
71 47 8.31515
72 47 8.27259
73 47 8.22511
74 47 8.17289
75 47 8.11612
76 47 8.05494
77 47 7.9895
78 47 7.91989
79 47 7.84621
80 47 7.76853
81 47 0
82 47 0
83 47 0
84 47 0
85 47 0
86 47 0
87 47 0
88 47 0
89 47 0
90 47 0
91 47 0
92 47 0
93 47 0
94 47 0
95 47 0
96 47 0
97 47 0
98 47 0
99 47 0
100 47 0

0 48 25
1 48 23.8907
2 48 22.8343
3 48 21.8349
4 48 20.8883
5 48 19.9902
6 48 19.1375
7 48 18.3273
8 48 17.5575
9 48 16.8263
10 48 16.1318
11 48 15.4727
12 48 14.8473
13 48 14.2544
14 48 13.6926
15 48 13.1607
16 48 12.6576
17 48 12.1821
18 48 11.7333
19 48 11.3102
20 48 10.9118
21 48 10.5373
22 48 10.1859
23 48 9.85684
24 48 9.54937
25 48 9.26285
26 48 8.99665
27 48 8.75021
28 48 8.52299
29 48 8.31449
30 48 8.12428
31 48 7.95191
32 48 7.79703
33 48 7.65928
34 48 7.53835
35 48 7.43395
36 48 7.34582
37 48 7.27372
38 48 7.2174
39 48 7.17663
40 48 7.15117
41 48 7.14074
42 48 7.14498
43 48 7.16348
44 48 7.19564
45 48 7.2407
46 48 7.29762
47 48 7.36506
48 48 7.44128
49 48 7.5242
50 48 7.6114
51 48 7.70033
52 48 7.78854
53 48 7.87386
54 48 7.9545
55 48 8.02915
56 48 8.09687
57 48 8.15706
58 48 8.2094
59 48 8.25375
60 48 8.29012
61 48 8.31863
62 48 8.33946
63 48 8.35284
64 48 8.35902
65 48 8.35829
66 48 8.35091
67 48 8.33715
68 48 8.3173
69 48 8.29162
70 48 8.26035
71 48 8.22374
72 48 8.182
73 48 8.13536
74 48 8.08399
75 48 8.02806
76 48 7.96774
77 48 7.90315
78 48 7.83439
79 48 7.76156
80 48 7.68471
81 48 0
82 48 0
83 48 0
84 48 0
85 48 0
86 48 0
87 48 0
88 48 0
89 48 0
90 48 0
91 48 0
92 48 0
93 48 0
94 48 0
95 48 0
96 48 0
97 48 0
98 48 0
99 48 0
100 48 0

0 49 25
1 49 23.7822
2 49 22.6914
3 49 21.6823
4 49 20.7352
5 49 19.8405
6 49 18.9925
7 49 18.1877
8 49 17.4234
9 49 16.6975
10 49 16.0083
11 49 15.3542
12 49 14.7336
13 49 14.1452
14 49 13.5877
15 49 13.0599
16 49 12.5606
17 49 12.0888
18 49 11.6434
19 49 11.2235
20 49 10.8282
21 49 10.4566
22 49 10.1079
23 49 9.7813
24 49 9.47618
25 49 9.19185
26 49 8.9277
27 49 8.68314
28 49 8.45766
29 49 8.25076
30 49 8.06199
31 49 7.89094
32 49 7.73722
33 49 7.60051
34 49 7.48047
35 49 7.37683
36 49 7.28931
37 49 7.21766
38 49 7.16164
39 49 7.12101
40 49 7.09549
41 49 7.08478
42 49 7.08851
43 49 7.1062
44 49 7.13723
45 49 7.18079
46 49 7.2358
47 49 7.30089
48 49 7.37438
49 49 7.45425
50 49 7.53827
51 49 7.62407
52 49 7.70938
53 49 7.79216
54 49 7.8707
55 49 7.94365
56 49 8.01007
57 49 8.06929
58 49 8.12093
59 49 8.16481
60 49 8.2009
61 49 8.22928
62 49 8.25011
63 49 8.2636
64 49 8.26998
65 49 8.26952
66 49 8.26247
67 49 8.24912
68 49 8.22972
69 49 8.20453
70 49 8.1738
71 49 8.13777
72 49 8.09665
73 49 8.05064
74 49 7.99994
75 49 7.94472
76 49 7.88512
77 49 7.82126
78 49 7.75327
79 49 7.68121
80 49 7.60516
81 49 0
82 49 0
83 49 0
84 49 0
85 49 0
86 49 0
87 49 0
88 49 0
89 49 0
90 49 0
91 49 0
92 49 0
93 49 0
94 49 0
95 49 0
96 49 0
97 49 0
98 49 0
99 49 0
100 49 0

0 50 24.7525
1 50 23.5467
2 50 22.4667
3 50 21.4676
4 50 20.5299
5 50 19.6441
6 50 18.8045
7 50 18.0076
8 50 17.2509
9 50 16.5322
10 50 15.8498
11 50 15.2021
12 50 14.5877
13 50 14.0051
14 50 13.4531
15 50 12.9306
16 50 12.4362
17 50 11.9691
18 50 11.5281
19 50 11.1124
20 50 10.721
21 50 10.353
22 50 10.0078
23 50 9.68445
24 50 9.38236
25 50 9.10084
26 50 8.8393
27 50 8.59717
28 50 8.37392
29 50 8.16907
30 50 7.98216
31 50 7.81281
32 50 7.66062
33 50 7.52526
34 50 7.40641
35 50 7.30379
36 50 7.21714
37 50 7.1462
38 50 7.09073
39 50 7.0505
40 50 7.02524
41 50 7.01464
42 50 7.01833
43 50 7.03585
44 50 7.06657
45 50 7.10969
46 50 7.16416
47 50 7.22861
48 50 7.30137
49 50 7.38045
50 50 7.46363
51 50 7.54858
52 50 7.63305
53 50 7.71501
54 50 7.79277
55 50 7.865
56 50 7.93076
57 50 7.98939
58 50 8.04052
59 50 8.08397
60 50 8.1197
61 50 8.1478
62 50 8.16843
63 50 8.18178
64 50 8.1881
65 50 8.18764
66 50 8.18067
67 50 8.16744
68 50 8.14824
69 50 8.1233
70 50 8.09287
71 50 8.0572
72 50 8.01648
73 50 7.97093
74 50 7.92074
75 50 7.86606
76 50 7.80705
77 50 7.74383
78 50 7.6765
79 50 7.60516
80 50 7.52986
81 50 0
82 50 0
83 50 0
84 50 0
85 50 0
86 50 0
87 50 0
88 50 0
89 50 0
90 50 0
91 50 0
92 50 0
93 50 0
94 50 0
95 50 0
96 50 0
97 50 0
98 50 0
99 50 0
100 50 0

