0 0 0
1 0 0
2 0 0
3 0 0
4 0 0
5 0 0
6 0 0
7 0 0
8 0 0
9 0 0
10 0 0
11 0 0
12 0 0
13 0 0
14 0 0
15 0 0
16 0 0
17 0 0
18 0 0
19 0 0
20 0 19.802
21 0 20
22 0 20
23 0 20
24 0 20
25 0 20
26 0 20
27 0 20
28 0 20
29 0 20
30 0 20
31 0 20
32 0 20
33 0 20
34 0 20
35 0 20
36 0 20
37 0 20
38 0 20
39 0 20
40 0 20
41 0 20
42 0 20
43 0 20
44 0 20
45 0 20
46 0 20
47 0 20
48 0 20
49 0 20
50 0 20
51 0 20
52 0 20
53 0 20
54 0 20
55 0 20
56 0 20
57 0 20
58 0 20
59 0 20
60 0 20
61 0 20
62 0 20
63 0 20
64 0 20
65 0 20
66 0 20
67 0 20
68 0 20
69 0 20
70 0 20
71 0 20
72 0 20
73 0 20
74 0 20
75 0 20
76 0 20
77 0 20
78 0 20
79 0 20
80 0 19.802
81 0 0
82 0 0
83 0 0
84 0 0
85 0 0
86 0 0
87 0 0
88 0 0
89 0 0
90 0 0
91 0 0
92 0 0
93 0 0
94 0 0
95 0 0
96 0 0
97 0 0
98 0 0
99 0 0
100 0 0

0 1 0
1 1 0
2 1 0
3 1 0
4 1 0
5 1 0
6 1 0
7 1 0
8 1 0
9 1 0
10 1 0
11 1 0
12 1 0
13 1 0
14 1 0
15 1 0
16 1 0
17 1 0
18 1 0
19 1 0
20 1 19.2013
21 1 19.3933
22 1 19.4871
23 1 19.5422
24 1 19.5791
25 1 19.6061
26 1 19.6269
27 1 19.6436
28 1 19.6573
29 1 19.6687
30 1 19.6784
31 1 19.6866
32 1 19.6936
33 1 19.6996
34 1 19.7047
35 1 19.709
36 1 19.7126
37 1 19.7157
38 1 19.7181
39 1 19.7201
40 1 19.7215
41 1 19.7226
42 1 19.7232
43 1 19.7235
44 1 19.7234
45 1 19.7229
46 1 19.7222
47 1 19.7211
48 1 19.7198
49 1 19.7182
50 1 19.7163
51 1 19.7141
52 1 19.7117
53 1 19.709
54 1 19.706
55 1 19.7028
56 1 19.6993
57 1 19.6955
58 1 19.6914
59 1 19.687
60 1 19.6823
61 1 19.6772
62 1 19.6717
63 1 19.6658
64 1 19.6595
65 1 19.6527
66 1 19.6452
67 1 19.6372
68 1 19.6284
69 1 19.6188
70 1 19.6081
71 1 19.5962
72 1 19.5828
73 1 19.5673
74 1 19.5492
75 1 19.5273
76 1 19.4995
77 1 19.4622
78 1 19.4071
79 1 19.3137
80 1 19.1225
81 1 0
82 1 0
83 1 0
84 1 0
85 1 0
86 1 0
87 1 0
88 1 0
89 1 0
90 1 0
91 1 0
92 1 0
93 1 0
94 1 0
95 1 0
96 1 0
97 1 0
98 1 0
99 1 0
100 1 0

0 2 0
1 2 0
2 2 0
3 2 0
4 2 0
5 2 0
6 2 0
7 2 0
8 2 0
9 2 0
10 2 0
11 2 0
12 2 0
13 2 0
14 2 0
15 2 0
16 2 0
17 2 0
18 2 0
19 2 0
20 2 18.6979
21 2 18.8849
22 2 19.013
23 2 19.1026
24 2 19.1682
25 2 19.2183
26 2 19.258
27 2 19.2902
28 2 19.3169
29 2 19.3393
30 2 19.3582
31 2 19.3744
32 2 19.3882
33 2 19.4001
34 2 19.4102
35 2 19.4187
36 2 19.4259
37 2 19.4319
38 2 19.4368
39 2 19.4406
40 2 19.4435
41 2 19.4456
42 2 19.4468
43 2 19.4473
44 2 19.4471
45 2 19.4462
46 2 19.4447
47 2 19.4426
48 2 19.4399
49 2 19.4366
50 2 19.4328
51 2 19.4284
52 2 19.4236
53 2 19.4182
54 2 19.4123
55 2 19.4058
56 2 19.3988
57 2 19.3913
58 2 19.3831
59 2 19.3743
60 2 19.3649
61 2 19.3548
62 2 19.3439
63 2 19.3322
64 2 19.3195
65 2 19.3059
66 2 19.2911
67 2 19.2751
68 2 19.2576
69 2 19.2385
70 2 19.2174
71 2 19.194
72 2 19.1675
73 2 19.1374
74 2 19.1023
75 2 19.0603
76 2 19.0087
77 2 18.9423
78 2 18.8526
79 2 18.7253
80 2 18.5399
81 2 0
82 2 0
83 2 0
84 2 0
85 2 0
86 2 0
87 2 0
88 2 0
89 2 0
90 2 0
91 2 0
92 2 0
93 2 0
94 2 0
95 2 0
96 2 0
97 2 0
98 2 0
99 2 0
100 2 0

0 3 0
1 3 0
2 3 0
3 3 0
4 3 0
5 3 0
6 3 0
7 3 0
8 3 0
9 3 0
10 3 0
11 3 0
12 3 0
13 3 0
14 3 0
15 3 0
16 3 0
17 3 0
18 3 0
19 3 0
20 3 18.2527
21 3 18.4353
22 3 18.5774
23 3 18.687
24 3 18.7727
25 3 18.841
26 3 18.8965
27 3 18.9423
28 3 18.9807
29 3 19.0132
30 3 19.0409
31 3 19.0646
32 3 19.0849
33 3 19.1023
34 3 19.1171
35 3 19.1298
36 3 19.1404
37 3 19.1492
38 3 19.1564
39 3 19.1621
40 3 19.1664
41 3 19.1694
42 3 19.1712
43 3 19.1719
44 3 19.1715
45 3 19.1701
46 3 19.1678
47 3 19.1646
48 3 19.1605
49 3 19.1556
50 3 19.1498
51 3 19.1433
52 3 19.136
53 3 19.1279
54 3 19.1191
55 3 19.1094
56 3 19.0989
57 3 19.0876
58 3 19.0755
59 3 19.0624
60 3 19.0483
61 3 19.0331
62 3 19.0169
63 3 18.9994
64 3 18.9805
65 3 18.9602
66 3 18.9383
67 3 18.9145
68 3 18.8886
69 3 18.8603
70 3 18.8291
71 3 18.7947
72 3 18.7561
73 3 18.7124
74 3 18.6621
75 3 18.6032
76 3 18.5325
77 3 18.4455
78 3 18.3358
79 3 18.1949
80 3 18.0147
81 3 0
82 3 0
83 3 0
84 3 0
85 3 0
86 3 0
87 3 0
88 3 0
89 3 0
90 3 0
91 3 0
92 3 0
93 3 0
94 3 0
95 3 0
96 3 0
97 3 0
98 3 0
99 3 0
100 3 0

0 4 0
1 4 0
2 4 0
3 4 0
4 4 0
5 4 0
6 4 0
7 4 0
8 4 0
9 4 0
10 4 0
11 4 0
12 4 0
13 4 0
14 4 0
15 4 0
16 4 0
17 4 0
18 4 0
19 4 0
20 4 17.8476
21 4 18.0261
22 4 18.1742
23 4 18.2954
24 4 18.3946
25 4 18.4765
26 4 18.5446
27 4 18.6019
28 4 18.6505
29 4 18.692
30 4 18.7275
31 4 18.7581
32 4 18.7844
33 4 18.807
34 4 18.8264
35 4 18.8428
36 4 18.8567
37 4 18.8682
38 4 18.8776
39 4 18.8849
40 4 18.8905
41 4 18.8944
42 4 18.8967
43 4 18.8975
44 4 18.8969
45 4 18.895
46 4 18.8918
47 4 18.8875
48 4 18.882
49 4 18.8754
50 4 18.8677
51 4 18.859
52 4 18.8492
53 4 18.8385
54 4 18.8267
55 4 18.8138
56 4 18.7999
57 4 18.7849
58 4 18.7687
59 4 18.7513
60 4 18.7327
61 4 18.7126
62 4 18.6911
63 4 18.6679
64 4 18.643
65 4 18.6162
66 4 18.5873
67 4 18.5559
68 4 18.5219
69 4 18.4848
70 4 18.4442
71 4 18.3995
72 4 18.3497
73 4 18.2939
74 4 18.2306
75 4 18.1577
76 4 18.0726
77 4 17.9716
78 4 17.8502
79 4 17.7037
80 4 17.5284
81 4 0
82 4 0
83 4 0
84 4 0
85 4 0
86 4 0
87 4 0
88 4 0
89 4 0
90 4 0
91 4 0
92 4 0
93 4 0
94 4 0
95 4 0
96 4 0
97 4 0
98 4 0
99 4 0
100 4 0

0 5 0
1 5 0
2 5 0
3 5 0
4 5 0
5 5 0
6 5 0
7 5 0
8 5 0
9 5 0
10 5 0
11 5 0
12 5 0
13 5 0
14 5 0
15 5 0
16 5 0
17 5 0
18 5 0
19 5 0
20 5 17.4727
21 5 17.6474
22 5 17.7978
23 5 17.9257
24 5 18.0339
25 5 18.1256
26 5 18.2036
27 5 18.2702
28 5 18.3274
29 5 18.3767
30 5 18.4192
31 5 18.4559
32 5 18.4877
33 5 18.5151
34 5 18.5385
35 5 18.5585
36 5 18.5754
37 5 18.5893
38 5 18.6007
39 5 18.6096
40 5 18.6163
41 5 18.621
42 5 18.6236
43 5 18.6245
44 5 18.6236
45 5 18.6211
46 5 18.617
47 5 18.6115
48 5 18.6046
49 5 18.5962
50 5 18.5866
51 5 18.5757
52 5 18.5635
53 5 18.55
54 5 18.5353
55 5 18.5193
56 5 18.502
57 5 18.4833
58 5 18.4632
59 5 18.4416
60 5 18.4185
61 5 18.3936
62 5 18.3669
63 5 18.3383
64 5 18.3075
65 5 18.2743
66 5 18.2386
67 5 18.2001
68 5 18.1583
69 5 18.1129
70 5 18.0635
71 5 18.0092
72 5 17.9495
73 5 17.8831
74 5 17.8087
75 5 17.7246
76 5 17.6286
77 5 17.518
78 5 17.3898
79 5 17.2413
80 5 17.0706
81 5 0
82 5 0
83 5 0
84 5 0
85 5 0
86 5 0
87 5 0
88 5 0
89 5 0
90 5 0
91 5 0
92 5 0
93 5 0
94 5 0
95 5 0
96 5 0
97 5 0
98 5 0
99 5 0
100 5 0

0 6 0
1 6 0
2 6 0
3 6 0
4 6 0
5 6 0
6 6 0
7 6 0
8 6 0
9 6 0
10 6 0
11 6 0
12 6 0
13 6 0
14 6 0
15 6 0
16 6 0
17 6 0
18 6 0
19 6 0
20 6 17.1218
21 6 17.2931
22 6 17.444
23 6 17.5757
24 6 17.6898
25 6 17.7885
26 6 17.874
27 6 17.948
28 6 18.0122
29 6 18.0681
30 6 18.1166
31 6 18.1588
32 6 18.1953
33 6 18.227
34 6 18.2542
35 6 18.2773
36 6 18.2969
37 6 18.3131
38 6 18.3262
39 6 18.3366
40 6 18.3443
41 6 18.3495
42 6 18.3525
43 6 18.3532
44 6 18.352
45 6 18.3488
46 6 18.3437
47 6 18.337
48 6 18.3285
49 6 18.3185
50 6 18.3068
51 6 18.2937
52 6 18.279
53 6 18.2629
54 6 18.2453
55 6 18.2261
56 6 18.2054
57 6 18.1832
58 6 18.1592
59 6 18.1335
60 6 18.1059
61 6 18.0764
62 6 18.0447
63 6 18.0107
64 6 17.9743
65 6 17.9351
66 6 17.8929
67 6 17.8474
68 6 17.7983
69 6 17.7452
70 6 17.6875
71 6 17.6246
72 6 17.5558
73 6 17.4801
74 6 17.3965
75 6 17.3034
76 6 17.1992
77 6 17.082
78 6 16.9498
79 6 16.801
80 6 16.6347
81 6 0
82 6 0
83 6 0
84 6 0
85 6 0
86 6 0
87 6 0
88 6 0
89 6 0
90 6 0
91 6 0
92 6 0
93 6 0
94 6 0
95 6 0
96 6 0
97 6 0
98 6 0
99 6 0
100 6 0

0 7 0
1 7 0
2 7 0
3 7 0
4 7 0
5 7 0
6 7 0
7 7 0
8 7 0
9 7 0
10 7 0
11 7 0
12 7 0
13 7 0
14 7 0
15 7 0
16 7 0
17 7 0
18 7 0
19 7 0
20 7 16.7911
21 7 16.959
22 7 17.1095
23 7 17.2431
24 7 17.3611
25 7 17.4648
26 7 17.5558
27 7 17.6356
28 7 17.7055
29 7 17.7668
30 7 17.8204
31 7 17.8672
32 7 17.908
33 7 17.9433
34 7 17.9738
35 7 17.9998
36 7 18.0217
37 7 18.0399
38 7 18.0546
39 7 18.0662
40 7 18.0747
41 7 18.0804
42 7 18.0834
43 7 18.084
44 7 18.0823
45 7 18.0783
46 7 18.0722
47 7 18.0641
48 7 18.0541
49 7 18.0422
50 7 18.0286
51 7 18.0132
52 7 17.9961
53 7 17.9772
54 7 17.9567
55 7 17.9345
56 7 17.9105
57 7 17.8847
58 7 17.857
59 7 17.8273
60 7 17.7954
61 7 17.7613
62 7 17.7248
63 7 17.6857
64 7 17.6438
65 7 17.5988
66 7 17.5504
67 7 17.4984
68 7 17.4424
69 7 17.382
70 7 17.3166
71 7 17.2459
72 7 17.169
73 7 17.0853
74 7 16.9937
75 7 16.8933
76 7 16.7828
77 7 16.6609
78 7 16.5264
79 7 16.3783
80 7 16.2162
81 7 0
82 7 0
83 7 0
84 7 0
85 7 0
86 7 0
87 7 0
88 7 0
89 7 0
90 7 0
91 7 0
92 7 0
93 7 0
94 7 0
95 7 0
96 7 0
97 7 0
98 7 0
99 7 0
100 7 0

0 8 0
1 8 0
2 8 0
3 8 0
4 8 0
5 8 0
6 8 0
7 8 0
8 8 0
9 8 0
10 8 0
11 8 0
12 8 0
13 8 0
14 8 0
15 8 0
16 8 0
17 8 0
18 8 0
19 8 0
20 8 16.4776
21 8 16.6423
22 8 16.7918
23 8 16.9263
24 8 17.0466
25 8 17.1537
26 8 17.2488
27 8 17.333
28 8 17.4074
29 8 17.4731
30 8 17.5309
31 8 17.5817
32 8 17.626
33 8 17.6646
34 8 17.6979
35 8 17.7263
36 8 17.7503
37 8 17.7702
38 8 17.7863
39 8 17.7987
40 8 17.8079
41 8 17.8139
42 8 17.8169
43 8 17.8172
44 8 17.8148
45 8 17.8099
46 8 17.8027
47 8 17.7932
48 8 17.7815
49 8 17.7678
50 8 17.7521
51 8 17.7344
52 8 17.7148
53 8 17.6933
54 8 17.6699
55 8 17.6446
56 8 17.6174
57 8 17.5881
58 8 17.5567
59 8 17.5231
60 8 17.4872
61 8 17.4487
62 8 17.4076
63 8 17.3635
64 8 17.3164
65 8 17.2658
66 8 17.2116
67 8 17.1534
68 8 17.0909
69 8 17.0237
70 8 16.9513
71 8 16.8733
72 8 16.7891
73 8 16.6982
74 8 16.5998
75 8 16.4933
76 8 16.3777
77 8 16.2524
78 8 16.1166
79 8 15.9698
80 8 15.8117
81 8 0
82 8 0
83 8 0
84 8 0
85 8 0
86 8 0
87 8 0
88 8 0
89 8 0
90 8 0
91 8 0
92 8 0
93 8 0
94 8 0
95 8 0
96 8 0
97 8 0
98 8 0
99 8 0
100 8 0

0 9 0
1 9 0
2 9 0
3 9 0
4 9 0
5 9 0
6 9 0
7 9 0
8 9 0
9 9 0
10 9 0
11 9 0
12 9 0
13 9 0
14 9 0
15 9 0
16 9 0
17 9 0
18 9 0
19 9 0
20 9 16.1792
21 9 16.341
22 9 16.4891
23 9 16.6237
24 9 16.7453
25 9 16.8547
26 9 16.9527
27 9 17.0402
28 9 17.1181
29 9 17.1873
30 9 17.2486
31 9 17.3025
32 9 17.3499
33 9 17.3912
34 9 17.4268
35 9 17.4574
36 9 17.4831
37 9 17.5043
38 9 17.5215
39 9 17.5347
40 9 17.5442
41 9 17.5503
42 9 17.5532
43 9 17.553
44 9 17.5498
45 9 17.5439
46 9 17.5354
47 9 17.5244
48 9 17.5111
49 9 17.4954
50 9 17.4775
51 9 17.4575
52 9 17.4354
53 9 17.4113
54 9 17.3851
55 9 17.3567
56 9 17.3263
57 9 17.2937
58 9 17.2587
59 9 17.2214
60 9 17.1815
61 9 17.1388
62 9 17.0932
63 9 17.0445
64 9 16.9924
65 9 16.9366
66 9 16.8768
67 9 16.8128
68 9 16.7441
69 9 16.6705
70 9 16.5916
71 9 16.5069
72 9 16.416
73 9 16.3186
74 9 16.2141
75 9 16.1022
76 9 15.9825
77 9 15.8544
78 9 15.7179
79 9 15.5725
80 9 15.4183
81 9 0
82 9 0
83 9 0
84 9 0
85 9 0
86 9 0
87 9 0
88 9 0
89 9 0
90 9 0
91 9 0
92 9 0
93 9 0
94 9 0
95 9 0
96 9 0
97 9 0
98 9 0
99 9 0
100 9 0

0 10 0
1 10 0
2 10 0
3 10 0
4 10 0
5 10 0
6 10 0
7 10 0
8 10 0
9 10 0
10 10 0
11 10 0
12 10 0
13 10 0
14 10 0
15 10 0
16 10 0
17 10 0
18 10 0
19 10 0
20 10 15.8944
21 10 16.0534
22 10 16.1999
23 10 16.3341
24 10 16.4563
25 10 16.5671
26 10 16.6671
27 10 16.757
28 10 16.8376
29 10 16.9095
30 10 16.9735
31 10 17.03
32 10 17.0798
33 10 17.1233
34 10 17.161
35 10 17.1932
36 10 17.2203
37 10 17.2427
38 10 17.2606
39 10 17.2743
40 10 17.284
41 10 17.2901
42 10 17.2925
43 10 17.2917
44 10 17.2876
45 10 17.2806
46 10 17.2707
47 10 17.2581
48 10 17.2429
49 10 17.2252
50 10 17.2051
51 10 17.1828
52 10 17.1581
53 10 17.1313
54 10 17.1023
55 10 17.071
56 10 17.0374
57 10 17.0015
58 10 16.9632
59 10 16.9222
60 10 16.8785
61 10 16.8319
62 10 16.7821
63 10 16.7289
64 10 16.672
65 10 16.6113
66 10 16.5463
67 10 16.4767
68 10 16.4023
69 10 16.3227
70 10 16.2376
71 10 16.1466
72 10 16.0495
73 10 15.946
74 10 15.8359
75 10 15.7191
76 10 15.5955
77 10 15.4651
78 10 15.3279
79 10 15.1841
80 10 15.0338
81 10 0
82 10 0
83 10 0
84 10 0
85 10 0
86 10 0
87 10 0
88 10 0
89 10 0
90 10 0
91 10 0
92 10 0
93 10 0
94 10 0
95 10 0
96 10 0
97 10 0
98 10 0
99 10 0
100 10 0

0 11 0
1 11 0
2 11 0
3 11 0
4 11 0
5 11 0
6 11 0
7 11 0
8 11 0
9 11 0
10 11 0
11 11 0
12 11 0
13 11 0
14 11 0
15 11 0
16 11 0
17 11 0
18 11 0
19 11 0
20 11 15.622
21 11 15.7782
22 11 15.923
23 11 16.0564
24 11 16.1787
25 11 16.2902
26 11 16.3915
27 11 16.4832
28 11 16.5657
29 11 16.6397
30 11 16.7057
31 11 16.7644
32 11 16.8161
33 11 16.8613
34 11 16.9005
35 11 16.9341
36 11 16.9623
37 11 16.9854
38 11 17.0039
39 11 17.0179
40 11 17.0276
41 11 17.0333
42 11 17.0352
43 11 17.0336
44 11 17.0285
45 11 17.0201
46 11 17.0087
47 11 16.9943
48 11 16.9772
49 11 16.9574
50 11 16.9351
51 11 16.9103
52 11 16.8831
53 11 16.8536
54 11 16.8217
55 11 16.7875
56 11 16.751
57 11 16.7119
58 11 16.6702
59 11 16.6258
60 11 16.5785
61 11 16.5281
62 11 16.4743
63 11 16.4169
64 11 16.3557
65 11 16.2902
66 11 16.2203
67 11 16.1456
68 11 16.0658
69 11 15.9805
70 11 15.8895
71 11 15.7925
72 11 15.6894
73 11 15.58
74 11 15.4644
75 11 15.3427
76 11 15.2153
77 11 15.0824
78 11 14.9446
79 11 14.8023
80 11 14.6557
81 11 0
82 11 0
83 11 0
84 11 0
85 11 0
86 11 0
87 11 0
88 11 0
89 11 0
90 11 0
91 11 0
92 11 0
93 11 0
94 11 0
95 11 0
96 11 0
97 11 0
98 11 0
99 11 0
100 11 0

0 12 0
1 12 0
2 12 0
3 12 0
4 12 0
5 12 0
6 12 0
7 12 0
8 12 0
9 12 0
10 12 0
11 12 0
12 12 0
13 12 0
14 12 0
15 12 0
16 12 0
17 12 0
18 12 0
19 12 0
20 12 15.3609
21 12 15.5145
22 12 15.6575
23 12 15.7899
24 12 15.9118
25 12 16.0236
26 12 16.1257
27 12 16.2184
28 12 16.3023
29 12 16.3778
30 12 16.4454
31 12 16.5056
32 12 16.5588
33 12 16.6054
34 12 16.6458
35 12 16.6803
36 12 16.7093
37 12 16.733
38 12 16.7517
39 12 16.7657
40 12 16.7752
41 12 16.7804
42 12 16.7816
43 12 16.7789
44 12 16.7725
45 12 16.7627
46 12 16.7496
47 12 16.7334
48 12 16.7142
49 12 16.6921
50 12 16.6675
51 12 16.6402
52 12 16.6104
53 12 16.5782
54 12 16.5436
55 12 16.5065
56 12 16.467
57 12 16.4248
58 12 16.38
59 12 16.3323
60 12 16.2816
61 12 16.2276
62 12 16.1701
63 12 16.1088
64 12 16.0435
65 12 15.9737
66 12 15.8992
67 12 15.8196
68 12 15.7347
69 12 15.644
70 12 15.5474
71 12 15.4446
72 12 15.3356
73 12 15.2203
74 12 15.099
75 12 14.9722
76 12 14.8405
77 12 14.7047
78 12 14.5658
79 12 14.4247
80 12 14.2819
81 12 0
82 12 0
83 12 0
84 12 0
85 12 0
86 12 0
87 12 0
88 12 0
89 12 0
90 12 0
91 12 0
92 12 0
93 12 0
94 12 0
95 12 0
96 12 0
97 12 0
98 12 0
99 12 0
100 12 0

0 13 0
1 13 0
2 13 0
3 13 0
4 13 0
5 13 0
6 13 0
7 13 0
8 13 0
9 13 0
10 13 0
11 13 0
12 13 0
13 13 0
14 13 0
15 13 0
16 13 0
17 13 0
18 13 0
19 13 0
20 13 15.1104
21 13 15.2615
22 13 15.4026
23 13 15.5338
24 13 15.6551
25 13 15.7668
26 13 15.8692
27 13 15.9626
28 13 16.0473
29 13 16.1239
30 13 16.1926
31 13 16.2539
32 13 16.3081
33 13 16.3557
34 13 16.3969
35 13 16.4321
36 13 16.4615
37 13 16.4855
38 13 16.5042
39 13 16.518
40 13 16.5271
41 13 16.5316
42 13 16.5318
43 13 16.5279
44 13 16.5201
45 13 16.5086
46 13 16.4937
47 13 16.4754
48 13 16.454
49 13 16.4296
50 13 16.4024
51 13 16.3726
52 13 16.3402
53 13 16.3053
54 13 16.2679
55 13 16.228
56 13 16.1856
57 13 16.1405
58 13 16.0927
59 13 16.0419
60 13 15.988
61 13 15.9307
62 13 15.8698
63 13 15.8049
64 13 15.7357
65 13 15.6619
66 13 15.5831
67 13 15.499
68 13 15.4093
69 13 15.3135
70 13 15.2115
71 13 15.103
72 13 14.988
73 13 14.8666
74 13 14.7393
75 13 14.6066
76 13 14.4698
77 13 14.3301
78 13 14.1893
79 13 14.0489
80 13 13.9098
81 13 0
82 13 0
83 13 0
84 13 0
85 13 0
86 13 0
87 13 0
88 13 0
89 13 0
90 13 0
91 13 0
92 13 0
93 13 0
94 13 0
95 13 0
96 13 0
97 13 0
98 13 0
99 13 0
100 13 0

0 14 0
1 14 0
2 14 0
3 14 0
4 14 0
5 14 0
6 14 0
7 14 0
8 14 0
9 14 0
10 14 0
11 14 0
12 14 0
13 14 0
14 14 0
15 14 0
16 14 0
17 14 0
18 14 0
19 14 0
20 14 14.8698
21 14 15.0185
22 14 15.1577
23 14 15.2876
24 14 15.4081
25 14 15.5194
26 14 15.6217
27 14 15.7153
28 14 15.8006
29 14 15.8777
30 14 15.9472
31 14 16.0092
32 14 16.0642
33 14 16.1124
34 14 16.1541
35 14 16.1897
36 14 16.2193
37 14 16.2432
38 14 16.2618
39 14 16.2751
40 14 16.2835
41 14 16.2871
42 14 16.2861
43 14 16.2808
44 14 16.2714
45 14 16.2581
46 14 16.241
47 14 16.2205
48 14 16.1968
49 14 16.1699
50 14 16.1401
51 14 16.1076
52 14 16.0725
53 14 16.0348
54 14 15.9947
55 14 15.952
56 14 15.9068
57 14 15.8589
58 14 15.8083
59 14 15.7547
60 14 15.6978
61 14 15.6375
62 14 15.5734
63 14 15.5052
64 14 15.4326
65 14 15.3551
66 14 15.2724
67 14 15.1841
68 14 15.0899
69 14 14.9893
70 14 14.882
71 14 14.7679
72 14 14.6468
73 14 14.5189
74 14 14.3848
75 14 14.2452
76 14 14.1018
77 14 13.9567
78 14 13.8125
79 14 13.6718
80 14 13.5364
81 14 0
82 14 0
83 14 0
84 14 0
85 14 0
86 14 0
87 14 0
88 14 0
89 14 0
90 14 0
91 14 0
92 14 0
93 14 0
94 14 0
95 14 0
96 14 0
97 14 0
98 14 0
99 14 0
100 14 0

0 15 0
1 15 0
2 15 0
3 15 0
4 15 0
5 15 0
6 15 0
7 15 0
8 15 0
9 15 0
10 15 0
11 15 0
12 15 0
13 15 0
14 15 0
15 15 0
16 15 0
17 15 0
18 15 0
19 15 0
20 15 14.6385
21 15 14.7849
22 15 14.9223
23 15 15.0507
24 15 15.1702
25 15 15.2809
26 15 15.3829
27 15 15.4765
28 15 15.5619
29 15 15.6394
30 15 15.7092
31 15 15.7716
32 15 15.827
33 15 15.8755
34 15 15.9175
35 15 15.9531
36 15 15.9827
37 15 16.0064
38 15 16.0245
39 15 16.0372
40 15 16.0447
41 15 16.0471
42 15 16.0448
43 15 16.0379
44 15 16.0266
45 15 16.0112
46 15 15.9919
47 15 15.969
48 15 15.9426
49 15 15.9131
50 15 15.8806
51 15 15.8453
52 15 15.8074
53 15 15.7669
54 15 15.724
55 15 15.6786
56 15 15.6307
57 15 15.5802
58 15 15.5269
59 15 15.4706
60 15 15.4111
61 15 15.3481
62 15 15.2811
63 15 15.21
64 15 15.1343
65 15 15.0535
66 15 14.9673
67 15 14.8752
68 15 14.7769
69 15 14.6717
70 15 14.5594
71 15 14.4397
72 15 14.3124
73 15 14.1776
74 15 14.0357
75 15 13.8877
76 15 13.7356
77 15 13.5824
78 15 13.4321
79 15 13.2894
80 15 13.1578
81 15 0
82 15 0
83 15 0
84 15 0
85 15 0
86 15 0
87 15 0
88 15 0
89 15 0
90 15 0
91 15 0
92 15 0
93 15 0
94 15 0
95 15 0
96 15 0
97 15 0
98 15 0
99 15 0
100 15 0

0 16 0
1 16 0
2 16 0
3 16 0
4 16 0
5 16 0
6 16 0
7 16 0
8 16 0
9 16 0
10 16 0
11 16 0
12 16 0
13 16 0
14 16 0
15 16 0
16 16 0
17 16 0
18 16 0
19 16 0
20 16 14.4161
21 16 14.5602
22 16 14.6958
23 16 14.8228
24 16 14.9412
25 16 15.051
26 16 15.1526
27 16 15.2459
28 16 15.3312
29 16 15.4087
30 16 15.4786
31 16 15.5412
32 16 15.5966
33 16 15.6453
34 16 15.6872
35 16 15.7227
36 16 15.752
37 16 15.7753
38 16 15.7927
39 16 15.8045
40 16 15.8109
41 16 15.812
42 16 15.8081
43 16 15.7993
44 16 15.786
45 16 15.7683
46 16 15.7465
47 16 15.7209
48 16 15.6917
49 16 15.6593
50 16 15.6238
51 16 15.5856
52 16 15.5448
53 16 15.5015
54 16 15.4558
55 16 15.4078
56 16 15.3573
57 16 15.3043
58 16 15.2486
59 16 15.1899
60 16 15.128
61 16 15.0625
62 16 14.9931
63 16 14.9195
64 16 14.841
65 16 14.7574
66 16 14.6681
67 16 14.5727
68 16 14.4706
69 16 14.3613
70 16 14.2443
71 16 14.1192
72 16 13.9856
73 16 13.8433
74 16 13.6926
75 16 13.5344
76 16 13.3707
77 16 13.2051
78 16 13.0441
79 16 12.8959
80 16 12.7682
81 16 0
82 16 0
83 16 0
84 16 0
85 16 0
86 16 0
87 16 0
88 16 0
89 16 0
90 16 0
91 16 0
92 16 0
93 16 0
94 16 0
95 16 0
96 16 0
97 16 0
98 16 0
99 16 0
100 16 0

0 17 0
1 17 0
2 17 0
3 17 0
4 17 0
5 17 0
6 17 0
7 17 0
8 17 0
9 17 0
10 17 0
11 17 0
12 17 0
13 17 0
14 17 0
15 17 0
16 17 0
17 17 0
18 17 0
19 17 0
20 17 14.2022
21 17 14.3442
22 17 14.478
23 17 14.6035
24 17 14.7207
25 17 14.8296
26 17 14.9304
27 17 15.0233
28 17 15.1082
29 17 15.1855
30 17 15.2553
31 17 15.3178
32 17 15.3732
33 17 15.4216
34 17 15.4634
35 17 15.4985
36 17 15.5274
37 17 15.55
38 17 15.5666
39 17 15.5773
40 17 15.5823
41 17 15.5819
42 17 15.5762
43 17 15.5654
44 17 15.5497
45 17 15.5295
46 17 15.5049
47 17 15.4763
48 17 15.4441
49 17 15.4085
50 17 15.3699
51 17 15.3285
52 17 15.2846
53 17 15.2384
54 17 15.19
55 17 15.1393
56 17 15.0864
57 17 15.0311
58 17 14.9732
59 17 14.9124
60 17 14.8484
61 17 14.7809
62 17 14.7095
63 17 14.6337
64 17 14.553
65 17 14.467
66 17 14.3752
67 17 14.2769
68 17 14.1716
69 17 14.0586
70 17 13.9374
71 17 13.8072
72 17 13.6674
73 17 13.5175
74 17 13.3571
75 17 13.1866
76 17 13.0074
77 17 12.8235
78 17 12.6432
79 17 12.4819
80 17 12.3583
81 17 0
82 17 0
83 17 0
84 17 0
85 17 0
86 17 0
87 17 0
88 17 0
89 17 0
90 17 0
91 17 0
92 17 0
93 17 0
94 17 0
95 17 0
96 17 0
97 17 0
98 17 0
99 17 0
100 17 0

0 18 0
1 18 0
2 18 0
3 18 0
4 18 0
5 18 0
6 18 0
7 18 0
8 18 0
9 18 0
10 18 0
11 18 0
12 18 0
13 18 0
14 18 0
15 18 0
16 18 0
17 18 0
18 18 0
19 18 0
20 18 13.9965
21 18 14.1365
22 18 14.2685
23 18 14.3924
24 18 14.5084
25 18 14.6163
26 18 14.7163
27 18 14.8085
28 18 14.893
29 18 14.9699
30 18 15.0394
31 18 15.1016
32 18 15.1567
33 18 15.2048
34 18 15.2461
35 18 15.2808
36 18 15.3089
37 18 15.3307
38 18 15.3463
39 18 15.3558
40 18 15.3593
41 18 15.3572
42 18 15.3494
43 18 15.3363
44 18 15.3181
45 18 15.295
46 18 15.2673
47 18 15.2355
48 18 15.1999
49 18 15.1608
50 18 15.1187
51 18 15.074
52 18 15.0269
53 18 14.9776
54 18 14.9264
55 18 14.8732
56 18 14.818
57 18 14.7606
58 18 14.7007
59 18 14.6381
60 18 14.5724
61 18 14.5033
62 18 14.4302
63 18 14.3527
64 18 14.2703
65 18 14.1825
66 18 14.0886
67 18 13.9881
68 18 13.8802
69 18 13.7643
70 18 13.6394
71 18 13.5048
72 18 13.3594
73 18 13.2021
74 18 13.0318
75 18 12.8476
76 18 12.649
77 18 12.4381
78 18 12.2235
79 18 12.0302
80 18 11.9111
81 18 0
82 18 0
83 18 0
84 18 0
85 18 0
86 18 0
87 18 0
88 18 0
89 18 0
90 18 0
91 18 0
92 18 0
93 18 0
94 18 0
95 18 0
96 18 0
97 18 0
98 18 0
99 18 0
100 18 0

0 19 0
1 19 0
2 19 0
3 19 0
4 19 0
5 19 0
6 19 0
7 19 0
8 19 0
9 19 0
10 19 0
11 19 0
12 19 0
13 19 0
14 19 0
15 19 0
16 19 0
17 19 0
18 19 0
19 19 0
20 19 13.7988
21 19 13.9368
22 19 14.067
23 19 14.1895
24 19 14.3041
25 19 14.411
26 19 14.5101
27 19 14.6015
28 19 14.6854
29 19 14.7617
30 19 14.8307
31 19 14.8925
32 19 14.9471
33 19 14.9948
34 19 15.0355
35 19 15.0695
36 19 15.0968
37 19 15.1177
38 19 15.1321
39 19 15.1402
40 19 15.1421
41 19 15.138
42 19 15.128
43 19 15.1124
44 19 15.0913
45 19 15.065
46 19 15.034
47 19 14.9985
48 19 14.959
49 19 14.9161
50 19 14.8702
51 19 14.8218
52 19 14.7713
53 19 14.7189
54 19 14.6648
55 19 14.6092
56 19 14.5518
57 19 14.4925
58 19 14.431
59 19 14.3669
60 19 14.3
61 19 14.2296
62 19 14.1553
63 19 14.0767
64 19 13.9931
65 19 13.904
66 19 13.8088
67 19 13.7067
68 19 13.597
69 19 13.4788
70 19 13.3513
71 19 13.2132
72 19 13.0633
73 19 12.8998
74 19 12.7206
75 19 12.5229
76 19 12.3029
77 19 12.0566
78 19 11.7825
79 19 11.5044
80 19 11.3905
81 19 0
82 19 0
83 19 0
84 19 0
85 19 0
86 19 0
87 19 0
88 19 0
89 19 0
90 19 0
91 19 0
92 19 0
93 19 0
94 19 0
95 19 0
96 19 0
97 19 0
98 19 0
99 19 0
100 19 0

0 20 0
1 20 0
2 20 0
3 20 0
4 20 0
5 20 0
6 20 0
7 20 0
8 20 0
9 20 0
10 20 0
11 20 0
12 20 0
13 20 0
14 20 0
15 20 0
16 20 0
17 20 0
18 20 0
19 20 0
20 20 13.6087
21 20 13.7448
22 20 13.8733
23 20 13.9943
24 20 14.1076
25 20 14.2134
26 20 14.3115
27 20 14.4021
28 20 14.4852
29 20 14.561
30 20 14.6294
31 20 14.6906
32 20 14.7446
33 20 14.7916
34 20 14.8317
35 20 14.8649
36 20 14.8913
37 20 14.9111
38 20 14.9242
39 20 14.9308
40 20 14.9309
41 20 14.9247
42 20 14.9123
43 20 14.8939
44 20 14.8697
45 20 14.84
46 20 14.8051
47 20 14.7655
48 20 14.7217
49 20 14.6745
50 20 14.6243
51 20 14.5718
52 20 14.5175
53 20 14.4618
54 20 14.4049
55 20 14.3469
56 20 14.2875
57 20 14.2266
58 20 14.1638
59 20 14.0987
60 20 14.0309
61 20 13.9598
62 20 13.8849
63 20 13.8057
64 20 13.7215
65 20 13.6318
66 20 13.5358
67 20 13.4329
68 20 13.3222
69 20 13.2028
70 20 13.0737
71 20 12.9335
72 20 12.7807
73 20 12.6132
74 20 12.4278
75 20 12.2204
76 20 11.9833
77 20 11.7027
78 20 11.3454
79 20 10.8144
80 20 9.7585
81 20 9.79852
82 20 9.59366
83 20 9.41813
84 20 9.26991
85 20 9.14681
86 20 9.04714
87 20 8.96961
88 20 8.91334
89 20 8.87768
90 20 8.86221
91 20 8.86669
92 20 8.89098
93 20 8.9351
94 20 8.99923
95 20 9.0838
96 20 9.18964
97 20 9.31839
98 20 9.47335
99 20 9.66175
100 20 9.90099

0 21 0
1 21 0
2 21 0
3 21 0
4 21 0
5 21 0
6 21 0
7 21 0
8 21 0
9 21 0
10 21 0
11 21 0
12 21 0
13 21 0
14 21 0
15 21 0
16 21 0
17 21 0
18 21 0
19 21 0
20 21 13.4261
21 21 13.5604
22 21 13.6873
23 21 13.8068
24 21 13.9188
25 21 14.0234
26 21 14.1205
27 21 14.2102
28 21 14.2925
29 21 14.3675
30 21 14.4352
31 21 14.4958
32 21 14.5492
33 21 14.5955
34 21 14.6348
35 21 14.6671
36 21 14.6925
37 21 14.7111
38 21 14.7228
39 21 14.7278
40 21 14.7261
41 21 14.7177
42 21 14.7027
43 21 14.6813
44 21 14.6536
45 21 14.62
46 21 14.5809
47 21 14.5366
48 21 14.488
49 21 14.4357
50 21 14.3807
51 21 14.3236
52 21 14.2652
53 21 14.206
54 21 14.1462
55 21 14.0859
56 21 14.0248
57 21 13.9626
58 21 13.899
59 21 13.8333
60 21 13.7651
61 21 13.6938
62 21 13.6189
63 21 13.5396
64 21 13.4555
65 21 13.3657
66 21 13.2698
67 21 13.1668
68 21 13.0561
69 21 12.9366
70 21 12.8072
71 21 12.6666
72 21 12.513
73 21 12.3443
74 21 12.1573
75 21 11.9474
76 21 11.7074
77 21 11.4256
78 21 11.0821
79 21 10.6493
80 21 10.1318
81 21 9.89652
82 21 9.68961
83 21 9.51233
84 21 9.36262
85 21 9.23829
86 21 9.13762
87 21 9.05932
88 21 9.00248
89 21 8.96646
90 21 8.95084
91 21 8.95536
92 21 8.97989
93 21 9.02445
94 21 9.08923
95 21 9.17464
96 21 9.28154
97 21 9.41157
98 21 9.56808
99 21 9.75837
100 21 10

0 22 0
1 22 0
2 22 0
3 22 0
4 22 0
5 22 0
6 22 0
7 22 0
8 22 0
9 22 0
10 22 0
11 22 0
12 22 0
13 22 0
14 22 0
15 22 0
16 22 0
17 22 0
18 22 0
19 22 0
20 22 13.2509
21 22 13.3834
22 22 13.5087
23 22 13.6267
24 22 13.7374
25 22 13.8408
26 22 13.9369
27 22 14.0257
28 22 14.1071
29 22 14.1813
30 22 14.2483
31 22 14.3081
32 22 14.3608
33 22 14.4063
34 22 14.4448
35 22 14.4762
36 22 14.5006
37 22 14.518
38 22 14.5283
39 22 14.5316
40 22 14.5279
41 22 14.5172
42 22 14.4995
43 22 14.4749
44 22 14.4436
45 22 14.4057
46 22 14.3618
47 22 14.3122
48 22 14.2579
49 22 14.1998
50 22 14.1391
51 22 14.0767
52 22 14.0138
53 22 13.9508
54 22 13.8881
55 22 13.8257
56 22 13.7632
57 22 13.7002
58 22 13.6362
59 22 13.5705
60 22 13.5025
61 22 13.4316
62 22 13.3571
63 22 13.2785
64 22 13.195
65 22 13.106
66 22 13.0108
67 22 12.9087
68 22 12.7988
69 22 12.6802
70 22 12.5519
71 22 12.4125
72 22 12.2605
73 22 12.0938
74 22 11.9097
75 22 11.7045
76 22 11.4734
77 22 11.21
78 22 10.9082
79 22 10.5689
80 22 10.2227
81 22 9.96621
82 22 9.75596
83 22 9.57897
84 22 9.42996
85 22 9.30615
86 22 9.20575
87 22 9.12758
88 22 9.07081
89 22 9.03487
90 22 9.01935
91 22 9.02403
92 22 9.04879
93 22 9.0936
94 22 9.15859
95 22 9.24401
96 22 9.35032
97 22 9.47829
98 22 9.62904
99 22 9.80365
100 22 10

0 23 0
1 23 0
2 23 0
3 23 0
4 23 0
5 23 0
6 23 0
7 23 0
8 23 0
9 23 0
10 23 0
11 23 0
12 23 0
13 23 0
14 23 0
15 23 0
16 23 0
17 23 0
18 23 0
19 23 0
20 23 13.0828
21 23 13.2136
22 23 13.3373
23 23 13.454
24 23 13.5634
25 23 13.6656
26 23 13.7606
27 23 13.8484
28 23 13.929
29 23 14.0024
30 23 14.0686
31 23 14.1277
32 23 14.1796
33 23 14.2243
34 23 14.2619
35 23 14.2924
36 23 14.3157
37 23 14.3319
38 23 14.3408
39 23 14.3425
40 23 14.3368
41 23 14.3237
42 23 14.3032
43 23 14.2753
44 23 14.24
45 23 14.1976
46 23 14.1482
47 23 14.0926
48 23 14.0317
49 23 13.9666
50 23 13.8991
51 23 13.8305
52 23 13.7623
53 23 13.6954
54 23 13.6298
55 23 13.5655
56 23 13.5021
57 23 13.4388
58 23 13.375
59 23 13.3099
60 23 13.2428
61 23 13.1729
62 23 13.0996
63 23 13.0222
64 23 12.9401
65 23 12.8525
66 23 12.7588
67 23 12.6583
68 23 12.5502
69 23 12.4337
70 23 12.3077
71 23 12.1712
72 23 12.0227
73 23 11.8607
74 23 11.6832
75 23 11.4877
76 23 11.2716
77 23 11.033
78 23 10.7719
79 23 10.4955
80 23 10.2241
81 23 9.98965
82 23 9.78909
83 23 9.61764
84 23 9.47215
85 23 9.35059
86 23 9.25167
87 23 9.17446
88 23 9.11834
89 23 9.08285
90 23 9.06768
91 23 9.07265
92 23 9.09763
93 23 9.14259
94 23 9.20753
95 23 9.29249
96 23 9.39744
97 23 9.52222
98 23 9.66614
99 23 9.82719
100 23 10

0 24 0
1 24 0
2 24 0
3 24 0
4 24 0
5 24 0
6 24 0
7 24 0
8 24 0
9 24 0
10 24 0
11 24 0
12 24 0
13 24 0
14 24 0
15 24 0
16 24 0
17 24 0
18 24 0
19 24 0
20 24 12.9217
21 24 13.0509
22 24 13.1732
23 24 13.2884
24 24 13.3966
25 24 13.4977
26 24 13.5916
27 24 13.6784
28 24 13.7581
29 24 13.8307
30 24 13.8961
31 24 13.9544
32 24 14.0055
33 24 14.0494
34 24 14.0862
35 24 14.1158
36 24 14.1381
37 24 14.1531
38 24 14.1606
39 24 14.1607
40 24 14.1531
41 24 14.1377
42 24 14.1144
43 24 14.0831
44 24 14.0437
45 24 13.9963
46 24 13.941
47 24 13.8784
48 24 13.8095
49 24 13.736
50 24 13.66
51 24 13.584
52 24 13.5098
53 24 13.4385
54 24 13.3702
55 24 13.3046
56 24 13.2409
57 24 13.1781
58 24 13.1152
59 24 13.0515
60 24 12.9859
61 24 12.9177
62 24 12.8463
63 24 12.7708
64 24 12.6906
65 24 12.6051
66 24 12.5137
67 24 12.4156
68 24 12.3101
69 24 12.1966
70 24 12.0741
71 24 11.9418
72 24 11.7985
73 24 11.6432
74 24 11.4746
75 24 11.2913
76 24 11.0926
77 24 10.8783
78 24 10.6509
79 24 10.417
80 24 10.1885
81 24 9.97924
82 24 9.79312
83 24 9.63039
84 24 9.4904
85 24 9.37244
86 24 9.27589
87 24 9.20028
88 24 9.14525
89 24 9.11052
90 24 9.0959
91 24 9.10126
92 24 9.12651
93 24 9.17161
94 24 9.23648
95 24 9.32097
96 24 9.42474
97 24 9.547
98 24 9.68613
99 24 9.83897
100 24 10

0 25 0
1 25 0
2 25 0
3 25 0
4 25 0
5 25 0
6 25 0
7 25 0
8 25 0
9 25 0
10 25 0
11 25 0
12 25 0
13 25 0
14 25 0
15 25 0
16 25 0
17 25 0
18 25 0
19 25 0
20 25 12.7675
21 25 12.8952
22 25 13.016
23 25 13.1299
24 25 13.2369
25 25 13.3368
26 25 13.4297
27 25 13.5156
28 25 13.5944
29 25 13.6661
30 25 13.7307
31 25 13.7882
32 25 13.8386
33 25 13.8818
34 25 13.9177
35 25 13.9464
36 25 13.9678
37 25 13.9817
38 25 13.988
39 25 13.9865
40 25 13.9771
41 25 13.9596
42 25 13.9337
43 25 13.899
44 25 13.8555
45 25 13.8028
46 25 13.7411
47 25 13.6705
48 25 13.5921
49 25 13.5079
50 25 13.4211
51 25 13.3356
52 25 13.2544
53 25 13.1786
54 25 13.1081
55 25 13.0419
56 25 12.9788
57 25 12.9173
58 25 12.8564
59 25 12.7948
60 25 12.7316
61 25 12.6659
62 25 12.597
63 25 12.5241
64 25 12.4465
65 25 12.3638
66 25 12.2752
67 25 12.1802
68 25 12.0781
69 25 11.9684
70 25 11.8504
71 25 11.7233
72 25 11.5865
73 25 11.4391
74 25 11.2807
75 25 11.1106
76 25 10.929
77 25 10.7368
78 25 10.5366
79 25 10.3332
80 25 10.1337
81 25 9.94569
82 25 9.7738
83 25 9.62043
84 25 9.48666
85 25 9.37288
86 25 9.27919
87 25 9.20555
88 25 9.15188
89 25 9.1181
90 25 9.10415
91 25 9.10998
92 25 9.13556
93 25 9.18086
94 25 9.2458
95 25 9.33019
96 25 9.43356
97 25 9.55493
98 25 9.6924
99 25 9.84257
100 25 10

0 26 0
1 26 0
2 26 0
3 26 0
4 26 0
5 26 0
6 26 0
7 26 0
8 26 0
9 26 0
10 26 0
11 26 0
12 26 0
13 26 0
14 26 0
15 26 0
16 26 0
17 26 0
18 26 0
19 26 0
20 26 12.6202
21 26 12.7464
22 26 12.8658
23 26 12.9785
24 26 13.0842
25 26 13.1831
26 26 13.2749
27 26 13.3599
28 26 13.4378
29 26 13.5087
30 26 13.5725
31 26 13.6292
32 26 13.6789
33 26 13.7213
34 26 13.7565
35 26 13.7844
36 26 13.8049
37 26 13.8179
38 26 13.8231
39 26 13.8203
40 26 13.8094
41 26 13.7899
42 26 13.7616
43 26 13.7239
44 26 13.6764
45 26 13.6186
46 26 13.55
47 26 13.4704
48 26 13.3805
49 26 13.2824
50 26 13.1808
51 26 13.083
52 26 12.9935
53 26 12.9134
54 26 12.8416
55 26 12.7762
56 26 12.715
57 26 12.6562
58 26 12.5982
59 26 12.5398
60 26 12.4798
61 26 12.4174
62 26 12.3517
63 26 12.282
64 26 12.2077
65 26 12.1283
66 26 12.0432
67 26 11.9519
68 26 11.8539
69 26 11.7487
70 26 11.6357
71 26 11.5146
72 26 11.3849
73 26 11.2462
74 26 11.0984
75 26 10.9415
76 26 10.776
77 26 10.6033
78 26 10.4254
79 26 10.2455
80 26 10.0675
81 26 9.89603
82 26 9.73597
83 26 9.5909
84 26 9.46295
85 26 9.35326
86 26 9.26246
87 26 9.19086
88 26 9.13863
89 26 9.10587
90 26 9.09263
91 26 9.09896
92 26 9.1249
93 26 9.17048
94 26 9.23569
95 26 9.32043
96 26 9.42437
97 26 9.54676
98 26 9.68598
99 26 9.8389
100 26 10

0 27 0
1 27 0
2 27 0
3 27 0
4 27 0
5 27 0
6 27 0
7 27 0
8 27 0
9 27 0
10 27 0
11 27 0
12 27 0
13 27 0
14 27 0
15 27 0
16 27 0
17 27 0
18 27 0
19 27 0
20 27 12.4796
21 27 12.6044
22 27 12.7225
23 27 12.8339
24 27 12.9385
25 27 13.0362
26 27 13.1271
27 27 13.2111
28 27 13.2882
29 27 13.3583
30 27 13.4214
31 27 13.4774
32 27 13.5263
33 27 13.5681
34 27 13.6027
35 27 13.6299
36 27 13.6497
37 27 13.6618
38 27 13.6661
39 27 13.6623
40 27 13.6502
41 27 13.6292
42 27 13.5989
43 27 13.5586
44 27 13.5077
45 27 13.4451
46 27 13.3698
47 27 13.2807
48 27 13.1772
49 27 13.0605
50 27 12.9369
51 27 12.8221
52 27 12.7233
53 27 12.64
54 27 12.5689
55 27 12.5062
56 27 12.4488
57 27 12.3942
58 27 12.3406
59 27 12.2864
60 27 12.2306
61 27 12.1721
62 27 12.1103
63 27 12.0445
64 27 11.9741
65 27 11.8986
66 27 11.8175
67 27 11.7304
68 27 11.6369
69 27 11.5366
70 27 11.4293
71 27 11.3146
72 27 11.1923
73 27 11.0625
74 27 10.9252
75 27 10.7809
76 27 10.6304
77 27 10.475
78 27 10.3162
79 27 10.1558
80 27 9.99493
81 27 9.83495
82 27 9.68316
83 27 9.54429
84 27 9.42099
85 27 9.31477
86 27 9.22654
87 27 9.15681
88 27 9.10593
89 27 9.07413
90 27 9.06156
91 27 9.06834
92 27 9.09461
93 27 9.14048
94 27 9.20606
95 27 9.29147
96 27 9.39674
97 27 9.52176
98 27 9.66587
99 27 9.82706
100 27 10

0 28 0
1 28 0
2 28 0
3 28 0
4 28 0
5 28 0
6 28 0
7 28 0
8 28 0
9 28 0
10 28 0
11 28 0
12 28 0
13 28 0
14 28 0
15 28 0
16 28 0
17 28 0
18 28 0
19 28 0
20 28 12.3455
21 28 12.469
22 28 12.5859
23 28 12.6961
24 28 12.7996
25 28 12.8963
26 28 12.9862
27 28 13.0693
28 28 13.1456
29 28 13.2149
30 28 13.2773
31 28 13.3327
32 28 13.381
33 28 13.4222
34 28 13.4562
35 28 13.4829
36 28 13.5021
37 28 13.5136
38 28 13.5173
39 28 13.5128
40 28 13.4998
41 28 13.4777
42 28 13.4461
43 28 13.4041
44 28 13.3506
45 28 13.2844
46 28 13.2035
47 28 13.1055
48 28 12.987
49 28 12.8454
50 28 12.6842
51 28 12.5452
52 28 12.4375
53 28 12.3545
54 28 12.2877
55 28 12.231
56 28 12.1798
57 28 12.1313
58 28 12.0834
59 28 12.0347
60 28 11.9839
61 28 11.9303
62 28 11.8731
63 28 11.8117
64 28 11.7456
65 28 11.6744
66 28 11.5978
67 28 11.5153
68 28 11.4267
69 28 11.3317
70 28 11.2302
71 28 11.1221
72 28 11.0074
73 28 10.8862
74 28 10.7591
75 28 10.6265
76 28 10.4897
77 28 10.35
78 28 10.2088
79 28 10.0668
80 28 9.92143
81 28 9.76571
82 28 9.61747
83 28 9.48212
84 28 9.36196
85 28 9.25834
86 28 9.17213
87 28 9.10393
88 28 9.05418
89 28 9.02317
90 28 9.01114
91 28 9.01826
92 28 9.04474
93 28 9.09077
94 28 9.15661
95 28 9.24264
96 28 9.34939
97 28 9.47767
98 28 9.62867
99 28 9.80348
100 28 10

0 29 0
1 29 0
2 29 0
3 29 0
4 29 0
5 29 0
6 29 0
7 29 0
8 29 0
9 29 0
10 29 0
11 29 0
12 29 0
13 29 0
14 29 0
15 29 0
16 29 0
17 29 0
18 29 0
19 29 0
20 29 12.2181
21 29 12.3403
22 29 12.4559
23 29 12.565
24 29 12.6674
25 29 12.7632
26 29 12.8522
27 29 12.9345
28 29 13.0099
29 29 13.0785
30 29 13.1402
31 29 13.195
32 29 13.2428
33 29 13.2835
34 29 13.317
35 29 13.3433
36 29 13.3621
37 29 13.3733
38 29 13.3767
39 29 13.3718
40 29 13.3584
41 29 13.336
42 29 13.3038
43 29 13.261
44 29 13.2064
45 29 13.1384
46 29 13.0544
47 29 12.9506
48 29 12.8202
49 29 12.6499
50 29 12.4093
51 29 12.237
52 29 12.1272
53 29 12.0527
54 29 11.9967
55 29 11.9502
56 29 11.9082
57 29 11.8679
58 29 11.8273
59 29 11.785
60 29 11.7402
61 29 11.6921
62 29 11.64
63 29 11.5836
64 29 11.5223
65 29 11.4558
66 29 11.3839
67 29 11.3063
68 29 11.2228
69 29 11.1334
70 29 11.0378
71 29 10.9363
72 29 10.8289
73 29 10.7161
74 29 10.5983
75 29 10.4765
76 29 10.352
77 29 10.2265
78 29 10.1022
79 29 9.98105
80 29 9.85833
81 29 9.689
82 29 9.53893
83 29 9.40478
84 29 9.28643
85 29 9.18451
86 29 9.09972
87 29 9.03264
88 29 8.98371
89 29 8.95326
90 29 8.94157
91 29 8.94884
92 29 8.97532
93 29 9.02125
94 29 9.087
95 29 9.1731
96 29 9.28049
97 29 9.41088
98 29 9.56767
99 29 9.75818
100 29 10

0 30 0
1 30 0
2 30 0
3 30 0
4 30 0
5 30 0
6 30 0
7 30 0
8 30 0
9 30 0
10 30 0
11 30 0
12 30 0
13 30 0
14 30 0
15 30 0
16 30 0
17 30 0
18 30 0
19 30 0
20 30 12.0971
21 30 12.2181
22 30 12.3326
23 30 12.4406
24 30 12.542
25 30 12.6368
26 30 12.725
27 30 12.8064
28 30 12.8811
29 30 12.949
30 30 13.0101
31 30 13.0644
32 30 13.1117
33 30 13.152
34 30 13.1852
35 30 13.2112
36 30 13.2298
37 30 13.2409
38 30 13.2442
39 30 13.2394
40 30 13.2262
41 30 13.2039
42 30 13.172
43 30 13.1297
44 30 13.0756
45 30 13.0083
46 30 12.9251
47 30 12.8224
48 30 12.6933
49 30 12.5246
50 30 12.0663
51 30 11.8662
52 30 11.7818
53 30 11.7325
54 30 11.6961
55 30 11.6648
56 30 11.635
57 30 11.6047
58 30 11.5727
59 30 11.538
60 30 11.4999
61 30 11.4579
62 30 11.4115
63 30 11.3603
64 30 11.3041
65 30 11.2427
66 30 11.1758
67 30 11.1033
68 30 11.0251
69 30 10.9411
70 30 10.8515
71 30 10.7564
72 30 10.656
73 30 10.5509
74 30 10.4416
75 30 10.3292
76 30 10.2152
77 30 10.1017
78 30 9.99269
79 30 9.89689
80 30 9.84187
81 30 9.59307
82 30 9.44448
83 30 9.31166
84 30 9.19448
85 30 9.09357
86 30 9.00962
87 30 8.9432
88 30 8.89476
89 30 8.86461
90 30 8.85304
91 30 8.86024
92 30 8.88645
93 30 8.93193
94 30 8.99702
95 30 9.08228
96 30 9.18861
97 30 9.31771
98 30 9.47294
99 30 9.66156
100 30 9.90099

0 31 0
1 31 0
2 31 0
3 31 0
4 31 0
5 31 0
6 31 0
7 31 0
8 31 0
9 31 0
10 31 0
11 31 0
12 31 0
13 31 0
14 31 0
15 31 0
16 31 0
17 31 0
18 31 0
19 31 0
20 31 0
21 31 0
22 31 0
23 31 0
24 31 0
25 31 0
26 31 0
27 31 0
28 31 0
29 31 0
30 31 0
31 31 0
32 31 0
33 31 0
34 31 0
35 31 0
36 31 0
37 31 0
38 31 0
39 31 0
40 31 0
41 31 0
42 31 0
43 31 0
44 31 0
45 31 0
46 31 0
47 31 0
48 31 0
49 31 0
50 31 11.2671
51 31 11.3798
52 31 11.4011
53 31 11.3995
54 31 11.3906
55 31 11.378
56 31 11.3623
57 31 11.3434
58 31 11.3209
59 31 11.2944
60 31 11.2636
61 31 11.2281
62 31 11.1877
63 31 11.1421
64 31 11.0913
65 31 11.0351
66 31 10.9733
67 31 10.906
68 31 10.833
69 31 10.7546
70 31 10.6707
71 31 10.5817
72 31 10.4879
73 31 10.3898
74 31 10.288
75 31 10.1837
76 31 10.0779
77 31 9.97262
78 31 9.86994
79 31 9.77198
80 31 9.67522
81 31 0
82 31 0
83 31 0
84 31 0
85 31 0
86 31 0
87 31 0
88 31 0
89 31 0
90 31 0
91 31 0
92 31 0
93 31 0
94 31 0
95 31 0
96 31 0
97 31 0
98 31 0
99 31 0
100 31 0

0 32 0
1 32 0
2 32 0
3 32 0
4 32 0
5 32 0
6 32 0
7 32 0
8 32 0
9 32 0
10 32 0
11 32 0
12 32 0
13 32 0
14 32 0
15 32 0
16 32 0
17 32 0
18 32 0
19 32 0
20 32 0
21 32 0
22 32 0
23 32 0
24 32 0
25 32 0
26 32 0
27 32 0
28 32 0
29 32 0
30 32 0
31 32 0
32 32 0
33 32 0
34 32 0
35 32 0
36 32 0
37 32 0
38 32 0
39 32 0
40 32 0
41 32 0
42 32 0
43 32 0
44 32 0
45 32 0
46 32 0
47 32 0
48 32 0
49 32 0
50 32 10.8761
51 32 10.9849
52 32 11.0434
53 32 11.0737
54 32 11.0887
55 32 11.0943
56 32 11.0929
57 32 11.0858
58 32 11.0731
59 32 11.0552
60 32 11.0319
61 32 11.0032
62 32 10.969
63 32 10.9293
64 32 10.884
65 32 10.833
66 32 10.7765
67 32 10.7143
68 32 10.6466
69 32 10.5735
70 32 10.4952
71 32 10.4119
72 32 10.3242
73 32 10.2324
74 32 10.1372
75 32 10.0395
76 32 9.94031
77 32 9.8409
78 32 9.7425
79 32 9.64589
80 32 9.55039
81 32 0
82 32 0
83 32 0
84 32 0
85 32 0
86 32 0
87 32 0
88 32 0
89 32 0
90 32 0
91 32 0
92 32 0
93 32 0
94 32 0
95 32 0
96 32 0
97 32 0
98 32 0
99 32 0
100 32 0

0 33 0
1 33 0
2 33 0
3 33 0
4 33 0
5 33 0
6 33 0
7 33 0
8 33 0
9 33 0
10 33 0
11 33 0
12 33 0
13 33 0
14 33 0
15 33 0
16 33 0
17 33 0
18 33 0
19 33 0
20 33 0
21 33 0
22 33 0
23 33 0
24 33 0
25 33 0
26 33 0
27 33 0
28 33 0
29 33 0
30 33 0
31 33 0
32 33 0
33 33 0
34 33 0
35 33 0
36 33 0
37 33 0
38 33 0
39 33 0
40 33 0
41 33 0
42 33 0
43 33 0
44 33 0
45 33 0
46 33 0
47 33 0
48 33 0
49 33 0
50 33 10.5349
51 33 10.6403
52 33 10.7138
53 33 10.7634
54 33 10.7964
55 33 10.8175
56 33 10.8294
57 33 10.8336
58 33 10.8307
59 33 10.8213
60 33 10.8057
61 33 10.7838
62 33 10.756
63 33 10.7221
64 33 10.6823
65 33 10.6367
66 33 10.5853
67 33 10.5282
68 33 10.4656
69 33 10.3976
70 33 10.3246
71 33 10.2467
72 33 10.1645
73 33 10.0783
74 33 9.98888
75 33 9.89682
76 33 9.80297
77 33 9.7082
78 33 9.6133
79 33 9.51874
80 33 9.4245
81 33 0
82 33 0
83 33 0
84 33 0
85 33 0
86 33 0
87 33 0
88 33 0
89 33 0
90 33 0
91 33 0
92 33 0
93 33 0
94 33 0
95 33 0
96 33 0
97 33 0
98 33 0
99 33 0
100 33 0

0 34 0
1 34 0
2 34 0
3 34 0
4 34 0
5 34 0
6 34 0
7 34 0
8 34 0
9 34 0
10 34 0
11 34 0
12 34 0
13 34 0
14 34 0
15 34 0
16 34 0
17 34 0
18 34 0
19 34 0
20 34 0
21 34 0
22 34 0
23 34 0
24 34 0
25 34 0
26 34 0
27 34 0
28 34 0
29 34 0
30 34 0
31 34 0
32 34 0
33 34 0
34 34 0
35 34 0
36 34 0
37 34 0
38 34 0
39 34 0
40 34 0
41 34 0
42 34 0
43 34 0
44 34 0
45 34 0
46 34 0
47 34 0
48 34 0
49 34 0
50 34 10.2254
51 34 10.3276
52 34 10.4081
53 34 10.4697
54 34 10.516
55 34 10.5501
56 34 10.5737
57 34 10.5884
58 34 10.5949
59 34 10.5938
60 34 10.5856
61 34 10.5706
62 34 10.5489
63 34 10.5209
64 34 10.4865
65 34 10.4461
66 34 10.3998
67 34 10.3476
68 34 10.2899
69 34 10.2269
70 34 10.1588
71 34 10.086
72 34 10.0088
73 34 9.92769
74 34 9.84322
75 34 9.75597
76 34 9.66658
77 34 9.57568
78 34 9.48381
79 34 9.39132
80 34 9.29834
81 34 0
82 34 0
83 34 0
84 34 0
85 34 0
86 34 0
87 34 0
88 34 0
89 34 0
90 34 0
91 34 0
92 34 0
93 34 0
94 34 0
95 34 0
96 34 0
97 34 0
98 34 0
99 34 0
100 34 0

0 35 0
1 35 0
2 35 0
3 35 0
4 35 0
5 35 0
6 35 0
7 35 0
8 35 0
9 35 0
10 35 0
11 35 0
12 35 0
13 35 0
14 35 0
15 35 0
16 35 0
17 35 0
18 35 0
19 35 0
20 35 0
21 35 0
22 35 0
23 35 0
24 35 0
25 35 0
26 35 0
27 35 0
28 35 0
29 35 0
30 35 0
31 35 0
32 35 0
33 35 0
34 35 0
35 35 0
36 35 0
37 35 0
38 35 0
39 35 0
40 35 0
41 35 0
42 35 0
43 35 0
44 35 0
45 35 0
46 35 0
47 35 0
48 35 0
49 35 0
50 35 9.93748
51 35 10.0369
52 35 10.1212
53 35 10.1912
54 35 10.2481
55 35 10.293
56 35 10.3271
57 35 10.3514
58 35 10.3666
59 35 10.3735
60 35 10.3725
61 35 10.364
62 35 10.3484
63 35 10.3259
64 35 10.2969
65 35 10.2615
66 35 10.2201
67 35 10.1727
68 35 10.1197
69 35 10.0613
70 35 9.99784
71 35 9.92962
72 35 9.85701
73 35 9.78045
74 35 9.70039
75 35 9.61732
76 35 9.53175
77 35 9.44416
78 35 9.35497
79 35 9.26444
80 35 9.17271
81 35 0
82 35 0
83 35 0
84 35 0
85 35 0
86 35 0
87 35 0
88 35 0
89 35 0
90 35 0
91 35 0
92 35 0
93 35 0
94 35 0
95 35 0
96 35 0
97 35 0
98 35 0
99 35 0
100 35 0

0 36 0
1 36 0
2 36 0
3 36 0
4 36 0
5 36 0
6 36 0
7 36 0
8 36 0
9 36 0
10 36 0
11 36 0
12 36 0
13 36 0
14 36 0
15 36 0
16 36 0
17 36 0
18 36 0
19 36 0
20 36 0
21 36 0
22 36 0
23 36 0
24 36 0
25 36 0
26 36 0
27 36 0
28 36 0
29 36 0
30 36 0
31 36 0
32 36 0
33 36 0
34 36 0
35 36 0
36 36 0
37 36 0
38 36 0
39 36 0
40 36 0
41 36 0
42 36 0
43 36 0
44 36 0
45 36 0
46 36 0
47 36 0
48 36 0
49 36 0
50 36 9.66454
51 36 9.76121
52 36 9.84877
53 36 9.92601
54 36 9.99205
55 36 10.0467
56 36 10.0903
57 36 10.1234
58 36 10.1468
59 36 10.1611
60 36 10.1669
61 36 10.1646
62 36 10.1547
63 36 10.1376
64 36 10.1137
65 36 10.0831
66 36 10.0463
67 36 10.0034
68 36 9.95486
69 36 9.90083
70 36 9.84166
71 36 9.77768
72 36 9.70925
73 36 9.63675
74 36 9.5606
75 36 9.4812
76 36 9.39897
77 36 9.3143
78 36 9.2275
79 36 9.1388
80 36 9.04831
81 36 0
82 36 0
83 36 0
84 36 0
85 36 0
86 36 0
87 36 0
88 36 0
89 36 0
90 36 0
91 36 0
92 36 0
93 36 0
94 36 0
95 36 0
96 36 0
97 36 0
98 36 0
99 36 0
100 36 0

0 37 0
1 37 0
2 37 0
3 37 0
4 37 0
5 37 0
6 37 0
7 37 0
8 37 0
9 37 0
10 37 0
11 37 0
12 37 0
13 37 0
14 37 0
15 37 0
16 37 0
17 37 0
18 37 0
19 37 0
20 37 0
21 37 0
22 37 0
23 37 0
24 37 0
25 37 0
26 37 0
27 37 0
28 37 0
29 37 0
30 37 0
31 37 0
32 37 0
33 37 0
34 37 0
35 37 0
36 37 0
37 37 0
38 37 0
39 37 0
40 37 0
41 37 0
42 37 0
43 37 0
44 37 0
45 37 0
46 37 0
47 37 0
48 37 0
49 37 0
50 37 9.40067
51 37 9.4947
52 37 9.58667
53 37 9.67205
54 37 9.74748
55 37 9.81152
56 37 9.864
57 37 9.90533
58 37 9.9362
59 37 9.95731
60 37 9.96932
61 37 9.97282
62 37 9.96832
63 37 9.95626
64 37 9.93706
65 37 9.91106
66 37 9.87859
67 37 9.83998
68 37 9.79553
69 37 9.74554
70 37 9.69033
71 37 9.63024
72 37 9.5656
73 37 9.49676
74 37 9.42409
75 37 9.34795
76 37 9.26869
77 37 9.18661
78 37 9.10197
79 37 9.01498
80 37 8.92572
81 37 0
82 37 0
83 37 0
84 37 0
85 37 0
86 37 0
87 37 0
88 37 0
89 37 0
90 37 0
91 37 0
92 37 0
93 37 0
94 37 0
95 37 0
96 37 0
97 37 0
98 37 0
99 37 0
100 37 0

0 38 0
1 38 0
2 38 0
3 38 0
4 38 0
5 38 0
6 38 0
7 38 0
8 38 0
9 38 0
10 38 0
11 38 0
12 38 0
13 38 0
14 38 0
15 38 0
16 38 0
17 38 0
18 38 0
19 38 0
20 38 0
21 38 0
22 38 0
23 38 0
24 38 0
25 38 0
26 38 0
27 38 0
28 38 0
29 38 0
30 38 0
31 38 0
32 38 0
33 38 0
34 38 0
35 38 0
36 38 0
37 38 0
38 38 0
39 38 0
40 38 0
41 38 0
42 38 0
43 38 0
44 38 0
45 38 0
46 38 0
47 38 0
48 38 0
49 38 0
50 38 9.13887
51 38 9.23028
52 38 9.33121
53 38 9.42808
54 38 9.51435
55 38 9.58797
56 38 9.64888
57 38 9.69773
58 38 9.73537
59 38 9.76265
60 38 9.78033
61 38 9.78909
62 38 9.78951
63 38 9.78209
64 38 9.76728
65 38 9.74549
66 38 9.71709
67 38 9.6824
68 38 9.64177
69 38 9.59551
70 38 9.54394
71 38 9.4874
72 38 9.42619
73 38 9.36065
74 38 9.29111
75 38 9.21788
76 38 9.14126
77 38 9.06151
78 38 8.97886
79 38 8.89346
80 38 8.8054
81 38 0
82 38 0
83 38 0
84 38 0
85 38 0
86 38 0
87 38 0
88 38 0
89 38 0
90 38 0
91 38 0
92 38 0
93 38 0
94 38 0
95 38 0
96 38 0
97 38 0
98 38 0
99 38 0
100 38 0

0 39 0
1 39 0
2 39 0
3 39 0
4 39 0
5 39 0
6 39 0
7 39 0
8 39 0
9 39 0
10 39 0
11 39 0
12 39 0
13 39 0
14 39 0
15 39 0
16 39 0
17 39 0
18 39 0
19 39 0
20 39 0
21 39 0
22 39 0
23 39 0
24 39 0
25 39 0
26 39 0
27 39 0
28 39 0
29 39 0
30 39 0
31 39 0
32 39 0
33 39 0
34 39 0
35 39 0
36 39 0
37 39 0
38 39 0
39 39 0
40 39 0
41 39 0
42 39 0
43 39 0
44 39 0
45 39 0
46 39 0
47 39 0
48 39 0
49 39 0
50 39 8.86771
51 39 8.95641
52 39 9.07984
53 39 9.19477
54 39 9.2939
55 39 9.37717
56 39 9.44586
57 39 9.50138
58 39 9.54495
59 39 9.57763
60 39 9.60031
61 39 9.61375
62 39 9.61857
63 39 9.61534
64 39 9.60454
65 39 9.5866
66 39 9.5619
67 39 9.53082
68 39 9.49369
69 39 9.45083
70 39 9.40259
71 39 9.34926
72 39 9.29115
73 39 9.22859
74 39 9.16186
75 39 9.09124
76 39 9.017
77 39 8.93937
78 39 8.85853
79 39 8.77463
80 39 8.68776
81 39 0
82 39 0
83 39 0
84 39 0
85 39 0
86 39 0
87 39 0
88 39 0
89 39 0
90 39 0
91 39 0
92 39 0
93 39 0
94 39 0
95 39 0
96 39 0
97 39 0
98 39 0
99 39 0
100 39 0

0 40 24.7525
1 40 23.5489
2 40 22.4711
3 40 21.4743
4 40 20.5388
5 40 19.6552
6 40 18.8178
7 40 18.0231
8 40 17.2686
9 40 16.5521
10 40 15.8719
11 40 15.2264
12 40 14.6141
13 40 14.0337
14 40 13.4839
15 40 12.9635
16 40 12.4713
17 40 12.0063
18 40 11.5675
19 40 11.1539
20 40 10.7646
21 40 10.3987
22 40 10.0555
23 40 9.73428
24 40 9.43425
25 40 9.15479
26 40 8.8953
27 40 8.65522
28 40 8.43402
29 40 8.23123
30 40 8.04641
31 40 7.87917
32 40 7.72917
33 40 7.59608
34 40 7.47964
35 40 7.37964
36 40 7.2959
37 40 7.22831
38 40 7.17683
39 40 7.14147
40 40 7.12236
41 40 7.11976
42 40 7.13408
43 40 7.16597
44 40 7.21645
45 40 7.28707
46 40 7.38026
47 40 7.50004
48 40 7.65352
49 40 7.85463
50 40 8.34002
51 40 8.64784
52 40 8.83701
53 40 8.97731
54 40 9.08935
55 40 9.18098
56 40 9.25608
57 40 9.31702
58 40 9.36547
59 40 9.40266
60 40 9.42959
61 40 9.44706
62 40 9.45574
63 40 9.45622
64 40 9.44899
65 40 9.4345
66 40 9.41316
67 40 9.38533
68 40 9.35137
69 40 9.3116
70 40 9.26636
71 40 9.21593
72 40 9.16063
73 40 9.10074
74 40 9.03653
75 40 8.96827
76 40 8.89618
77 40 8.82048
78 40 8.74132
79 40 8.65883
80 40 8.5731
81 40 0
82 40 0
83 40 0
84 40 0
85 40 0
86 40 0
87 40 0
88 40 0
89 40 0
90 40 0
91 40 0
92 40 0
93 40 0
94 40 0
95 40 0
96 40 0
97 40 0
98 40 0
99 40 0
100 40 0

0 41 25
1 41 23.7844
2 41 22.6959
3 41 21.689
4 41 20.7442
5 41 19.8517
6 41 19.006
7 41 18.2034
8 41 17.4413
9 41 16.7176
10 41 16.0306
11 41 15.3787
12 41 14.7603
13 41 14.1741
14 41 13.6188
15 41 13.0931
16 41 12.596
17 41 12.1264
18 41 11.6832
19 41 11.2654
20 41 10.8722
21 41 10.5027
22 41 10.1561
23 41 9.83164
24 41 9.52861
25 41 9.24635
26 41 8.98427
27 41 8.74178
28 41 8.51837
29 41 8.31355
30 41 8.12689
31 41 7.95798
32 41 7.80647
33 41 7.67205
34 41 7.55445
35 41 7.45345
36 41 7.36888
37 41 7.30061
38 41 7.24861
39 41 7.2129
40 41 7.19361
41 41 7.19098
42 41 7.20544
43 41 7.23765
44 41 7.28864
45 41 7.35996
46 41 7.45409
47 41 7.57507
48 41 7.73007
49 41 7.9332
50 41 8.21621
51 41 8.45799
52 41 8.64308
53 41 8.78816
54 41 8.90527
55 41 9.00136
56 41 9.08049
57 41 9.14521
58 41 9.19729
59 41 9.23801
60 41 9.26837
61 41 9.2892
62 41 9.30117
63 41 9.30485
64 41 9.30074
65 41 9.2893
66 41 9.27094
67 41 9.24602
68 41 9.2149
69 41 9.17791
70 41 9.13535
71 41 9.08753
72 41 9.03474
73 41 8.97725
74 41 8.91532
75 41 8.84917
76 41 8.77903
77 41 8.70508
78 41 8.62747
79 41 8.54632
80 41 8.46171
81 41 0
82 41 0
83 41 0
84 41 0
85 41 0
86 41 0
87 41 0
88 41 0
89 41 0
90 41 0
91 41 0
92 41 0
93 41 0
94 41 0
95 41 0
96 41 0
97 41 0
98 41 0
99 41 0
100 41 0

0 42 25
1 42 23.8929
2 42 22.8389
3 42 21.8417
4 42 20.8973
5 42 20.0015
6 42 19.151
7 42 18.3431
8 42 17.5755
9 42 16.8465
10 42 16.1543
11 42 15.4974
12 42 14.8743
13 42 14.2835
14 42 13.724
15 42 13.1943
16 42 12.6933
17 42 12.2201
18 42 11.7734
19 42 11.3524
20 42 10.9562
21 42 10.5838
22 42 10.2345
23 42 9.90758
24 42 9.6022
25 42 9.31777
26 42 9.05366
27 42 8.8093
28 42 8.58416
29 42 8.37776
30 42 8.18964
31 42 8.01942
32 42 7.86672
33 42 7.73124
34 42 7.6127
35 42 7.51087
36 42 7.42558
37 42 7.35669
38 42 7.30415
39 42 7.26796
40 42 7.24822
41 42 7.24514
42 42 7.25908
43 42 7.2906
44 42 7.34053
45 42 7.41009
46 42 7.5011
47 42 7.6161
48 42 7.75856
49 42 7.93192
50 42 8.13369
51 42 8.32486
52 42 8.48922
53 42 8.62701
54 42 8.74226
55 42 8.83876
56 42 8.91935
57 42 8.98609
58 42 9.0405
59 42 9.08375
60 42 9.11675
61 42 9.14026
62 42 9.15493
63 42 9.16131
64 42 9.15988
65 42 9.15108
66 42 9.13532
67 42 9.11297
68 42 9.08436
69 42 9.04982
70 42 9.00965
71 42 8.96416
72 42 8.91361
73 42 8.85826
74 42 8.79835
75 42 8.73411
76 42 8.66573
77 42 8.59339
78 42 8.51722
79 42 8.43732
80 42 8.35379
81 42 0
82 42 0
83 42 0
84 42 0
85 42 0
86 42 0
87 42 0
88 42 0
89 42 0
90 42 0
91 42 0
92 42 0
93 42 0
94 42 0
95 42 0
96 42 0
97 42 0
98 42 0
99 42 0
100 42 0

0 43 25
1 43 23.9485
2 43 22.925
3 43 21.9415
4 43 21.0018
5 43 20.1061
6 43 19.2535
7 43 18.4424
8 43 17.6713
9 43 16.9386
10 43 16.2428
11 43 15.5823
12 43 14.9558
13 43 14.3619
14 43 13.7992
15 43 13.2667
16 43 12.763
17 43 12.2871
18 43 11.838
19 43 11.4147
20 43 11.0163
21 43 10.6419
22 43 10.2907
23 43 9.96194
24 43 9.65489
25 43 9.36889
26 43 9.10333
27 43 8.85763
28 43 8.63124
29 43 8.42369
30 43 8.23453
31 43 8.06335
32 43 7.90979
33 43 7.77352
34 43 7.65427
35 43 7.55179
36 43 7.4659
37 43 7.39645
38 43 7.34336
39 43 7.3066
40 43 7.28621
41 43 7.28233
42 43 7.29519
43 43 7.32518
44 43 7.37281
45 43 7.43883
46 43 7.52414
47 43 7.62973
48 43 7.75618
49 43 7.90229
50 43 8.06179
51 43 8.21858
52 43 8.36198
53 43 8.48844
54 43 8.59805
55 43 8.69212
56 43 8.77211
57 43 8.83935
58 43 8.89493
59 43 8.93978
60 43 8.97465
61 43 9.00021
62 43 9.01703
63 43 9.02562
64 43 9.02643
65 43 9.01988
66 43 9.00635
67 43 8.98621
68 43 8.95979
69 43 8.9274
70 43 8.88934
71 43 8.84589
72 43 8.79731
73 43 8.74386
74 43 8.68577
75 43 8.62323
76 43 8.55645
77 43 8.48557
78 43 8.41072
79 43 8.33202
80 43 8.24952
81 43 0
82 43 0
83 43 0
84 43 0
85 43 0
86 43 0
87 43 0
88 43 0
89 43 0
90 43 0
91 43 0
92 43 0
93 43 0
94 43 0
95 43 0
96 43 0
97 43 0
98 43 0
99 43 0
100 43 0

0 44 25
1 44 23.976
2 44 22.971
3 44 21.9976
4 44 21.0623
5 44 20.1677
6 44 19.3143
7 44 18.5017
8 44 17.7286
9 44 16.9939
10 44 16.2959
11 44 15.6334
12 44 15.0048
13 44 14.409
14 44 13.8445
15 44 13.3101
16 44 12.8048
17 44 12.3274
18 44 11.8768
19 44 11.4521
20 44 11.0524
21 44 10.6768
22 44 10.3244
23 44 9.9946
24 44 9.68654
25 44 9.39961
26 44 9.13317
27 44 8.88665
28 44 8.65952
29 44 8.45127
30 44 8.26147
31 44 8.0897
32 44 7.93559
33 44 7.79882
34 44 7.67909
35 44 7.57616
36 44 7.48982
37 44 7.4199
38 44 7.36628
39 44 7.3289
40 44 7.30773
41 44 7.3028
42 44 7.31422
43 44 7.34214
44 44 7.38676
45 44 7.44832
46 44 7.52696
47 44 7.62255
48 44 7.73417
49 44 7.85932
50 44 7.99265
51 44 8.12575
52 44 8.25172
53 44 8.36676
54 44 8.46943
55 44 8.55959
56 44 8.63768
57 44 8.70431
58 44 8.76015
59 44 8.80583
60 44 8.84192
61 44 8.86895
62 44 8.88741
63 44 8.89775
64 44 8.90038
65 44 8.8957
66 44 8.88405
67 44 8.86579
68 44 8.84124
69 44 8.8107
70 44 8.77445
71 44 8.73279
72 44 8.68594
73 44 8.63417
74 44 8.57767
75 44 8.51666
76 44 8.4513
77 44 8.38175
78 44 8.30814
79 44 8.23055
80 44 8.14906
81 44 0
82 44 0
83 44 0
84 44 0
85 44 0
86 44 0
87 44 0
88 44 0
89 44 0
90 44 0
91 44 0
92 44 0
93 44 0
94 44 0
95 44 0
96 44 0
97 44 0
98 44 0
99 44 0
100 44 0

0 45 25
1 45 23.9844
2 45 22.9855
3 45 22.0157
4 45 21.0821
5 45 20.188
6 45 19.3345
7 45 18.5214
8 45 17.7477
9 45 17.0123
10 45 16.3136
11 45 15.6504
12 45 15.0212
13 45 14.4247
14 45 13.8596
15 45 13.3247
16 45 12.8188
17 45 12.3408
18 45 11.8898
19 45 11.4646
20 45 11.0645
21 45 10.6884
22 45 10.3357
23 45 10.0055
24 45 9.6971
25 45 9.40985
26 45 9.14311
27 45 8.89632
28 45 8.66892
29 45 8.46044
30 45 8.27041
31 45 8.09842
32 45 7.9441
33 45 7.80711
34 45 7.68715
35 45 7.58397
36 45 7.49734
37 45 7.42707
38 45 7.373
39 45 7.33502
40 45 7.31304
41 45 7.30697
42 45 7.31679
43 45 7.34243
44 45 7.38381
45 45 7.44076
46 45 7.51287
47 45 7.59936
48 45 7.69869
49 45 7.80821
50 45 7.92377
51 45 8.0401
52 45 8.15244
53 45 8.25749
54 45 8.35336
55 45 8.43919
56 45 8.51474
57 45 8.58011
58 45 8.63558
59 45 8.68151
60 45 8.71829
61 45 8.74631
62 45 8.76597
63 45 8.77764
64 45 8.78171
65 45 8.77852
66 45 8.76841
67 45 8.75171
68 45 8.72872
69 45 8.69974
70 45 8.66505
71 45 8.62491
72 45 8.57956
73 45 8.52923
74 45 8.47414
75 45 8.41447
76 45 8.35039
77 45 8.28205
78 45 8.20956
79 45 8.13303
80 45 8.0525
81 45 0
82 45 0
83 45 0
84 45 0
85 45 0
86 45 0
87 45 0
88 45 0
89 45 0
90 45 0
91 45 0
92 45 0
93 45 0
94 45 0
95 45 0
96 45 0
97 45 0
98 45 0
99 45 0
100 45 0

0 46 25
1 46 23.976
2 46 22.971
3 46 21.9976
4 46 21.0623
5 46 20.1677
6 46 19.3143
7 46 18.5017
8 46 17.7286
9 46 16.9939
10 46 16.2959
11 46 15.6334
12 46 15.0048
13 46 14.409
14 46 13.8445
15 46 13.3102
16 46 12.8048
17 46 12.3274
18 46 11.8768
19 46 11.4522
20 46 11.0524
21 46 10.6768
22 46 10.3244
23 46 9.9946
24 46 9.68654
25 46 9.39959
26 46 9.13314
27 46 8.88661
28 46 8.65945
29 46 8.45118
30 46 8.26133
31 46 8.08949
32 46 7.93529
33 46 7.79839
34 46 7.67847
35 46 7.57526
36 46 7.48854
37 46 7.41807
38 46 7.36368
39 46 7.32519
40 46 7.30246
41 46 7.29531
42 46 7.30357
43 46 7.32702
44 46 7.36534
45 46 7.41806
46 46 7.48445
47 46 7.56336
48 46 7.65308
49 46 7.7511
50 46 7.85416
51 46 7.95847
52 46 8.06051
53 46 8.15745
54 46 8.24738
55 46 8.32911
56 46 8.40202
57 46 8.46586
58 46 8.5206
59 46 8.5664
60 46 8.60346
61 46 8.63208
62 46 8.65255
63 46 8.66519
64 46 8.67034
65 46 8.66831
66 46 8.65941
67 46 8.64396
68 46 8.62225
69 46 8.59455
70 46 8.56114
71 46 8.52228
72 46 8.47819
73 46 8.42911
74 46 8.37523
75 46 8.31674
76 46 8.2538
77 46 8.18654
78 46 8.11509
79 46 8.03953
80 46 7.95993
81 46 0
82 46 0
83 46 0
84 46 0
85 46 0
86 46 0
87 46 0
88 46 0
89 46 0
90 46 0
91 46 0
92 46 0
93 46 0
94 46 0
95 46 0
96 46 0
97 46 0
98 46 0
99 46 0
100 46 0

0 47 25
1 47 23.9485
2 47 22.925
3 47 21.9415
4 47 21.0018
5 47 20.1061
6 47 19.2535
7 47 18.4424
8 47 17.6713
9 47 16.9386
10 47 16.2428
11 47 15.5824
12 47 14.9558
13 47 14.3619
14 47 13.7993
15 47 13.2667
16 47 12.763
17 47 12.2871
18 47 11.838
19 47 11.4147
20 47 11.0163
21 47 10.6419
22 47 10.2907
23 47 9.96194
24 47 9.65488
25 47 9.36887
26 47 9.10329
27 47 8.85755
28 47 8.63113
29 47 8.42352
30 47 8.23427
31 47 8.06297
32 47 7.90923
33 47 7.77271
34 47 7.6531
35 47 7.55012
36 47 7.4635
37 47 7.39303
38 47 7.33848
39 47 7.29965
40 47 7.27632
41 47 7.26827
42 47 7.2752
43 47 7.29678
44 47 7.33251
45 47 7.38175
46 47 7.44355
47 47 7.51661
48 47 7.59919
49 47 7.68901
50 47 7.78333
51 47 7.87918
52 47 7.9737
53 47 8.06448
54 47 8.14964
55 47 8.22791
56 47 8.29843
57 47 8.36074
58 47 8.41462
59 47 8.46006
60 47 8.49713
61 47 8.52604
62 47 8.547
63 47 8.56029
64 47 8.5662
65 47 8.56501
66 47 8.55702
67 47 8.54252
68 47 8.5218
69 47 8.49512
70 47 8.46274
71 47 8.42492
72 47 8.38188
73 47 8.33383
74 47 8.28098
75 47 8.22351
76 47 8.16156
77 47 8.09528
78 47 8.02477
79 47 7.95013
80 47 7.87141
81 47 0
82 47 0
83 47 0
84 47 0
85 47 0
86 47 0
87 47 0
88 47 0
89 47 0
90 47 0
91 47 0
92 47 0
93 47 0
94 47 0
95 47 0
96 47 0
97 47 0
98 47 0
99 47 0
100 47 0

0 48 25
1 48 23.8929
2 48 22.8389
3 48 21.8417
4 48 20.8973
5 48 20.0015
6 48 19.151
7 48 18.3431
8 48 17.5756
9 48 16.8466
10 48 16.1544
11 48 15.4974
12 48 14.8743
13 48 14.2836
14 48 13.724
15 48 13.1943
16 48 12.6934
17 48 12.2201
18 48 11.7734
19 48 11.3525
20 48 10.9562
21 48 10.5839
22 48 10.2346
23 48 9.90758
24 48 9.60219
25 48 9.31774
26 48 9.05361
27 48 8.80921
28 48 8.58401
29 48 8.37752
30 48 8.18929
31 48 8.0189
32 48 7.86597
33 48 7.73016
34 48 7.61114
35 48 7.50863
36 48 7.42237
37 48 7.3521
38 48 7.29761
39 48 7.25864
40 48 7.23496
41 48 7.22627
42 48 7.23223
43 48 7.25241
44 48 7.28623
45 48 7.33291
46 48 7.39141
47 48 7.46039
48 48 7.5381
49 48 7.62245
50 48 7.71102
51 48 7.80125
52 48 7.89069
53 48 7.97715
54 48 8.05886
55 48 8.13448
56 48 8.20309
57 48 8.26409
58 48 8.31714
59 48 8.36212
60 48 8.39903
61 48 8.42798
62 48 8.44917
63 48 8.46283
64 48 8.4692
65 48 8.46856
66 48 8.46119
67 48 8.44736
68 48 8.42735
69 48 8.40143
70 48 8.36983
71 48 8.33282
72 48 8.29061
73 48 8.24341
74 48 8.19141
75 48 8.13479
76 48 8.07371
77 48 8.00828
78 48 7.93863
79 48 7.86484
80 48 7.78697
81 48 0
82 48 0
83 48 0
84 48 0
85 48 0
86 48 0
87 48 0
88 48 0
89 48 0
90 48 0
91 48 0
92 48 0
93 48 0
94 48 0
95 48 0
96 48 0
97 48 0
98 48 0
99 48 0
100 48 0

0 49 25
1 49 23.7844
2 49 22.6959
3 49 21.689
4 49 20.7442
5 49 19.8517
6 49 19.006
7 49 18.2034
8 49 17.4413
9 49 16.7177
10 49 16.0307
11 49 15.3787
12 49 14.7603
13 49 14.1741
14 49 13.6188
15 49 13.0932
16 49 12.5961
17 49 12.1264
18 49 11.6832
19 49 11.2654
20 49 10.8722
21 49 10.5027
22 49 10.1561
23 49 9.83165
24 49 9.5286
25 49 9.24633
26 49 8.98421
27 49 8.74168
28 49 8.51821
29 49 8.3133
30 49 8.1265
31 49 7.95741
32 49 7.80564
33 49 7.67084
34 49 7.5527
35 49 7.45093
36 49 7.36526
37 49 7.29545
38 49 7.24124
39 49 7.20239
40 49 7.17863
41 49 7.16965
42 49 7.17509
43 49 7.19445
44 49 7.22712
45 49 7.27228
46 49 7.32885
47 49 7.39547
48 49 7.47043
49 49 7.55172
50 49 7.63708
51 49 7.72417
52 49 7.8107
53 49 7.89461
54 49 7.9742
55 49 8.04812
56 49 8.11542
57 49 8.17543
58 49 8.22779
59 49 8.27229
60 49 8.30892
61 49 8.33774
62 49 8.35893
63 49 8.37269
64 49 8.37926
65 49 8.37889
66 49 8.37186
67 49 8.35843
68 49 8.33887
69 49 8.31345
70 49 8.2824
71 49 8.24597
72 49 8.20437
73 49 8.15782
74 49 8.10651
75 49 8.05059
76 49 7.99023
77 49 7.92556
78 49 7.85667
79 49 7.78367
80 49 7.7066
81 49 0
82 49 0
83 49 0
84 49 0
85 49 0
86 49 0
87 49 0
88 49 0
89 49 0
90 49 0
91 49 0
92 49 0
93 49 0
94 49 0
95 49 0
96 49 0
97 49 0
98 49 0
99 49 0
100 49 0

0 50 24.7525
1 50 23.5489
2 50 22.4712
3 50 21.4743
4 50 20.5388
5 50 19.6552
6 50 18.8178
7 50 18.0231
8 50 17.2686
9 50 16.5521
10 50 15.872
11 50 15.2264
12 50 14.6142
13 50 14.0338
14 50 13.484
15 50 12.9635
16 50 12.4714
17 50 12.0064
18 50 11.5675
19 50 11.1539
20 50 10.7646
21 50 10.3987
22 50 10.0556
23 50 9.7343
24 50 9.43426
25 50 9.15478
26 50 8.89526
27 50 8.65513
28 50 8.43387
29 50 8.23099
30 50 8.04604
31 50 7.87862
32 50 7.72835
33 50 7.59489
34 50 7.47792
35 50 7.37716
36 50 7.29234
37 50 7.22321
38 50 7.16954
39 50 7.13108
40 50 7.10755
41 50 7.09867
42 50 7.10405
43 50 7.12322
44 50 7.15557
45 50 7.20028
46 50 7.25629
47 50 7.32225
48 50 7.39646
49 50 7.47695
50 50 7.56147
51 50 7.64769
52 50 7.73336
53 50 7.81645
54 50 7.89525
55 50 7.96844
56 50 8.03507
57 50 8.09449
58 50 8.14632
59 50 8.19039
60 50 8.22665
61 50 8.25519
62 50 8.27617
63 50 8.28979
64 50 8.29629
65 50 8.29593
66 50 8.28897
67 50 8.27567
68 50 8.25631
69 50 8.23114
70 50 8.2004
71 50 8.16432
72 50 8.12314
73 50 8.07705
74 50 8.02624
75 50 7.97088
76 50 7.91112
77 50 7.84709
78 50 7.77888
79 50 7.7066
80 50 7.6303
81 50 0
82 50 0
83 50 0
84 50 0
85 50 0
86 50 0
87 50 0
88 50 0
89 50 0
90 50 0
91 50 0
92 50 0
93 50 0
94 50 0
95 50 0
96 50 0
97 50 0
98 50 0
99 50 0
100 50 0

