0 0 0
1 0 0
2 0 0
3 0 0
4 0 0
5 0 0
6 0 0
7 0 0
8 0 0
9 0 0
10 0 0
11 0 0
12 0 0
13 0 0
14 0 0
15 0 0
16 0 0
17 0 0
18 0 0
19 0 0
20 0 19.802
21 0 20
22 0 20
23 0 20
24 0 20
25 0 20
26 0 20
27 0 20
28 0 20
29 0 20
30 0 20
31 0 20
32 0 20
33 0 20
34 0 20
35 0 20
36 0 20
37 0 20
38 0 20
39 0 20
40 0 20
41 0 20
42 0 20
43 0 20
44 0 20
45 0 20
46 0 20
47 0 20
48 0 20
49 0 20
50 0 20
51 0 20
52 0 20
53 0 20
54 0 20
55 0 20
56 0 20
57 0 20
58 0 20
59 0 20
60 0 20
61 0 20
62 0 20
63 0 20
64 0 20
65 0 20
66 0 20
67 0 20
68 0 20
69 0 20
70 0 20
71 0 20
72 0 20
73 0 20
74 0 20
75 0 20
76 0 20
77 0 20
78 0 20
79 0 20
80 0 19.802
81 0 0
82 0 0
83 0 0
84 0 0
85 0 0
86 0 0
87 0 0
88 0 0
89 0 0
90 0 0
91 0 0
92 0 0
93 0 0
94 0 0
95 0 0
96 0 0
97 0 0
98 0 0
99 0 0
100 0 0

0 1 0
1 1 0
2 1 0
3 1 0
4 1 0
5 1 0
6 1 0
7 1 0
8 1 0
9 1 0
10 1 0
11 1 0
12 1 0
13 1 0
14 1 0
15 1 0
16 1 0
17 1 0
18 1 0
19 1 0
20 1 19.2017
21 1 19.3937
22 1 19.4875
23 1 19.5426
24 1 19.5795
25 1 19.6065
26 1 19.6273
27 1 19.644
28 1 19.6577
29 1 19.6691
30 1 19.6788
31 1 19.687
32 1 19.694
33 1 19.7
34 1 19.7051
35 1 19.7095
36 1 19.7131
37 1 19.7161
38 1 19.7186
39 1 19.7205
40 1 19.722
41 1 19.7231
42 1 19.7237
43 1 19.724
44 1 19.7239
45 1 19.7235
46 1 19.7227
47 1 19.7217
48 1 19.7203
49 1 19.7187
50 1 19.7168
51 1 19.7147
52 1 19.7122
53 1 19.7095
54 1 19.7066
55 1 19.7034
56 1 19.6999
57 1 19.6961
58 1 19.692
59 1 19.6876
60 1 19.6829
61 1 19.6778
62 1 19.6724
63 1 19.6665
64 1 19.6601
65 1 19.6533
66 1 19.6459
67 1 19.6378
68 1 19.629
69 1 19.6194
70 1 19.6087
71 1 19.5968
72 1 19.5834
73 1 19.568
74 1 19.5498
75 1 19.5279
76 1 19.5001
77 1 19.4628
78 1 19.4077
79 1 19.3143
80 1 19.1231
81 1 0
82 1 0
83 1 0
84 1 0
85 1 0
86 1 0
87 1 0
88 1 0
89 1 0
90 1 0
91 1 0
92 1 0
93 1 0
94 1 0
95 1 0
96 1 0
97 1 0
98 1 0
99 1 0
100 1 0

0 2 0
1 2 0
2 2 0
3 2 0
4 2 0
5 2 0
6 2 0
7 2 0
8 2 0
9 2 0
10 2 0
11 2 0
12 2 0
13 2 0
14 2 0
15 2 0
16 2 0
17 2 0
18 2 0
19 2 0
20 2 18.6986
21 2 18.8856
22 2 19.0137
23 2 19.1033
24 2 19.1689
25 2 19.2191
26 2 19.2587
27 2 19.291
28 2 19.3177
29 2 19.3401
30 2 19.3591
31 2 19.3752
32 2 19.3891
33 2 19.4009
34 2 19.411
35 2 19.4196
36 2 19.4268
37 2 19.4328
38 2 19.4377
39 2 19.4415
40 2 19.4445
41 2 19.4466
42 2 19.4478
43 2 19.4483
44 2 19.4481
45 2 19.4473
46 2 19.4458
47 2 19.4436
48 2 19.441
49 2 19.4377
50 2 19.4339
51 2 19.4296
52 2 19.4247
53 2 19.4194
54 2 19.4134
55 2 19.407
56 2 19.4
57 2 19.3925
58 2 19.3843
59 2 19.3756
60 2 19.3662
61 2 19.356
62 2 19.3451
63 2 19.3334
64 2 19.3208
65 2 19.3071
66 2 19.2924
67 2 19.2764
68 2 19.2589
69 2 19.2398
70 2 19.2187
71 2 19.1952
72 2 19.1688
73 2 19.1386
74 2 19.1035
75 2 19.0615
76 2 19.0098
77 2 18.9434
78 2 18.8538
79 2 18.7264
80 2 18.541
81 2 0
82 2 0
83 2 0
84 2 0
85 2 0
86 2 0
87 2 0
88 2 0
89 2 0
90 2 0
91 2 0
92 2 0
93 2 0
94 2 0
95 2 0
96 2 0
97 2 0
98 2 0
99 2 0
100 2 0

0 3 0
1 3 0
2 3 0
3 3 0
4 3 0
5 3 0
6 3 0
7 3 0
8 3 0
9 3 0
10 3 0
11 3 0
12 3 0
13 3 0
14 3 0
15 3 0
16 3 0
17 3 0
18 3 0
19 3 0
20 3 18.2538
21 3 18.4364
22 3 18.5784
23 3 18.6881
24 3 18.7738
25 3 18.8421
26 3 18.8976
27 3 18.9435
28 3 18.9819
29 3 19.0144
30 3 19.0421
31 3 19.0658
32 3 19.0861
33 3 19.1036
34 3 19.1184
35 3 19.1311
36 3 19.1417
37 3 19.1506
38 3 19.1578
39 3 19.1635
40 3 19.1678
41 3 19.1708
42 3 19.1727
43 3 19.1734
44 3 19.173
45 3 19.1717
46 3 19.1694
47 3 19.1662
48 3 19.1621
49 3 19.1572
50 3 19.1515
51 3 19.145
52 3 19.1377
53 3 19.1297
54 3 19.1208
55 3 19.1112
56 3 19.1008
57 3 19.0895
58 3 19.0773
59 3 19.0642
60 3 19.0501
61 3 19.035
62 3 19.0187
63 3 19.0012
64 3 18.9824
65 3 18.9621
66 3 18.9401
67 3 18.9163
68 3 18.8904
69 3 18.8621
70 3 18.831
71 3 18.7965
72 3 18.7579
73 3 18.7142
74 3 18.6639
75 3 18.605
76 3 18.5343
77 3 18.4473
78 3 18.3376
79 3 18.1966
80 3 18.0165
81 3 0
82 3 0
83 3 0
84 3 0
85 3 0
86 3 0
87 3 0
88 3 0
89 3 0
90 3 0
91 3 0
92 3 0
93 3 0
94 3 0
95 3 0
96 3 0
97 3 0
98 3 0
99 3 0
100 3 0

0 4 0
1 4 0
2 4 0
3 4 0
4 4 0
5 4 0
6 4 0
7 4 0
8 4 0
9 4 0
10 4 0
11 4 0
12 4 0
13 4 0
14 4 0
15 4 0
16 4 0
17 4 0
18 4 0
19 4 0
20 4 17.8491
21 4 18.0276
22 4 18.1756
23 4 18.2968
24 4 18.3961
25 4 18.478
26 4 18.5461
27 4 18.6035
28 4 18.6521
29 4 18.6936
30 4 18.7292
31 4 18.7598
32 4 18.7861
33 4 18.8087
34 4 18.8281
35 4 18.8446
36 4 18.8585
37 4 18.87
38 4 18.8794
39 4 18.8868
40 4 18.8924
41 4 18.8963
42 4 18.8986
43 4 18.8995
44 4 18.8989
45 4 18.8971
46 4 18.8939
47 4 18.8896
48 4 18.8842
49 4 18.8776
50 4 18.8699
51 4 18.8613
52 4 18.8515
53 4 18.8408
54 4 18.829
55 4 18.8162
56 4 18.8023
57 4 18.7873
58 4 18.7712
59 4 18.7538
60 4 18.7351
61 4 18.7151
62 4 18.6936
63 4 18.6704
64 4 18.6455
65 4 18.6187
66 4 18.5898
67 4 18.5584
68 4 18.5244
69 4 18.4873
70 4 18.4467
71 4 18.4019
72 4 18.3522
73 4 18.2964
74 4 18.233
75 4 18.1601
76 4 18.075
77 4 17.9739
78 4 17.8526
79 4 17.706
80 4 17.5307
81 4 0
82 4 0
83 4 0
84 4 0
85 4 0
86 4 0
87 4 0
88 4 0
89 4 0
90 4 0
91 4 0
92 4 0
93 4 0
94 4 0
95 4 0
96 4 0
97 4 0
98 4 0
99 4 0
100 4 0

0 5 0
1 5 0
2 5 0
3 5 0
4 5 0
5 5 0
6 5 0
7 5 0
8 5 0
9 5 0
10 5 0
11 5 0
12 5 0
13 5 0
14 5 0
15 5 0
16 5 0
17 5 0
18 5 0
19 5 0
20 5 17.4745
21 5 17.6492
22 5 17.7996
23 5 17.9275
24 5 18.0358
25 5 18.1275
26 5 18.2055
27 5 18.2722
28 5 18.3294
29 5 18.3786
30 5 18.4212
31 5 18.458
32 5 18.4898
33 5 18.5172
34 5 18.5407
35 5 18.5607
36 5 18.5776
37 5 18.5916
38 5 18.603
39 5 18.612
40 5 18.6187
41 5 18.6234
42 5 18.6261
43 5 18.627
44 5 18.6262
45 5 18.6237
46 5 18.6197
47 5 18.6142
48 5 18.6073
49 5 18.599
50 5 18.5894
51 5 18.5785
52 5 18.5664
53 5 18.5529
54 5 18.5383
55 5 18.5223
56 5 18.505
57 5 18.4863
58 5 18.4663
59 5 18.4447
60 5 18.4215
61 5 18.3967
62 5 18.37
63 5 18.3414
64 5 18.3106
65 5 18.2775
66 5 18.2417
67 5 18.2032
68 5 18.1614
69 5 18.116
70 5 18.0665
71 5 18.0123
72 5 17.9525
73 5 17.8861
74 5 17.8117
75 5 17.7276
76 5 17.6315
77 5 17.5209
78 5 17.3927
79 5 17.2442
80 5 17.0734
81 5 0
82 5 0
83 5 0
84 5 0
85 5 0
86 5 0
87 5 0
88 5 0
89 5 0
90 5 0
91 5 0
92 5 0
93 5 0
94 5 0
95 5 0
96 5 0
97 5 0
98 5 0
99 5 0
100 5 0

0 6 0
1 6 0
2 6 0
3 6 0
4 6 0
5 6 0
6 6 0
7 6 0
8 6 0
9 6 0
10 6 0
11 6 0
12 6 0
13 6 0
14 6 0
15 6 0
16 6 0
17 6 0
18 6 0
19 6 0
20 6 17.1239
21 6 17.2952
22 6 17.4462
23 6 17.5778
24 6 17.692
25 6 17.7908
26 6 17.8762
27 6 17.9503
28 6 18.0146
29 6 18.0704
30 6 18.119
31 6 18.1612
32 6 18.1978
33 6 18.2295
34 6 18.2567
35 6 18.2799
36 6 18.2995
37 6 18.3158
38 6 18.329
39 6 18.3394
40 6 18.3471
41 6 18.3524
42 6 18.3554
43 6 18.3562
44 6 18.355
45 6 18.3519
46 6 18.3469
47 6 18.3402
48 6 18.3318
49 6 18.3217
50 6 18.3102
51 6 18.2971
52 6 18.2825
53 6 18.2664
54 6 18.2488
55 6 18.2297
56 6 18.209
57 6 18.1868
58 6 18.1629
59 6 18.1372
60 6 18.1096
61 6 18.0801
62 6 18.0484
63 6 18.0145
64 6 17.978
65 6 17.9388
66 6 17.8966
67 6 17.8511
68 6 17.802
69 6 17.7489
70 6 17.6912
71 6 17.6283
72 6 17.5594
73 6 17.4838
74 6 17.4001
75 6 17.3069
76 6 17.2027
77 6 17.0855
78 6 16.9533
79 6 16.8045
80 6 16.6381
81 6 0
82 6 0
83 6 0
84 6 0
85 6 0
86 6 0
87 6 0
88 6 0
89 6 0
90 6 0
91 6 0
92 6 0
93 6 0
94 6 0
95 6 0
96 6 0
97 6 0
98 6 0
99 6 0
100 6 0

0 7 0
1 7 0
2 7 0
3 7 0
4 7 0
5 7 0
6 7 0
7 7 0
8 7 0
9 7 0
10 7 0
11 7 0
12 7 0
13 7 0
14 7 0
15 7 0
16 7 0
17 7 0
18 7 0
19 7 0
20 7 16.7935
21 7 16.9614
22 7 17.112
23 7 17.2456
24 7 17.3636
25 7 17.4674
26 7 17.5584
27 7 17.6382
28 7 17.7082
29 7 17.7695
30 7 17.8231
31 7 17.87
32 7 17.9108
33 7 17.9462
34 7 17.9767
35 7 18.0028
36 7 18.0248
37 7 18.043
38 7 18.0578
39 7 18.0694
40 7 18.0779
41 7 18.0837
42 7 18.0868
43 7 18.0875
44 7 18.0858
45 7 18.0819
46 7 18.0759
47 7 18.0678
48 7 18.0579
49 7 18.046
50 7 18.0324
51 7 18.0171
52 7 18
53 7 17.9813
54 7 17.9608
55 7 17.9386
56 7 17.9147
57 7 17.8889
58 7 17.8612
59 7 17.8315
60 7 17.7997
61 7 17.7657
62 7 17.7292
63 7 17.69
64 7 17.6481
65 7 17.6031
66 7 17.5547
67 7 17.5027
68 7 17.4467
69 7 17.3863
70 7 17.3209
71 7 17.2501
72 7 17.1732
73 7 17.0895
74 7 16.9979
75 7 16.8974
76 7 16.7869
77 7 16.6649
78 7 16.5304
79 7 16.3823
80 7 16.2201
81 7 0
82 7 0
83 7 0
84 7 0
85 7 0
86 7 0
87 7 0
88 7 0
89 7 0
90 7 0
91 7 0
92 7 0
93 7 0
94 7 0
95 7 0
96 7 0
97 7 0
98 7 0
99 7 0
100 7 0

0 8 0
1 8 0
2 8 0
3 8 0
4 8 0
5 8 0
6 8 0
7 8 0
8 8 0
9 8 0
10 8 0
11 8 0
12 8 0
13 8 0
14 8 0
15 8 0
16 8 0
17 8 0
18 8 0
19 8 0
20 8 16.4803
21 8 16.6451
22 8 16.7946
23 8 16.9292
24 8 17.0495
25 8 17.1566
26 8 17.2517
27 8 17.336
28 8 17.4105
29 8 17.4762
30 8 17.534
31 8 17.5848
32 8 17.6293
33 8 17.6679
34 8 17.7012
35 8 17.7297
36 8 17.7538
37 8 17.7737
38 8 17.7899
39 8 17.8024
40 8 17.8116
41 8 17.8177
42 8 17.8208
43 8 17.8211
44 8 17.8188
45 8 17.814
46 8 17.8068
47 8 17.7974
48 8 17.7858
49 8 17.7721
50 8 17.7565
51 8 17.7389
52 8 17.7193
53 8 17.6979
54 8 17.6746
55 8 17.6493
56 8 17.6221
57 8 17.5929
58 8 17.5616
59 8 17.528
60 8 17.4921
61 8 17.4536
62 8 17.4125
63 8 17.3685
64 8 17.3213
65 8 17.2708
66 8 17.2165
67 8 17.1583
68 8 17.0958
69 8 17.0286
70 8 16.9562
71 8 16.8781
72 8 16.7939
73 8 16.703
74 8 16.6046
75 8 16.498
76 8 16.3824
77 8 16.257
78 8 16.1212
79 8 15.9743
80 8 15.8162
81 8 0
82 8 0
83 8 0
84 8 0
85 8 0
86 8 0
87 8 0
88 8 0
89 8 0
90 8 0
91 8 0
92 8 0
93 8 0
94 8 0
95 8 0
96 8 0
97 8 0
98 8 0
99 8 0
100 8 0

0 9 0
1 9 0
2 9 0
3 9 0
4 9 0
5 9 0
6 9 0
7 9 0
8 9 0
9 9 0
10 9 0
11 9 0
12 9 0
13 9 0
14 9 0
15 9 0
16 9 0
17 9 0
18 9 0
19 9 0
20 9 16.1823
21 9 16.3441
22 9 16.4922
23 9 16.6269
24 9 16.7485
25 9 16.8579
26 9 16.956
27 9 17.0435
28 9 17.1215
29 9 17.1908
30 9 17.252
31 9 17.3061
32 9 17.3535
33 9 17.3948
34 9 17.4306
35 9 17.4611
36 9 17.4869
37 9 17.5083
38 9 17.5255
39 9 17.5388
40 9 17.5484
41 9 17.5546
42 9 17.5575
43 9 17.5573
44 9 17.5543
45 9 17.5485
46 9 17.5401
47 9 17.5291
48 9 17.5158
49 9 17.5002
50 9 17.4825
51 9 17.4625
52 9 17.4405
53 9 17.4164
54 9 17.3902
55 9 17.362
56 9 17.3316
57 9 17.299
58 9 17.2641
59 9 17.2268
60 9 17.1869
61 9 17.1443
62 9 17.0987
63 9 17.05
64 9 16.9979
65 9 16.9421
66 9 16.8823
67 9 16.8183
68 9 16.7496
69 9 16.676
70 9 16.597
71 9 16.5123
72 9 16.4214
73 9 16.3239
74 9 16.2194
75 9 16.1075
76 9 15.9877
77 9 15.8596
78 9 15.723
79 9 15.5776
80 9 15.4234
81 9 0
82 9 0
83 9 0
84 9 0
85 9 0
86 9 0
87 9 0
88 9 0
89 9 0
90 9 0
91 9 0
92 9 0
93 9 0
94 9 0
95 9 0
96 9 0
97 9 0
98 9 0
99 9 0
100 9 0

0 10 0
1 10 0
2 10 0
3 10 0
4 10 0
5 10 0
6 10 0
7 10 0
8 10 0
9 10 0
10 10 0
11 10 0
12 10 0
13 10 0
14 10 0
15 10 0
16 10 0
17 10 0
18 10 0
19 10 0
20 10 15.8978
21 10 16.0568
22 10 16.2033
23 10 16.3376
24 10 16.4598
25 10 16.5706
26 10 16.6707
27 10 16.7607
28 10 16.8413
29 10 16.9133
30 10 16.9773
31 10 17.0339
32 10 17.0838
33 10 17.1273
34 10 17.1651
35 10 17.1973
36 10 17.2245
37 10 17.247
38 10 17.265
39 10 17.2788
40 10 17.2886
41 10 17.2947
42 10 17.2973
43 10 17.2965
44 10 17.2926
45 10 17.2856
46 10 17.2758
47 10 17.2633
48 10 17.2482
49 10 17.2306
50 10 17.2106
51 10 17.1883
52 10 17.1638
53 10 17.137
54 10 17.108
55 10 17.0768
56 10 17.0433
57 10 17.0075
58 10 16.9691
59 10 16.9282
60 10 16.8845
61 10 16.8379
62 10 16.7881
63 10 16.735
64 10 16.6781
65 10 16.6174
66 10 16.5524
67 10 16.4828
68 10 16.4084
69 10 16.3288
70 10 16.2436
71 10 16.1526
72 10 16.0555
73 10 15.9519
74 10 15.8418
75 10 15.7249
76 10 15.6012
77 10 15.4708
78 10 15.3336
79 10 15.1897
80 10 15.0393
81 10 0
82 10 0
83 10 0
84 10 0
85 10 0
86 10 0
87 10 0
88 10 0
89 10 0
90 10 0
91 10 0
92 10 0
93 10 0
94 10 0
95 10 0
96 10 0
97 10 0
98 10 0
99 10 0
100 10 0

0 11 0
1 11 0
2 11 0
3 11 0
4 11 0
5 11 0
6 11 0
7 11 0
8 11 0
9 11 0
10 11 0
11 11 0
12 11 0
13 11 0
14 11 0
15 11 0
16 11 0
17 11 0
18 11 0
19 11 0
20 11 15.6257
21 11 15.782
22 11 15.9268
23 11 16.0602
24 11 16.1825
25 11 16.2941
26 11 16.3955
27 11 16.4871
28 11 16.5697
29 11 16.6438
30 11 16.7099
31 11 16.7686
32 11 16.8204
33 11 16.8657
34 11 16.905
35 11 16.9386
36 11 16.9669
37 11 16.9901
38 11 17.0087
39 11 17.0227
40 11 17.0326
41 11 17.0384
42 11 17.0404
43 11 17.0388
44 11 17.0338
45 11 17.0256
46 11 17.0142
47 11 17
48 11 16.9829
49 11 16.9632
50 11 16.941
51 11 16.9163
52 11 16.8892
53 11 16.8598
54 11 16.828
55 11 16.7939
56 11 16.7574
57 11 16.7183
58 11 16.6767
59 11 16.6324
60 11 16.5851
61 11 16.5347
62 11 16.4809
63 11 16.4236
64 11 16.3623
65 11 16.2969
66 11 16.227
67 11 16.1523
68 11 16.0724
69 11 15.9871
70 11 15.8961
71 11 15.7991
72 11 15.6959
73 11 15.5865
74 11 15.4708
75 11 15.3491
76 11 15.2216
77 11 15.0886
78 11 14.9508
79 11 14.8084
80 11 14.6618
81 11 0
82 11 0
83 11 0
84 11 0
85 11 0
86 11 0
87 11 0
88 11 0
89 11 0
90 11 0
91 11 0
92 11 0
93 11 0
94 11 0
95 11 0
96 11 0
97 11 0
98 11 0
99 11 0
100 11 0

0 12 0
1 12 0
2 12 0
3 12 0
4 12 0
5 12 0
6 12 0
7 12 0
8 12 0
9 12 0
10 12 0
11 12 0
12 12 0
13 12 0
14 12 0
15 12 0
16 12 0
17 12 0
18 12 0
19 12 0
20 12 15.3649
21 12 15.5185
22 12 15.6616
23 12 15.794
24 12 15.916
25 12 16.0278
26 12 16.1299
27 12 16.2227
28 12 16.3067
29 12 16.3822
30 12 16.4499
31 12 16.5102
32 12 16.5634
33 12 16.6101
34 12 16.6506
35 12 16.6852
36 12 16.7142
37 12 16.738
38 12 16.7569
39 12 16.771
40 12 16.7806
41 12 16.7859
42 12 16.7872
43 12 16.7846
44 12 16.7783
45 12 16.7686
46 12 16.7556
47 12 16.7395
48 12 16.7204
49 12 16.6985
50 12 16.6739
51 12 16.6467
52 12 16.617
53 12 16.5849
54 12 16.5504
55 12 16.5134
56 12 16.4739
57 12 16.4318
58 12 16.3871
59 12 16.3395
60 12 16.2888
61 12 16.2348
62 12 16.1773
63 12 16.1161
64 12 16.0507
65 12 15.9809
66 12 15.9064
67 12 15.8268
68 12 15.7419
69 12 15.6512
70 12 15.5545
71 12 15.4517
72 12 15.3426
73 12 15.2273
74 12 15.106
75 12 14.9791
76 12 14.8473
77 12 14.7114
78 12 14.5725
79 12 14.4313
80 12 14.2885
81 12 0
82 12 0
83 12 0
84 12 0
85 12 0
86 12 0
87 12 0
88 12 0
89 12 0
90 12 0
91 12 0
92 12 0
93 12 0
94 12 0
95 12 0
96 12 0
97 12 0
98 12 0
99 12 0
100 12 0

0 13 0
1 13 0
2 13 0
3 13 0
4 13 0
5 13 0
6 13 0
7 13 0
8 13 0
9 13 0
10 13 0
11 13 0
12 13 0
13 13 0
14 13 0
15 13 0
16 13 0
17 13 0
18 13 0
19 13 0
20 13 15.1146
21 13 15.2658
22 13 15.407
23 13 15.5382
24 13 15.6595
25 13 15.7713
26 13 15.8737
27 13 15.9671
28 13 16.052
29 13 16.1286
30 13 16.1974
31 13 16.2588
32 13 16.3131
33 13 16.3607
34 13 16.402
35 13 16.4373
36 13 16.4669
37 13 16.4909
38 13 16.5098
39 13 16.5237
40 13 16.5328
41 13 16.5374
42 13 16.5378
43 13 16.534
44 13 16.5263
45 13 16.515
46 13 16.5001
47 13 16.482
48 13 16.4607
49 13 16.4364
50 13 16.4094
51 13 16.3796
52 13 16.3473
53 13 16.3125
54 13 16.2752
55 13 16.2354
56 13 16.193
57 13 16.1481
58 13 16.1003
59 13 16.0496
60 13 15.9957
61 13 15.9385
62 13 15.8776
63 13 15.8127
64 13 15.7435
65 13 15.6697
66 13 15.5909
67 13 15.5068
68 13 15.417
69 13 15.3212
70 13 15.2191
71 13 15.1106
72 13 14.9956
73 13 14.8741
74 13 14.7467
75 13 14.614
76 13 14.4771
77 13 14.3373
78 13 14.1965
79 13 14.056
80 13 13.9168
81 13 0
82 13 0
83 13 0
84 13 0
85 13 0
86 13 0
87 13 0
88 13 0
89 13 0
90 13 0
91 13 0
92 13 0
93 13 0
94 13 0
95 13 0
96 13 0
97 13 0
98 13 0
99 13 0
100 13 0

0 14 0
1 14 0
2 14 0
3 14 0
4 14 0
5 14 0
6 14 0
7 14 0
8 14 0
9 14 0
10 14 0
11 14 0
12 14 0
13 14 0
14 14 0
15 14 0
16 14 0
17 14 0
18 14 0
19 14 0
20 14 14.8742
21 14 15.023
22 14 15.1623
23 14 15.2922
24 14 15.4127
25 14 15.5241
26 14 15.6265
27 14 15.7202
28 14 15.8055
29 14 15.8827
30 14 15.9523
31 14 16.0144
32 14 16.0694
33 14 16.1177
34 14 16.1595
35 14 16.1952
36 14 16.2249
37 14 16.249
38 14 16.2677
39 14 16.2811
40 14 16.2896
41 14 16.2933
42 14 16.2925
43 14 16.2873
44 14 16.278
45 14 16.2648
46 14 16.2479
47 14 16.2275
48 14 16.2039
49 14 16.1771
50 14 16.1475
51 14 16.1151
52 14 16.0801
53 14 16.0426
54 14 16.0025
55 14 15.9599
56 14 15.9148
57 14 15.867
58 14 15.8164
59 14 15.7629
60 14 15.7061
61 14 15.6458
62 14 15.5817
63 14 15.5136
64 14 15.4409
65 14 15.3634
66 14 15.2808
67 14 15.1925
68 14 15.0982
69 14 14.9975
70 14 14.8902
71 14 14.776
72 14 14.6549
73 14 14.5269
74 14 14.3927
75 14 14.2531
76 14 14.1096
77 14 13.9644
78 14 13.8201
79 14 13.6793
80 14 13.5439
81 14 0
82 14 0
83 14 0
84 14 0
85 14 0
86 14 0
87 14 0
88 14 0
89 14 0
90 14 0
91 14 0
92 14 0
93 14 0
94 14 0
95 14 0
96 14 0
97 14 0
98 14 0
99 14 0
100 14 0

0 15 0
1 15 0
2 15 0
3 15 0
4 15 0
5 15 0
6 15 0
7 15 0
8 15 0
9 15 0
10 15 0
11 15 0
12 15 0
13 15 0
14 15 0
15 15 0
16 15 0
17 15 0
18 15 0
19 15 0
20 15 14.6432
21 15 14.7896
22 15 14.9271
23 15 15.0556
24 15 15.1751
25 15 15.2859
26 15 15.3879
27 15 15.4816
28 15 15.5671
29 15 15.6446
30 15 15.7145
31 15 15.7771
32 15 15.8325
33 15 15.8812
34 15 15.9232
35 15 15.959
36 15 15.9887
37 15 16.0125
38 15 16.0307
39 15 16.0435
40 15 16.0511
41 15 16.0537
42 15 16.0515
43 15 16.0447
44 15 16.0336
45 15 16.0184
46 15 15.9992
47 15 15.9764
48 15 15.9502
49 15 15.9208
50 15 15.8884
51 15 15.8532
52 15 15.8154
53 15 15.7751
54 15 15.7323
55 15 15.687
56 15 15.6392
57 15 15.5888
58 15 15.5356
59 15 15.4794
60 15 15.4199
61 15 15.3569
62 15 15.29
63 15 15.2189
64 15 15.1432
65 15 15.0624
66 15 14.9762
67 15 14.8841
68 15 14.7857
69 15 14.6805
70 15 14.5682
71 15 14.4484
72 15 14.321
73 15 14.1861
74 15 14.0441
75 15 13.8961
76 15 13.7439
77 15 13.5905
78 15 13.4401
79 15 13.2974
80 15 13.1657
81 15 0
82 15 0
83 15 0
84 15 0
85 15 0
86 15 0
87 15 0
88 15 0
89 15 0
90 15 0
91 15 0
92 15 0
93 15 0
94 15 0
95 15 0
96 15 0
97 15 0
98 15 0
99 15 0
100 15 0

0 16 0
1 16 0
2 16 0
3 16 0
4 16 0
5 16 0
6 16 0
7 16 0
8 16 0
9 16 0
10 16 0
11 16 0
12 16 0
13 16 0
14 16 0
15 16 0
16 16 0
17 16 0
18 16 0
19 16 0
20 16 14.421
21 16 14.5652
22 16 14.7009
23 16 14.8279
24 16 14.9463
25 16 15.0563
26 16 15.1578
27 16 15.2512
28 16 15.3366
29 16 15.4142
30 16 15.4842
31 16 15.5469
32 16 15.6024
33 16 15.6512
34 16 15.6932
35 16 15.7289
36 16 15.7583
37 16 15.7817
38 16 15.7992
39 16 15.8112
40 16 15.8177
41 16 15.8189
42 16 15.8151
43 16 15.8065
44 16 15.7933
45 16 15.7758
46 16 15.7542
47 16 15.7287
48 16 15.6997
49 16 15.6674
50 16 15.6321
51 16 15.594
52 16 15.5533
53 16 15.5101
54 16 15.4646
55 16 15.4167
56 16 15.3663
57 16 15.3134
58 16 15.2577
59 16 15.1991
60 16 15.1373
61 16 15.0719
62 16 15.0025
63 16 14.9289
64 16 14.8504
65 16 14.7668
66 16 14.6775
67 16 14.5821
68 16 14.4799
69 16 14.3706
70 16 14.2536
71 16 14.1284
72 16 13.9946
73 16 13.8523
74 16 13.7015
75 16 13.5432
76 16 13.3793
77 16 13.2137
78 16 13.0526
79 16 12.9043
80 16 12.7765
81 16 0
82 16 0
83 16 0
84 16 0
85 16 0
86 16 0
87 16 0
88 16 0
89 16 0
90 16 0
91 16 0
92 16 0
93 16 0
94 16 0
95 16 0
96 16 0
97 16 0
98 16 0
99 16 0
100 16 0

0 17 0
1 17 0
2 17 0
3 17 0
4 17 0
5 17 0
6 17 0
7 17 0
8 17 0
9 17 0
10 17 0
11 17 0
12 17 0
13 17 0
14 17 0
15 17 0
16 17 0
17 17 0
18 17 0
19 17 0
20 17 14.2074
21 17 14.3494
22 17 14.4832
23 17 14.6088
24 17 14.726
25 17 14.835
26 17 14.9359
27 17 15.0288
28 17 15.1139
29 17 15.1913
30 17 15.2612
31 17 15.3238
32 17 15.3792
33 17 15.4278
34 17 15.4696
35 17 15.5049
36 17 15.5339
37 17 15.5566
38 17 15.5733
39 17 15.5842
40 17 15.5894
41 17 15.5892
42 17 15.5836
43 17 15.5729
44 17 15.5574
45 17 15.5373
46 17 15.5129
47 17 15.4845
48 17 15.4525
49 17 15.417
50 17 15.3786
51 17 15.3374
52 17 15.2936
53 17 15.2476
54 17 15.1992
55 17 15.1487
56 17 15.0959
57 17 15.0407
58 17 14.9829
59 17 14.9221
60 17 14.8582
61 17 14.7908
62 17 14.7194
63 17 14.6436
64 17 14.5629
65 17 14.4769
66 17 14.3851
67 17 14.2868
68 17 14.1814
69 17 14.0684
70 17 13.9471
71 17 13.8168
72 17 13.677
73 17 13.5269
74 17 13.3665
75 17 13.1959
76 17 13.0166
77 17 12.8325
78 17 12.6521
79 17 12.4907
80 17 12.367
81 17 0
82 17 0
83 17 0
84 17 0
85 17 0
86 17 0
87 17 0
88 17 0
89 17 0
90 17 0
91 17 0
92 17 0
93 17 0
94 17 0
95 17 0
96 17 0
97 17 0
98 17 0
99 17 0
100 17 0

0 18 0
1 18 0
2 18 0
3 18 0
4 18 0
5 18 0
6 18 0
7 18 0
8 18 0
9 18 0
10 18 0
11 18 0
12 18 0
13 18 0
14 18 0
15 18 0
16 18 0
17 18 0
18 18 0
19 18 0
20 18 14.0019
21 18 14.1419
22 18 14.2739
23 18 14.3979
24 18 14.5139
25 18 14.6219
26 18 14.722
27 18 14.8143
28 18 14.8989
29 18 14.9759
30 18 15.0454
31 18 15.1078
32 18 15.1629
33 18 15.2112
34 18 15.2526
35 18 15.2874
36 18 15.3157
37 18 15.3376
38 18 15.3533
39 18 15.363
40 18 15.3667
41 18 15.3647
42 18 15.3571
43 18 15.3442
44 18 15.3261
45 18 15.3032
46 18 15.2757
47 18 15.2441
48 18 15.2086
49 18 15.1697
50 18 15.1278
51 18 15.0832
52 18 15.0363
53 18 14.9872
54 18 14.9361
55 18 14.8831
56 18 14.828
57 18 14.7706
58 18 14.7109
59 18 14.6484
60 18 14.5827
61 18 14.5136
62 18 14.4406
63 18 14.3631
64 18 14.2808
65 18 14.1929
66 18 14.099
67 18 13.9985
68 18 13.8905
69 18 13.7745
70 18 13.6496
71 18 13.5149
72 18 13.3694
73 18 13.212
74 18 13.0416
75 18 12.8572
76 18 12.6585
77 18 12.4475
78 18 12.2327
79 18 12.0393
80 18 11.9201
81 18 0
82 18 0
83 18 0
84 18 0
85 18 0
86 18 0
87 18 0
88 18 0
89 18 0
90 18 0
91 18 0
92 18 0
93 18 0
94 18 0
95 18 0
96 18 0
97 18 0
98 18 0
99 18 0
100 18 0

0 19 0
1 19 0
2 19 0
3 19 0
4 19 0
5 19 0
6 19 0
7 19 0
8 19 0
9 19 0
10 19 0
11 19 0
12 19 0
13 19 0
14 19 0
15 19 0
16 19 0
17 19 0
18 19 0
19 19 0
20 19 13.8043
21 19 13.9423
22 19 14.0726
23 19 14.1951
24 19 14.3098
25 19 14.4168
26 19 14.516
27 19 14.6075
28 19 14.6914
29 19 14.7679
30 19 14.837
31 19 14.8989
32 19 14.9536
33 19 15.0014
34 19 15.0422
35 19 15.0764
36 19 15.1038
37 19 15.1248
38 19 15.1394
39 19 15.1476
40 19 15.1497
41 19 15.1458
42 19 15.136
43 19 15.1205
44 19 15.0996
45 19 15.0736
46 19 15.0427
47 19 15.0074
48 19 14.9682
49 19 14.9254
50 19 14.8797
51 19 14.8315
52 19 14.7811
53 19 14.7289
54 19 14.675
55 19 14.6195
56 19 14.5622
57 19 14.503
58 19 14.4416
59 19 14.3777
60 19 14.3107
61 19 14.2404
62 19 14.1662
63 19 14.0876
64 19 14.0041
65 19 13.9149
66 19 13.8197
67 19 13.7175
68 19 13.6078
69 19 13.4896
70 19 13.3619
71 19 13.2238
72 19 13.0737
73 19 12.9101
74 19 12.7308
75 19 12.5329
76 19 12.3128
77 19 12.0663
78 19 11.792
79 19 11.5138
80 19 11.3998
81 19 0
82 19 0
83 19 0
84 19 0
85 19 0
86 19 0
87 19 0
88 19 0
89 19 0
90 19 0
91 19 0
92 19 0
93 19 0
94 19 0
95 19 0
96 19 0
97 19 0
98 19 0
99 19 0
100 19 0

0 20 0
1 20 0
2 20 0
3 20 0
4 20 0
5 20 0
6 20 0
7 20 0
8 20 0
9 20 0
10 20 0
11 20 0
12 20 0
13 20 0
14 20 0
15 20 0
16 20 0
17 20 0
18 20 0
19 20 0
20 20 13.6144
21 20 13.7505
22 20 13.8791
23 20 14.0001
24 20 14.1135
25 20 14.2193
26 20 14.3175
27 20 14.4082
28 20 14.4915
29 20 14.5673
30 20 14.6358
31 20 14.6971
32 20 14.7513
33 20 14.7984
34 20 14.8386
35 20 14.872
36 20 14.8985
37 20 14.9184
38 20 14.9317
39 20 14.9384
40 20 14.9388
41 20 14.9328
42 20 14.9206
43 20 14.9023
44 20 14.8783
45 20 14.8488
46 20 14.8141
47 20 14.7747
48 20 14.7312
49 20 14.6841
50 20 14.6341
51 20 14.5818
52 20 14.5278
53 20 14.4722
54 20 14.4155
55 20 14.3576
56 20 14.2984
57 20 14.2376
58 20 14.1749
59 20 14.1099
60 20 14.0422
61 20 13.9711
62 20 13.8963
63 20 13.8171
64 20 13.7329
65 20 13.6432
66 20 13.5472
67 20 13.4442
68 20 13.3335
69 20 13.214
70 20 13.0848
71 20 12.9446
72 20 12.7916
73 20 12.6239
74 20 12.4384
75 20 12.2308
76 20 11.9936
77 20 11.7128
78 20 11.3552
79 20 10.824
80 20 9.76771
81 20 9.80777
82 20 9.60259
83 20 9.42668
84 20 9.27804
85 20 9.1545
86 20 9.05436
87 20 8.97635
88 20 8.91958
89 20 8.88342
90 20 8.86744
91 20 8.8714
92 20 8.89517
93 20 8.93877
94 20 9.00239
95 20 9.08643
96 20 9.19175
97 20 9.31997
98 20 9.4744
99 20 9.66228
100 20 9.90099

0 21 0
1 21 0
2 21 0
3 21 0
4 21 0
5 21 0
6 21 0
7 21 0
8 21 0
9 21 0
10 21 0
11 21 0
12 21 0
13 21 0
14 21 0
15 21 0
16 21 0
17 21 0
18 21 0
19 21 0
20 21 13.4319
21 21 13.5662
22 21 13.6932
23 21 13.8127
24 21 13.9248
25 21 14.0295
26 21 14.1267
27 21 14.2165
28 21 14.2989
29 21 14.374
30 21 14.4418
31 21 14.5025
32 21 14.556
33 21 14.6024
34 21 14.6418
35 21 14.6743
36 21 14.6999
37 21 14.7186
38 21 14.7305
39 21 14.7357
40 21 14.7341
41 21 14.7259
42 21 14.7111
43 21 14.6899
44 21 14.6625
45 21 14.6291
46 21 14.5902
47 21 14.5462
48 21 14.4978
49 21 14.4457
50 21 14.3909
51 21 14.334
52 21 14.2758
53 21 14.2168
54 21 14.1572
55 21 14.097
56 21 14.0361
57 21 13.9741
58 21 13.9105
59 21 13.845
60 21 13.7769
61 21 13.7056
62 21 13.6307
63 21 13.5515
64 21 13.4673
65 21 13.3776
66 21 13.2816
67 21 13.1786
68 21 13.0678
69 21 12.9482
70 21 12.8187
71 21 12.678
72 21 12.5244
73 21 12.3555
74 21 12.1683
75 21 11.9582
76 21 11.718
77 21 11.4359
78 21 11.0922
79 21 10.6591
80 21 10.1413
81 21 9.90585
82 21 9.69862
83 21 9.52095
84 21 9.37082
85 21 9.24605
86 21 9.1449
87 21 9.06611
88 21 9.00877
89 21 8.97225
90 21 8.95612
91 21 8.96012
92 21 8.98413
93 21 9.02816
94 21 9.09241
95 21 9.1773
96 21 9.28367
97 21 9.41317
98 21 9.56915
99 21 9.7589
100 21 10

0 22 0
1 22 0
2 22 0
3 22 0
4 22 0
5 22 0
6 22 0
7 22 0
8 22 0
9 22 0
10 22 0
11 22 0
12 22 0
13 22 0
14 22 0
15 22 0
16 22 0
17 22 0
18 22 0
19 22 0
20 22 13.2568
21 22 13.3893
22 22 13.5147
23 22 13.6328
24 22 13.7436
25 22 13.847
26 22 13.9432
27 22 14.032
28 22 14.1136
29 22 14.1879
30 22 14.255
31 22 14.315
32 22 14.3677
33 22 14.4134
34 22 14.452
35 22 14.4836
36 22 14.5081
37 22 14.5257
38 22 14.5362
39 22 14.5397
40 22 14.5361
41 22 14.5256
42 22 14.5081
43 22 14.4838
44 22 14.4527
45 22 14.415
46 22 14.3713
47 22 14.322
48 22 14.268
49 22 14.2101
50 22 14.1496
51 22 14.0875
52 22 14.0248
53 22 13.962
54 22 13.8995
55 22 13.8372
56 22 13.7749
57 22 13.7121
58 22 13.6481
59 22 13.5826
60 22 13.5147
61 22 13.4438
62 22 13.3694
63 22 13.2908
64 22 13.2073
65 22 13.1183
66 22 13.0231
67 22 12.9209
68 22 12.811
69 22 12.6923
70 22 12.5639
71 22 12.4244
72 22 12.2723
73 22 12.1054
74 22 11.9211
75 22 11.7157
76 22 11.4844
77 22 11.2207
78 22 10.9187
79 22 10.5791
80 22 10.2325
81 22 9.9757
82 22 9.76509
83 22 9.58769
84 22 9.43825
85 22 9.31397
86 22 9.21309
87 22 9.13443
88 22 9.07715
89 22 9.0407
90 22 9.02467
91 22 9.02882
92 22 9.05305
93 22 9.09734
94 22 9.1618
95 22 9.24668
96 22 9.35246
97 22 9.47989
98 22 9.63011
99 22 9.80419
100 22 10

0 23 0
1 23 0
2 23 0
3 23 0
4 23 0
5 23 0
6 23 0
7 23 0
8 23 0
9 23 0
10 23 0
11 23 0
12 23 0
13 23 0
14 23 0
15 23 0
16 23 0
17 23 0
18 23 0
19 23 0
20 23 13.0887
21 23 13.2196
22 23 13.3434
23 23 13.4601
24 23 13.5696
25 23 13.6719
26 23 13.767
27 23 13.8549
28 23 13.9356
29 23 14.0091
30 23 14.0754
31 23 14.1346
32 23 14.1866
33 23 14.2315
34 23 14.2693
35 23 14.2999
36 23 14.3234
37 23 14.3397
38 23 14.3488
39 23 14.3507
40 23 14.3452
41 23 14.3323
42 23 14.312
43 23 14.2844
44 23 14.2493
45 23 14.2071
46 23 14.158
47 23 14.1027
48 23 14.042
49 23 13.9772
50 23 13.9099
51 23 13.8416
52 23 13.7737
53 23 13.7069
54 23 13.6416
55 23 13.5775
56 23 13.5142
57 23 13.4511
58 23 13.3874
59 23 13.3225
60 23 13.2554
61 23 13.1856
62 23 13.1124
63 23 13.035
64 23 12.9529
65 23 12.8653
66 23 12.7716
67 23 12.671
68 23 12.5628
69 23 12.4462
70 23 12.3201
71 23 12.1835
72 23 12.0349
73 23 11.8727
74 23 11.6949
75 23 11.4992
76 23 11.2829
77 23 11.044
78 23 10.7826
79 23 10.5059
80 23 10.2341
81 23 9.99931
82 23 9.79834
83 23 9.62647
84 23 9.48051
85 23 9.35848
86 23 9.25907
87 23 9.18136
88 23 9.12472
89 23 9.08871
90 23 9.07303
91 23 9.07746
92 23 9.10192
93 23 9.14635
94 23 9.21075
95 23 9.29517
96 23 9.39959
97 23 9.52383
98 23 9.66722
99 23 9.82773
100 23 10

0 24 0
1 24 0
2 24 0
3 24 0
4 24 0
5 24 0
6 24 0
7 24 0
8 24 0
9 24 0
10 24 0
11 24 0
12 24 0
13 24 0
14 24 0
15 24 0
16 24 0
17 24 0
18 24 0
19 24 0
20 24 12.9277
21 24 13.057
22 24 13.1793
23 24 13.2946
24 24 13.4029
25 24 13.504
26 24 13.5981
27 24 13.685
28 24 13.7648
29 24 13.8375
30 24 13.903
31 24 13.9614
32 24 14.0126
33 24 14.0567
34 24 14.0936
35 24 14.1234
36 24 14.1458
37 24 14.161
38 24 14.1687
39 24 14.169
40 24 14.1616
41 24 14.1464
42 24 14.1234
43 24 14.0923
44 24 14.0532
45 24 14.006
46 24 13.951
47 24 13.8887
48 24 13.8201
49 24 13.7469
50 24 13.6712
51 24 13.5954
52 24 13.5215
53 24 13.4504
54 24 13.3824
55 24 13.317
56 24 13.2534
57 24 13.1908
58 24 13.1281
59 24 13.0644
60 24 12.9989
61 24 12.9309
62 24 12.8594
63 24 12.784
64 24 12.7038
65 24 12.6184
66 24 12.5269
67 24 12.4287
68 24 12.3232
69 24 12.2095
70 24 12.0869
71 24 11.9545
72 24 11.8111
73 24 11.6556
74 24 11.4868
75 24 11.3033
76 24 11.1042
77 24 10.8896
78 24 10.662
79 24 10.4277
80 24 10.1988
81 24 9.98908
82 24 9.80252
83 24 9.63933
84 24 9.49885
85 24 9.38039
86 24 9.28334
87 24 9.20722
88 24 9.15167
89 24 9.11641
90 24 9.10126
91 24 9.10609
92 24 9.13081
93 24 9.17537
94 24 9.23971
95 24 9.32366
96 24 9.4269
97 24 9.54862
98 24 9.68721
99 24 9.83951
100 24 10

0 25 0
1 25 0
2 25 0
3 25 0
4 25 0
5 25 0
6 25 0
7 25 0
8 25 0
9 25 0
10 25 0
11 25 0
12 25 0
13 25 0
14 25 0
15 25 0
16 25 0
17 25 0
18 25 0
19 25 0
20 25 12.7736
21 25 12.9014
22 25 13.0223
23 25 13.1362
24 25 13.2432
25 25 13.3433
26 25 13.4363
27 25 13.5222
28 25 13.6011
29 25 13.6729
30 25 13.7377
31 25 13.7953
32 25 13.8458
33 25 13.8891
34 25 13.9252
35 25 13.9541
36 25 13.9756
37 25 13.9897
38 25 13.9961
39 25 13.9949
40 25 13.9857
41 25 13.9684
42 25 13.9427
43 25 13.9083
44 25 13.8651
45 25 13.8127
46 25 13.7512
47 25 13.6809
48 25 13.6029
49 25 13.519
50 25 13.4325
51 25 13.3473
52 25 13.2664
53 25 13.1909
54 25 13.1206
55 25 13.0546
56 25 12.9917
57 25 12.9304
58 25 12.8696
59 25 12.8082
60 25 12.7451
61 25 12.6794
62 25 12.6106
63 25 12.5377
64 25 12.4602
65 25 12.3774
66 25 12.2888
67 25 12.1937
68 25 12.0916
69 25 11.9818
70 25 11.8636
71 25 11.7364
72 25 11.5994
73 25 11.4519
74 25 11.2932
75 25 11.1229
76 25 10.941
77 25 10.7485
78 25 10.5479
79 25 10.3441
80 25 10.1442
81 25 9.95571
82 25 9.78333
83 25 9.62947
84 25 9.49518
85 25 9.38089
86 25 9.28667
87 25 9.21251
88 25 9.15831
89 25 9.12401
90 25 9.10952
91 25 9.11482
92 25 9.13986
93 25 9.18463
94 25 9.24903
95 25 9.33288
96 25 9.43571
97 25 9.55655
98 25 9.69348
99 25 9.84311
100 25 10

0 26 0
1 26 0
2 26 0
3 26 0
4 26 0
5 26 0
6 26 0
7 26 0
8 26 0
9 26 0
10 26 0
11 26 0
12 26 0
13 26 0
14 26 0
15 26 0
16 26 0
17 26 0
18 26 0
19 26 0
20 26 12.6263
21 26 12.7526
22 26 12.8721
23 26 12.9848
24 26 13.0906
25 26 13.1895
26 26 13.2815
27 26 13.3665
28 26 13.4445
29 26 13.5155
30 26 13.5795
31 26 13.6363
32 26 13.6861
33 26 13.7287
34 26 13.7641
35 26 13.7921
36 26 13.8128
37 26 13.8259
38 26 13.8313
39 26 13.8288
40 26 13.818
41 26 13.7988
42 26 13.7707
43 26 13.7333
44 26 13.6861
45 26 13.6285
46 26 13.5602
47 26 13.481
48 26 13.3915
49 26 13.2937
50 26 13.1925
51 26 13.095
52 26 13.0059
53 26 12.9261
54 26 12.8545
55 26 12.7893
56 26 12.7283
57 26 12.6697
58 26 12.6119
59 26 12.5536
60 26 12.4937
61 26 12.4313
62 26 12.3657
63 26 12.296
64 26 12.2218
65 26 12.1423
66 26 12.0572
67 26 11.9659
68 26 11.8678
69 26 11.7624
70 26 11.6494
71 26 11.5281
72 26 11.3982
73 26 11.2594
74 26 11.1113
75 26 10.9541
76 26 10.7884
77 26 10.6153
78 26 10.437
79 26 10.2567
80 26 10.0783
81 26 9.90623
82 26 9.74563
83 26 9.60003
84 26 9.47153
85 26 9.36131
86 26 9.26997
87 26 9.19783
88 26 9.14507
89 26 9.11178
90 26 9.098
91 26 9.1038
92 26 9.1292
93 26 9.17425
94 26 9.23892
95 26 9.32312
96 26 9.42652
97 26 9.54838
98 26 9.68706
99 26 9.83944
100 26 10

0 27 0
1 27 0
2 27 0
3 27 0
4 27 0
5 27 0
6 27 0
7 27 0
8 27 0
9 27 0
10 27 0
11 27 0
12 27 0
13 27 0
14 27 0
15 27 0
16 27 0
17 27 0
18 27 0
19 27 0
20 27 12.4857
21 27 12.6105
22 27 12.7287
23 27 12.8402
24 27 12.9449
25 27 13.0427
26 27 13.1337
27 27 13.2178
28 27 13.2949
29 27 13.3651
30 27 13.4283
31 27 13.4845
32 27 13.5336
33 27 13.5755
34 27 13.6102
35 27 13.6376
36 27 13.6575
37 27 13.6699
38 27 13.6744
39 27 13.6708
40 27 13.6588
41 27 13.6381
42 27 13.608
43 27 13.5681
44 27 13.5174
45 27 13.4551
46 27 13.3802
47 27 13.2914
48 27 13.1883
49 27 13.072
50 27 12.9488
51 27 12.8344
52 27 12.736
53 27 12.653
54 27 12.5822
55 27 12.5197
56 27 12.4625
57 27 12.4081
58 27 12.3546
59 27 12.3005
60 27 12.2448
61 27 12.1865
62 27 12.1247
63 27 12.0589
64 27 11.9885
65 27 11.913
66 27 11.8319
67 27 11.7447
68 27 11.6511
69 27 11.5508
70 27 11.4433
71 27 11.3285
72 27 11.2061
73 27 11.076
74 27 10.9385
75 27 10.7939
76 27 10.6431
77 27 10.4873
78 27 10.3282
79 27 10.1673
80 27 10.0059
81 27 9.84532
82 27 9.69294
83 27 9.55348
84 27 9.42961
85 27 9.32284
86 27 9.23406
87 27 9.16379
88 27 9.11237
89 27 9.08003
90 27 9.06692
91 27 9.07317
92 27 9.0989
93 27 9.14423
94 27 9.20928
95 27 9.29415
96 27 9.39889
97 27 9.52337
98 27 9.66694
99 27 9.8276
100 27 10

0 28 0
1 28 0
2 28 0
3 28 0
4 28 0
5 28 0
6 28 0
7 28 0
8 28 0
9 28 0
10 28 0
11 28 0
12 28 0
13 28 0
14 28 0
15 28 0
16 28 0
17 28 0
18 28 0
19 28 0
20 28 12.3517
21 28 12.4752
22 28 12.5921
23 28 12.7024
24 28 12.8059
25 28 12.9028
26 28 12.9928
27 28 13.076
28 28 13.1523
29 28 13.2218
30 28 13.2842
31 28 13.3398
32 28 13.3882
33 28 13.4296
34 28 13.4637
35 28 13.4905
36 28 13.5099
37 28 13.5217
38 28 13.5255
39 28 13.5212
40 28 13.5084
41 28 13.4866
42 28 13.4553
43 28 13.4135
44 28 13.3603
45 28 13.2944
46 28 13.2139
47 28 13.1162
48 28 12.9982
49 28 12.857
50 28 12.6964
51 28 12.5578
52 28 12.4506
53 28 12.3679
54 28 12.3014
55 28 12.2449
56 28 12.1939
57 28 12.1456
58 28 12.0979
59 28 12.0492
60 28 11.9986
61 28 11.945
62 28 11.8879
63 28 11.8265
64 28 11.7604
65 28 11.6892
66 28 11.6125
67 28 11.53
68 28 11.4413
69 28 11.3463
70 28 11.2447
71 28 11.1364
72 28 11.0215
73 28 10.9002
74 28 10.7727
75 28 10.6399
76 28 10.5028
77 28 10.3627
78 28 10.2211
79 28 10.0786
80 28 9.93264
81 28 9.77623
82 28 9.62732
83 28 9.49135
84 28 9.37059
85 28 9.2664
86 28 9.17963
87 28 9.11089
88 28 9.0606
89 28 9.02905
90 28 9.01647
91 28 9.02307
92 28 9.04901
93 28 9.0945
94 28 9.15982
95 28 9.24531
96 28 9.35152
97 28 9.47928
98 28 9.62974
99 28 9.80401
100 28 10

0 29 0
1 29 0
2 29 0
3 29 0
4 29 0
5 29 0
6 29 0
7 29 0
8 29 0
9 29 0
10 29 0
11 29 0
12 29 0
13 29 0
14 29 0
15 29 0
16 29 0
17 29 0
18 29 0
19 29 0
20 29 12.2242
21 29 12.3464
22 29 12.4621
23 29 12.5713
24 29 12.6738
25 29 12.7696
26 29 12.8587
27 29 12.9411
28 29 13.0166
29 29 13.0853
30 29 13.1471
31 29 13.202
32 29 13.25
33 29 13.2908
34 29 13.3245
35 29 13.3509
36 29 13.3699
37 29 13.3813
38 29 13.3848
39 29 13.3802
40 29 13.367
41 29 13.3448
42 29 13.3129
43 29 13.2703
44 29 13.2161
45 29 13.1483
46 29 13.0647
47 29 12.9613
48 29 12.8314
49 29 12.6616
50 29 12.4218
51 29 12.25
52 29 12.1407
53 29 12.0665
54 29 12.0107
55 29 11.9644
56 29 11.9227
57 29 11.8825
58 29 11.842
59 29 11.7999
60 29 11.7552
61 29 11.7072
62 29 11.6552
63 29 11.5987
64 29 11.5375
65 29 11.471
66 29 11.3991
67 29 11.3214
68 29 11.2379
69 29 11.1483
70 29 11.0527
71 29 10.951
72 29 10.8434
73 29 10.7304
74 29 10.6124
75 29 10.4903
76 29 10.3655
77 29 10.2396
78 29 10.115
79 29 9.99328
80 29 9.86987
81 29 9.69962
82 29 9.54879
83 29 9.41398
84 29 9.29503
85 29 9.19253
86 29 9.10718
87 29 9.03955
88 29 8.99007
89 29 8.95909
90 29 8.94687
91 29 8.95361
92 29 8.97956
93 29 9.02496
94 29 9.09017
95 29 9.17575
96 29 9.28261
97 29 9.41247
98 29 9.56873
99 29 9.75871
100 29 10

0 30 0
1 30 0
2 30 0
3 30 0
4 30 0
5 30 0
6 30 0
7 30 0
8 30 0
9 30 0
10 30 0
11 30 0
12 30 0
13 30 0
14 30 0
15 30 0
16 30 0
17 30 0
18 30 0
19 30 0
20 30 12.1031
21 30 12.2242
22 30 12.3387
23 30 12.4468
24 30 12.5483
25 30 12.6432
26 30 12.7314
27 30 12.8129
28 30 12.8877
29 30 12.9558
30 30 13.017
31 30 13.0713
32 30 13.1188
33 30 13.1592
34 30 13.1926
35 30 13.2187
36 30 13.2376
37 30 13.2488
38 30 13.2523
39 30 13.2477
40 30 13.2347
41 30 13.2127
42 30 13.1811
43 30 13.139
44 30 13.0852
45 30 13.0182
46 30 12.9354
47 30 12.833
48 30 12.7043
49 30 12.5362
50 30 12.0792
51 30 11.8797
52 30 11.7956
53 30 11.7467
54 30 11.7106
55 30 11.6795
56 30 11.6498
57 30 11.6197
58 30 11.5879
59 30 11.5533
60 30 11.5153
61 30 11.4733
62 30 11.4269
63 30 11.3758
64 30 11.3197
65 30 11.2582
66 30 11.1913
67 30 11.1187
68 30 11.0404
69 30 10.9564
70 30 10.8667
71 30 10.7714
72 30 10.6709
73 30 10.5655
74 30 10.4561
75 30 10.3435
76 30 10.2292
77 30 10.1154
78 30 10.0059
79 30 9.90967
80 30 9.85393
81 30 9.60358
82 30 9.45425
83 30 9.32078
84 30 9.203
85 30 9.10151
86 30 9.01701
87 30 8.95005
88 30 8.90106
89 30 8.87039
90 30 8.85828
91 30 8.86496
92 30 8.89065
93 30 8.9356
94 30 9.00017
95 30 9.0849
96 30 9.19071
97 30 9.31928
98 30 9.47399
99 30 9.66208
100 30 9.90099

0 31 0
1 31 0
2 31 0
3 31 0
4 31 0
5 31 0
6 31 0
7 31 0
8 31 0
9 31 0
10 31 0
11 31 0
12 31 0
13 31 0
14 31 0
15 31 0
16 31 0
17 31 0
18 31 0
19 31 0
20 31 0
21 31 0
22 31 0
23 31 0
24 31 0
25 31 0
26 31 0
27 31 0
28 31 0
29 31 0
30 31 0
31 31 0
32 31 0
33 31 0
34 31 0
35 31 0
36 31 0
37 31 0
38 31 0
39 31 0
40 31 0
41 31 0
42 31 0
43 31 0
44 31 0
45 31 0
46 31 0
47 31 0
48 31 0
49 31 0
50 31 11.2811
51 31 11.3939
52 31 11.4154
53 31 11.4141
54 31 11.4054
55 31 11.393
56 31 11.3775
57 31 11.3588
58 31 11.3364
59 31 11.31
60 31 11.2792
61 31 11.2438
62 31 11.2035
63 31 11.158
64 31 11.1072
65 31 11.0509
66 31 10.9891
67 31 10.9217
68 31 10.8487
69 31 10.7702
70 31 10.6863
71 31 10.5971
72 31 10.5031
73 31 10.4048
74 31 10.3029
75 31 10.1983
76 31 10.0923
77 31 9.98672
78 31 9.88375
79 31 9.78552
80 31 9.68863
81 31 0
82 31 0
83 31 0
84 31 0
85 31 0
86 31 0
87 31 0
88 31 0
89 31 0
90 31 0
91 31 0
92 31 0
93 31 0
94 31 0
95 31 0
96 31 0
97 31 0
98 31 0
99 31 0
100 31 0

0 32 0
1 32 0
2 32 0
3 32 0
4 32 0
5 32 0
6 32 0
7 32 0
8 32 0
9 32 0
10 32 0
11 32 0
12 32 0
13 32 0
14 32 0
15 32 0
16 32 0
17 32 0
18 32 0
19 32 0
20 32 0
21 32 0
22 32 0
23 32 0
24 32 0
25 32 0
26 32 0
27 32 0
28 32 0
29 32 0
30 32 0
31 32 0
32 32 0
33 32 0
34 32 0
35 32 0
36 32 0
37 32 0
38 32 0
39 32 0
40 32 0
41 32 0
42 32 0
43 32 0
44 32 0
45 32 0
46 32 0
47 32 0
48 32 0
49 32 0
50 32 10.8906
51 32 10.9995
52 32 11.0582
53 32 11.0887
54 32 11.1039
55 32 11.1097
56 32 11.1085
57 32 11.1014
58 32 11.0889
59 32 11.0711
60 32 11.0479
61 32 11.0193
62 32 10.9851
63 32 10.9455
64 32 10.9002
65 32 10.8492
66 32 10.7926
67 32 10.7304
68 32 10.6626
69 32 10.5894
70 32 10.511
71 32 10.4277
72 32 10.3397
73 32 10.2478
74 32 10.1524
75 32 10.0545
76 32 9.95511
77 32 9.85546
78 32 9.75683
79 32 9.66002
80 32 9.56437
81 32 0
82 32 0
83 32 0
84 32 0
85 32 0
86 32 0
87 32 0
88 32 0
89 32 0
90 32 0
91 32 0
92 32 0
93 32 0
94 32 0
95 32 0
96 32 0
97 32 0
98 32 0
99 32 0
100 32 0

0 33 0
1 33 0
2 33 0
3 33 0
4 33 0
5 33 0
6 33 0
7 33 0
8 33 0
9 33 0
10 33 0
11 33 0
12 33 0
13 33 0
14 33 0
15 33 0
16 33 0
17 33 0
18 33 0
19 33 0
20 33 0
21 33 0
22 33 0
23 33 0
24 33 0
25 33 0
26 33 0
27 33 0
28 33 0
29 33 0
30 33 0
31 33 0
32 33 0
33 33 0
34 33 0
35 33 0
36 33 0
37 33 0
38 33 0
39 33 0
40 33 0
41 33 0
42 33 0
43 33 0
44 33 0
45 33 0
46 33 0
47 33 0
48 33 0
49 33 0
50 33 10.5498
51 33 10.6553
52 33 10.729
53 33 10.7787
54 33 10.812
55 33 10.8332
56 33 10.8453
57 33 10.8495
58 33 10.8468
59 33 10.8376
60 33 10.822
61 33 10.8002
62 33 10.7724
63 33 10.7386
64 33 10.6988
65 33 10.6531
66 33 10.6017
67 33 10.5446
68 33 10.4819
69 33 10.4139
70 33 10.3407
71 33 10.2628
72 33 10.1804
73 33 10.0941
74 33 10.0045
75 33 9.9122
76 33 9.81816
77 33 9.72319
78 33 9.62809
79 33 9.53335
80 33 9.43896
81 33 0
82 33 0
83 33 0
84 33 0
85 33 0
86 33 0
87 33 0
88 33 0
89 33 0
90 33 0
91 33 0
92 33 0
93 33 0
94 33 0
95 33 0
96 33 0
97 33 0
98 33 0
99 33 0
100 33 0

0 34 0
1 34 0
2 34 0
3 34 0
4 34 0
5 34 0
6 34 0
7 34 0
8 34 0
9 34 0
10 34 0
11 34 0
12 34 0
13 34 0
14 34 0
15 34 0
16 34 0
17 34 0
18 34 0
19 34 0
20 34 0
21 34 0
22 34 0
23 34 0
24 34 0
25 34 0
26 34 0
27 34 0
28 34 0
29 34 0
30 34 0
31 34 0
32 34 0
33 34 0
34 34 0
35 34 0
36 34 0
37 34 0
38 34 0
39 34 0
40 34 0
41 34 0
42 34 0
43 34 0
44 34 0
45 34 0
46 34 0
47 34 0
48 34 0
49 34 0
50 34 10.2406
51 34 10.343
52 34 10.4236
53 34 10.4854
54 34 10.5319
55 34 10.5661
56 34 10.5899
57 34 10.6046
58 34 10.6113
59 34 10.6103
60 34 10.6022
61 34 10.5872
62 34 10.5656
63 34 10.5376
64 34 10.5033
65 34 10.4629
66 34 10.4165
67 34 10.3643
68 34 10.3066
69 34 10.2434
70 34 10.1753
71 34 10.1023
72 34 10.025
73 34 9.94375
74 34 9.85912
75 34 9.7717
76 34 9.68213
77 34 9.59104
78 34 9.49899
79 34 9.40634
80 34 9.31321
81 34 0
82 34 0
83 34 0
84 34 0
85 34 0
86 34 0
87 34 0
88 34 0
89 34 0
90 34 0
91 34 0
92 34 0
93 34 0
94 34 0
95 34 0
96 34 0
97 34 0
98 34 0
99 34 0
100 34 0

0 35 0
1 35 0
2 35 0
3 35 0
4 35 0
5 35 0
6 35 0
7 35 0
8 35 0
9 35 0
10 35 0
11 35 0
12 35 0
13 35 0
14 35 0
15 35 0
16 35 0
17 35 0
18 35 0
19 35 0
20 35 0
21 35 0
22 35 0
23 35 0
24 35 0
25 35 0
26 35 0
27 35 0
28 35 0
29 35 0
30 35 0
31 35 0
32 35 0
33 35 0
34 35 0
35 35 0
36 35 0
37 35 0
38 35 0
39 35 0
40 35 0
41 35 0
42 35 0
43 35 0
44 35 0
45 35 0
46 35 0
47 35 0
48 35 0
49 35 0
50 35 9.95305
51 35 10.0526
52 35 10.1371
53 35 10.2072
54 35 10.2642
55 35 10.3092
56 35 10.3435
57 35 10.3679
58 35 10.3833
59 35 10.3903
60 35 10.3893
61 35 10.3809
62 35 10.3653
63 35 10.3429
64 35 10.3139
65 35 10.2785
66 35 10.237
67 35 10.1896
68 35 10.1366
69 35 10.0781
70 35 10.0145
71 35 9.94622
72 35 9.8735
73 35 9.7968
74 35 9.71659
75 35 9.63336
76 35 9.54762
77 35 9.45987
78 35 9.3705
79 35 9.27982
80 35 9.18794
81 35 0
82 35 0
83 35 0
84 35 0
85 35 0
86 35 0
87 35 0
88 35 0
89 35 0
90 35 0
91 35 0
92 35 0
93 35 0
94 35 0
95 35 0
96 35 0
97 35 0
98 35 0
99 35 0
100 35 0

0 36 0
1 36 0
2 36 0
3 36 0
4 36 0
5 36 0
6 36 0
7 36 0
8 36 0
9 36 0
10 36 0
11 36 0
12 36 0
13 36 0
14 36 0
15 36 0
16 36 0
17 36 0
18 36 0
19 36 0
20 36 0
21 36 0
22 36 0
23 36 0
24 36 0
25 36 0
26 36 0
27 36 0
28 36 0
29 36 0
30 36 0
31 36 0
32 36 0
33 36 0
34 36 0
35 36 0
36 36 0
37 36 0
38 36 0
39 36 0
40 36 0
41 36 0
42 36 0
43 36 0
44 36 0
45 36 0
46 36 0
47 36 0
48 36 0
49 36 0
50 36 9.68037
51 36 9.77718
52 36 9.86488
53 36 9.94227
54 36 10.0084
55 36 10.0632
56 36 10.107
57 36 10.1402
58 36 10.1637
59 36 10.1781
60 36 10.1839
61 36 10.1817
62 36 10.1719
63 36 10.1548
64 36 10.1309
65 36 10.1003
66 36 10.0635
67 36 10.0206
68 36 9.97197
69 36 9.91787
70 36 9.85861
71 36 9.79454
72 36 9.72599
73 36 9.65337
74 36 9.57707
75 36 9.49752
76 36 9.41514
77 36 9.33031
78 36 9.24334
79 36 9.15448
80 36 9.06384
81 36 0
82 36 0
83 36 0
84 36 0
85 36 0
86 36 0
87 36 0
88 36 0
89 36 0
90 36 0
91 36 0
92 36 0
93 36 0
94 36 0
95 36 0
96 36 0
97 36 0
98 36 0
99 36 0
100 36 0

0 37 0
1 37 0
2 37 0
3 37 0
4 37 0
5 37 0
6 37 0
7 37 0
8 37 0
9 37 0
10 37 0
11 37 0
12 37 0
13 37 0
14 37 0
15 37 0
16 37 0
17 37 0
18 37 0
19 37 0
20 37 0
21 37 0
22 37 0
23 37 0
24 37 0
25 37 0
26 37 0
27 37 0
28 37 0
29 37 0
30 37 0
31 37 0
32 37 0
33 37 0
34 37 0
35 37 0
36 37 0
37 37 0
38 37 0
39 37 0
40 37 0
41 37 0
42 37 0
43 37 0
44 37 0
45 37 0
46 37 0
47 37 0
48 37 0
49 37 0
50 37 9.41672
51 37 9.51089
52 37 9.603
53 37 9.68852
54 37 9.76409
55 37 9.82827
56 37 9.88087
57 37 9.92232
58 37 9.9533
59 37 9.9745
60 37 9.98659
61 37 9.99015
62 37 9.98569
63 37 9.97367
64 37 9.95448
65 37 9.92848
66 37 9.89599
67 37 9.85735
68 37 9.81284
69 37 9.76279
70 37 9.70751
71 37 9.64732
72 37 9.58257
73 37 9.51361
74 37 9.44081
75 37 9.36453
76 37 9.28511
77 37 9.20288
78 37 9.11809
79 37 9.03093
80 37 8.94152
81 37 0
82 37 0
83 37 0
84 37 0
85 37 0
86 37 0
87 37 0
88 37 0
89 37 0
90 37 0
91 37 0
92 37 0
93 37 0
94 37 0
95 37 0
96 37 0
97 37 0
98 37 0
99 37 0
100 37 0

0 38 0
1 38 0
2 38 0
3 38 0
4 38 0
5 38 0
6 38 0
7 38 0
8 38 0
9 38 0
10 38 0
11 38 0
12 38 0
13 38 0
14 38 0
15 38 0
16 38 0
17 38 0
18 38 0
19 38 0
20 38 0
21 38 0
22 38 0
23 38 0
24 38 0
25 38 0
26 38 0
27 38 0
28 38 0
29 38 0
30 38 0
31 38 0
32 38 0
33 38 0
34 38 0
35 38 0
36 38 0
37 38 0
38 38 0
39 38 0
40 38 0
41 38 0
42 38 0
43 38 0
44 38 0
45 38 0
46 38 0
47 38 0
48 38 0
49 38 0
50 38 9.1551
51 38 9.24665
52 38 9.34772
53 38 9.44474
54 38 9.53114
55 38 9.60489
56 38 9.66593
57 38 9.7149
58 38 9.75264
59 38 9.78001
60 38 9.79777
61 38 9.80659
62 38 9.80705
63 38 9.79966
64 38 9.78488
65 38 9.76309
66 38 9.73466
67 38 9.69995
68 38 9.65927
69 38 9.61295
70 38 9.56131
71 38 9.50467
72 38 9.44336
73 38 9.3777
74 38 9.30804
75 38 9.23467
76 38 9.15791
77 38 9.07801
78 38 8.9952
79 38 8.90964
80 38 8.82143
81 38 0
82 38 0
83 38 0
84 38 0
85 38 0
86 38 0
87 38 0
88 38 0
89 38 0
90 38 0
91 38 0
92 38 0
93 38 0
94 38 0
95 38 0
96 38 0
97 38 0
98 38 0
99 38 0
100 38 0

0 39 0
1 39 0
2 39 0
3 39 0
4 39 0
5 39 0
6 39 0
7 39 0
8 39 0
9 39 0
10 39 0
11 39 0
12 39 0
13 39 0
14 39 0
15 39 0
16 39 0
17 39 0
18 39 0
19 39 0
20 39 0
21 39 0
22 39 0
23 39 0
24 39 0
25 39 0
26 39 0
27 39 0
28 39 0
29 39 0
30 39 0
31 39 0
32 39 0
33 39 0
34 39 0
35 39 0
36 39 0
37 39 0
38 39 0
39 39 0
40 39 0
41 39 0
42 39 0
43 39 0
44 39 0
45 39 0
46 39 0
47 39 0
48 39 0
49 39 0
50 39 8.88406
51 39 8.97291
52 39 9.09649
53 39 9.21157
54 39 9.31084
55 39 9.39424
56 39 9.46306
57 39 9.5187
58 39 9.56237
59 39 9.59514
60 39 9.6179
61 39 9.63139
62 39 9.63626
63 39 9.63307
64 39 9.62228
65 39 9.60434
66 39 9.57963
67 39 9.54852
68 39 9.51134
69 39 9.46843
70 39 9.42011
71 39 9.36669
72 39 9.30849
73 39 9.24582
74 39 9.17896
75 39 9.10822
76 39 9.03384
77 39 8.95606
78 39 8.87507
79 39 8.79101
80 39 8.70397
81 39 0
82 39 0
83 39 0
84 39 0
85 39 0
86 39 0
87 39 0
88 39 0
89 39 0
90 39 0
91 39 0
92 39 0
93 39 0
94 39 0
95 39 0
96 39 0
97 39 0
98 39 0
99 39 0
100 39 0

0 40 24.7525
1 40 23.5493
2 40 22.4719
3 40 21.4754
4 40 20.5403
5 40 19.657
6 40 18.82
7 40 18.0257
8 40 17.2716
9 40 16.5555
10 40 15.8757
11 40 15.2305
12 40 14.6186
13 40 14.0386
14 40 13.4891
15 40 12.969
16 40 12.4772
17 40 12.0126
18 40 11.5741
19 40 11.1608
20 40 10.7719
21 40 10.4064
22 40 10.0636
23 40 9.74264
24 40 9.44295
25 40 9.16382
26 40 8.90467
27 40 8.66491
28 40 8.44404
29 40 8.24157
30 40 8.05707
31 40 7.89015
32 40 7.74046
33 40 7.60767
34 40 7.49154
35 40 7.39184
36 40 7.3084
37 40 7.2411
38 40 7.1899
39 40 7.15483
40 40 7.136
41 40 7.13367
42 40 7.14825
43 40 7.18041
44 40 7.23116
45 40 7.30203
46 40 7.39548
47 40 7.51551
48 40 7.66924
49 40 7.87062
50 40 8.35644
51 40 8.66443
52 40 8.85376
53 40 8.99422
54 40 9.10641
55 40 9.19817
56 40 9.2734
57 40 9.33446
58 40 9.38301
59 40 9.42029
60 40 9.44729
61 40 9.46482
62 40 9.47355
63 40 9.47406
64 40 9.46685
65 40 9.45236
66 40 9.43101
67 40 9.40315
68 40 9.36915
69 40 9.32933
70 40 9.28401
71 40 9.23351
72 40 9.17811
73 40 9.11811
74 40 9.05379
75 40 8.9854
76 40 8.91317
77 40 8.83732
78 40 8.75801
79 40 8.67537
80 40 8.58947
81 40 0
82 40 0
83 40 0
84 40 0
85 40 0
86 40 0
87 40 0
88 40 0
89 40 0
90 40 0
91 40 0
92 40 0
93 40 0
94 40 0
95 40 0
96 40 0
97 40 0
98 40 0
99 40 0
100 40 0

0 41 25
1 41 23.7848
2 41 22.6966
3 41 21.6901
4 41 20.7457
5 41 19.8536
6 41 19.0082
7 41 18.206
8 41 17.4443
9 41 16.721
10 41 16.0344
11 41 15.3828
12 41 14.7648
13 41 14.179
14 41 13.624
15 41 13.0987
16 41 12.602
17 41 12.1327
18 41 11.6899
19 41 11.2725
20 41 10.8796
21 41 10.5104
22 41 10.1642
23 41 9.84006
24 41 9.53738
25 41 9.25546
26 41 8.99372
27 41 8.75156
28 41 8.52848
29 41 8.32399
30 41 8.13765
31 41 7.96905
32 41 7.81786
33 41 7.68375
34 41 7.56646
35 41 7.46576
36 41 7.38148
37 41 7.31351
38 41 7.2618
39 41 7.22638
40 41 7.20736
41 41 7.20501
42 41 7.21974
43 41 7.25222
44 41 7.30347
45 41 7.37505
46 41 7.46943
47 41 7.59067
48 41 7.74594
49 41 7.94933
50 41 8.23263
51 41 8.47462
52 41 8.6599
53 41 8.80514
54 41 8.92241
55 41 9.01864
56 41 9.0979
57 41 9.16273
58 41 9.21491
59 41 9.25572
60 41 9.28617
61 41 9.30706
62 41 9.31907
63 41 9.32278
64 41 9.31869
65 41 9.30726
66 41 9.28888
67 41 9.26394
68 41 9.23278
69 41 9.19573
70 41 9.15311
71 41 9.10521
72 41 9.05233
73 41 8.99473
74 41 8.93268
75 41 8.86641
76 41 8.79614
77 41 8.72204
78 41 8.64429
79 41 8.56298
80 41 8.4782
81 41 0
82 41 0
83 41 0
84 41 0
85 41 0
86 41 0
87 41 0
88 41 0
89 41 0
90 41 0
91 41 0
92 41 0
93 41 0
94 41 0
95 41 0
96 41 0
97 41 0
98 41 0
99 41 0
100 41 0

0 42 25
1 42 23.8933
2 42 22.8396
3 42 21.8428
4 42 20.8988
5 42 20.0034
6 42 19.1533
7 42 18.3457
8 42 17.5786
9 42 16.8499
10 42 16.1581
11 42 15.5016
12 42 14.8788
13 42 14.2884
14 42 13.7292
15 42 13.1999
16 42 12.6993
17 42 12.2264
18 42 11.7801
19 42 11.3595
20 42 10.9636
21 42 10.5916
22 42 10.2427
23 42 9.91606
24 42 9.61103
25 42 9.32694
26 42 9.06317
27 42 8.81914
28 42 8.59434
29 42 8.38826
30 42 8.20047
31 42 8.03056
32 42 7.87819
33 42 7.74302
34 42 7.62479
35 42 7.52326
36 42 7.43826
37 42 7.36967
38 42 7.31742
39 42 7.28152
40 42 7.26206
41 42 7.25926
42 42 7.27348
43 42 7.30526
44 42 7.35545
45 42 7.42528
46 42 7.51654
47 42 7.6318
48 42 7.77451
49 42 7.94813
50 42 8.15014
51 42 8.34153
52 42 8.50608
53 42 8.64404
54 42 8.75945
55 42 8.8561
56 42 8.93682
57 42 9.00367
58 42 9.05819
59 42 9.10152
60 42 9.1346
61 42 9.15817
62 42 9.17289
63 42 9.1793
64 42 9.17789
65 42 9.1691
66 42 9.15333
67 42 9.13095
68 42 9.1023
69 42 9.06771
70 42 9.02748
71 42 8.98191
72 42 8.93127
73 42 8.87582
74 42 8.8158
75 42 8.75144
76 42 8.68293
77 42 8.61044
78 42 8.53412
79 42 8.45407
80 42 8.37037
81 42 0
82 42 0
83 42 0
84 42 0
85 42 0
86 42 0
87 42 0
88 42 0
89 42 0
90 42 0
91 42 0
92 42 0
93 42 0
94 42 0
95 42 0
96 42 0
97 42 0
98 42 0
99 42 0
100 42 0

0 43 25
1 43 23.9489
2 43 22.9257
3 43 21.9427
4 43 21.0033
5 43 20.108
6 43 19.2558
7 43 18.445
8 43 17.6743
9 43 16.942
10 43 16.2466
11 43 15.5865
12 43 14.9604
13 43 14.3668
14 43 13.8045
15 43 13.2723
16 43 12.769
17 43 12.2935
18 43 11.8448
19 43 11.4218
20 43 11.0238
21 43 10.6497
22 43 10.2989
23 43 9.97046
24 43 9.66376
25 43 9.3781
26 43 9.11288
27 43 8.86751
28 43 8.64146
29 43 8.43424
30 43 8.24541
31 43 8.07455
32 43 7.92131
33 43 7.78535
34 43 7.66641
35 43 7.56424
36 43 7.47865
37 43 7.40949
38 43 7.35669
39 43 7.32022
40 43 7.30011
41 43 7.29651
42 43 7.30965
43 43 7.3399
44 43 7.3878
45 43 7.45408
46 43 7.53965
47 43 7.64549
48 43 7.77218
49 43 7.91854
50 43 8.07827
51 43 8.23527
52 43 8.37886
53 43 8.50549
54 43 8.61527
55 43 8.70948
56 43 8.7896
57 43 8.85696
58 43 8.91265
59 43 8.95758
60 43 8.99253
61 43 9.01816
62 43 9.03502
63 43 9.04364
64 43 9.04447
65 43 9.03793
66 43 9.0244
67 43 9.00424
68 43 8.97777
69 43 8.94533
70 43 8.90721
71 43 8.86368
72 43 8.81502
73 43 8.76148
74 43 8.70327
75 43 8.64061
76 43 8.5737
77 43 8.50267
78 43 8.42768
79 43 8.34882
80 43 8.26616
81 43 0
82 43 0
83 43 0
84 43 0
85 43 0
86 43 0
87 43 0
88 43 0
89 43 0
90 43 0
91 43 0
92 43 0
93 43 0
94 43 0
95 43 0
96 43 0
97 43 0
98 43 0
99 43 0
100 43 0

0 44 25
1 44 23.9764
2 44 22.9718
3 44 21.9988
4 44 21.0638
5 44 20.1696
6 44 19.3166
7 44 18.5044
8 44 17.7317
9 44 16.9973
10 44 16.2997
11 44 15.6376
12 44 15.0094
13 44 14.4139
14 44 13.8498
15 44 13.3158
16 44 12.8109
17 44 12.3338
18 44 11.8836
19 44 11.4593
20 44 11.0599
21 44 10.6846
22 44 10.3326
23 44 10.0031
24 44 9.69543
25 44 9.40884
26 44 9.14274
27 44 8.89656
28 44 8.66976
29 44 8.46185
30 44 8.27237
31 44 8.10092
32 44 7.94714
33 44 7.81068
34 44 7.69126
35 44 7.58863
36 44 7.50259
37 44 7.43297
38 44 7.37965
39 44 7.34255
40 44 7.32166
41 44 7.31702
42 44 7.32871
43 44 7.3569
44 44 7.40178
45 44 7.4636
46 44 7.54249
47 44 7.63833
48 44 7.7502
49 44 7.87558
50 44 8.00912
51 44 8.14244
52 44 8.2686
53 44 8.38381
54 44 8.48664
55 44 8.57695
56 44 8.65517
57 44 8.72192
58 44 8.77787
59 44 8.82363
60 44 8.8598
61 44 8.8869
62 44 8.90541
63 44 8.91578
64 44 8.91844
65 44 8.91375
66 44 8.9021
67 44 8.88382
68 44 8.85923
69 44 8.82864
70 44 8.79234
71 44 8.7506
72 44 8.70367
73 44 8.65179
74 44 8.59519
75 44 8.53406
76 44 8.46857
77 44 8.39888
78 44 8.32512
79 44 8.24737
80 44 8.16571
81 44 0
82 44 0
83 44 0
84 44 0
85 44 0
86 44 0
87 44 0
88 44 0
89 44 0
90 44 0
91 44 0
92 44 0
93 44 0
94 44 0
95 44 0
96 44 0
97 44 0
98 44 0
99 44 0
100 44 0

0 45 25
1 45 23.9848
2 45 22.9863
3 45 22.0169
4 45 21.0836
5 45 20.1899
6 45 19.3368
7 45 18.5241
8 45 17.7508
9 45 17.0157
10 45 16.3174
11 45 15.6546
12 45 15.0257
13 45 14.4296
14 45 13.8649
15 45 13.3303
16 45 12.8248
17 45 12.3472
18 45 11.8966
19 45 11.4718
20 45 11.072
21 45 10.6963
22 45 10.3439
23 45 10.014
24 45 9.70599
25 45 9.41908
26 45 9.15269
27 45 8.90623
28 45 8.67917
29 45 8.47102
30 45 8.28131
31 45 8.10964
32 45 7.95564
33 45 7.81897
34 45 7.69932
35 45 7.59645
36 45 7.51012
37 45 7.44015
38 45 7.38637
39 45 7.34868
40 45 7.32698
41 45 7.32119
42 45 7.33128
43 45 7.35719
44 45 7.39884
45 45 7.45604
46 45 7.5284
47 45 7.61513
48 45 7.71471
49 45 7.82445
50 45 7.94022
51 45 8.05676
52 45 8.16929
53 45 8.27452
54 45 8.37055
55 45 8.45652
56 45 8.5322
57 45 8.59769
58 45 8.65327
59 45 8.69929
60 45 8.73614
61 45 8.76423
62 45 8.78393
63 45 8.79565
64 45 8.79973
65 45 8.79655
66 45 8.78644
67 45 8.76971
68 45 8.74669
69 45 8.71767
70 45 8.68291
71 45 8.6427
72 45 8.59726
73 45 8.54684
74 45 8.49165
75 45 8.43186
76 45 8.36765
77 45 8.29917
78 45 8.22654
79 45 8.14984
80 45 8.06915
81 45 0
82 45 0
83 45 0
84 45 0
85 45 0
86 45 0
87 45 0
88 45 0
89 45 0
90 45 0
91 45 0
92 45 0
93 45 0
94 45 0
95 45 0
96 45 0
97 45 0
98 45 0
99 45 0
100 45 0

0 46 25
1 46 23.9764
2 46 22.9718
3 46 21.9988
4 46 21.0638
5 46 20.1696
6 46 19.3166
7 46 18.5044
8 46 17.7317
9 46 16.9973
10 46 16.2997
11 46 15.6376
12 46 15.0094
13 46 14.4139
14 46 13.8498
15 46 13.3158
16 46 12.8109
17 46 12.3338
18 46 11.8836
19 46 11.4593
20 46 11.0599
21 46 10.6846
22 46 10.3326
23 46 10.0031
24 46 9.69541
25 46 9.40881
26 46 9.14271
27 46 8.89651
28 46 8.66968
29 46 8.46174
30 46 8.27222
31 46 8.1007
32 46 7.94682
33 46 7.81023
34 46 7.69062
35 46 7.58772
36 46 7.50129
37 46 7.43113
38 46 7.37703
39 46 7.33883
40 46 7.31637
41 46 7.3095
42 46 7.31804
43 46 7.34175
44 46 7.38034
45 46 7.43331
46 46 7.49995
47 46 7.5791
48 46 7.66905
49 46 7.7673
50 46 7.87056
51 46 7.97508
52 46 8.0773
53 46 8.17442
54 46 8.26451
55 46 8.34639
56 46 8.41943
57 46 8.48338
58 46 8.53823
59 46 8.58412
60 46 8.62126
61 46 8.64994
62 46 8.67046
63 46 8.68314
64 46 8.68831
65 46 8.68629
66 46 8.67738
67 46 8.66191
68 46 8.64016
69 46 8.61242
70 46 8.57896
71 46 8.54002
72 46 8.49585
73 46 8.44668
74 46 8.39269
75 46 8.33409
76 46 8.27102
77 46 8.20362
78 46 8.13202
79 46 8.05631
80 46 7.97654
81 46 0
82 46 0
83 46 0
84 46 0
85 46 0
86 46 0
87 46 0
88 46 0
89 46 0
90 46 0
91 46 0
92 46 0
93 46 0
94 46 0
95 46 0
96 46 0
97 46 0
98 46 0
99 46 0
100 46 0

0 47 25
1 47 23.9489
2 47 22.9257
3 47 21.9427
4 47 21.0033
5 47 20.108
6 47 19.2558
7 47 18.445
8 47 17.6743
9 47 16.942
10 47 16.2466
11 47 15.5865
12 47 14.9604
13 47 14.3668
14 47 13.8045
15 47 13.2723
16 47 12.769
17 47 12.2935
18 47 11.8448
19 47 11.4218
20 47 11.0238
21 47 10.6497
22 47 10.2989
23 47 9.97044
24 47 9.66372
25 47 9.37806
26 47 9.11281
27 47 8.86741
28 47 8.64132
29 47 8.43404
30 47 8.24512
31 47 8.07413
32 47 7.92071
33 47 7.78451
34 47 7.66521
35 47 7.56253
36 47 7.47621
37 47 7.40604
38 47 7.35178
39 47 7.31324
40 47 7.29019
41 47 7.28241
42 47 7.28961
43 47 7.31145
44 47 7.34745
45 47 7.39694
46 47 7.45898
47 47 7.53228
48 47 7.61509
49 47 7.70513
50 47 7.79966
51 47 7.89571
52 47 7.99041
53 47 8.08136
54 47 8.16669
55 47 8.2451
56 47 8.31575
57 47 8.37818
58 47 8.43217
59 47 8.47769
60 47 8.51485
61 47 8.54381
62 47 8.56483
63 47 8.57815
64 47 8.58408
65 47 8.5829
66 47 8.57491
67 47 8.56039
68 47 8.53963
69 47 8.51291
70 47 8.48047
71 47 8.44258
72 47 8.39946
73 47 8.35132
74 47 8.29837
75 47 8.24078
76 47 8.1787
77 47 8.11228
78 47 8.04163
79 47 7.96683
80 47 7.88795
81 47 0
82 47 0
83 47 0
84 47 0
85 47 0
86 47 0
87 47 0
88 47 0
89 47 0
90 47 0
91 47 0
92 47 0
93 47 0
94 47 0
95 47 0
96 47 0
97 47 0
98 47 0
99 47 0
100 47 0

0 48 25
1 48 23.8933
2 48 22.8396
3 48 21.8428
4 48 20.8988
5 48 20.0034
6 48 19.1533
7 48 18.3457
8 48 17.5786
9 48 16.85
10 48 16.1581
11 48 15.5016
12 48 14.8788
13 48 14.2884
14 48 13.7292
15 48 13.1999
16 48 12.6993
17 48 12.2264
18 48 11.7801
19 48 11.3595
20 48 10.9636
21 48 10.5916
22 48 10.2427
23 48 9.91603
24 48 9.61099
25 48 9.32688
26 48 9.06308
27 48 8.81901
28 48 8.59414
29 48 8.38798
30 48 8.20008
31 48 8.03001
32 48 7.87739
33 48 7.74189
34 48 7.62317
35 48 7.52097
36 48 7.435
37 48 7.36504
38 48 7.31083
39 48 7.27215
40 48 7.24874
41 48 7.24033
42 48 7.24656
43 48 7.267
44 48 7.30108
45 48 7.34801
46 48 7.40675
47 48 7.47596
48 48 7.55391
49 48 7.63847
50 48 7.72724
51 48 7.81767
52 48 7.90729
53 48 7.99392
54 48 8.07579
55 48 8.15156
56 48 8.2203
57 48 8.28142
58 48 8.33457
59 48 8.37964
60 48 8.41662
61 48 8.44564
62 48 8.46688
63 48 8.48057
64 48 8.48697
65 48 8.48633
66 48 8.47896
67 48 8.46511
68 48 8.44507
69 48 8.4191
70 48 8.38745
71 48 8.35037
72 48 8.30808
73 48 8.26079
74 48 8.20869
75 48 8.15195
76 48 8.09074
77 48 8.02518
78 48 7.95539
79 48 7.88144
80 48 7.8034
81 48 0
82 48 0
83 48 0
84 48 0
85 48 0
86 48 0
87 48 0
88 48 0
89 48 0
90 48 0
91 48 0
92 48 0
93 48 0
94 48 0
95 48 0
96 48 0
97 48 0
98 48 0
99 48 0
100 48 0

0 49 25
1 49 23.7848
2 49 22.6966
3 49 21.6901
4 49 20.7457
5 49 19.8536
6 49 19.0082
7 49 18.206
8 49 17.4443
9 49 16.721
10 49 16.0344
11 49 15.3828
12 49 14.7648
13 49 14.179
14 49 13.624
15 49 13.0987
16 49 12.602
17 49 12.1327
18 49 11.6899
19 49 11.2724
20 49 10.8796
21 49 10.5104
22 49 10.1642
23 49 9.84003
24 49 9.53733
25 49 9.25539
26 49 8.99361
27 49 8.75141
28 49 8.52826
29 49 8.32368
30 49 8.1372
31 49 7.96842
32 49 7.81696
33 49 7.68247
34 49 7.56464
35 49 7.46317
36 49 7.3778
37 49 7.30828
38 49 7.25435
39 49 7.21579
40 49 7.1923
41 49 7.1836
42 49 7.1893
43 49 7.20892
44 49 7.24185
45 49 7.28726
46 49 7.34407
47 49 7.41092
48 49 7.4861
49 49 7.56761
50 49 7.65318
51 49 7.74046
52 49 7.82717
53 49 7.91125
54 49 7.99099
55 49 8.06506
56 49 8.13249
57 49 8.19262
58 49 8.24507
59 49 8.28967
60 49 8.32637
61 49 8.35526
62 49 8.3765
63 49 8.39029
64 49 8.39688
65 49 8.39652
66 49 8.38948
67 49 8.37604
68 49 8.35645
69 49 8.33098
70 49 8.29988
71 49 8.26338
72 49 8.2217
73 49 8.17506
74 49 8.12364
75 49 8.06762
76 49 8.00713
77 49 7.94232
78 49 7.8733
79 49 7.80014
80 49 7.72291
81 49 0
82 49 0
83 49 0
84 49 0
85 49 0
86 49 0
87 49 0
88 49 0
89 49 0
90 49 0
91 49 0
92 49 0
93 49 0
94 49 0
95 49 0
96 49 0
97 49 0
98 49 0
99 49 0
100 49 0

0 50 24.7525
1 50 23.5493
2 50 22.4719
3 50 21.4754
4 50 20.5403
5 50 19.657
6 50 18.82
7 50 18.0257
8 50 17.2716
9 50 16.5555
10 50 15.8757
11 50 15.2305
12 50 14.6186
13 50 14.0386
14 50 13.4891
15 50 12.9691
16 50 12.4772
17 50 12.0126
18 50 11.5741
19 50 11.1608
20 50 10.7719
21 50 10.4064
22 50 10.0635
23 50 9.74261
24 50 9.4429
25 50 9.16375
26 50 8.90457
27 50 8.66476
28 50 8.44383
29 50 8.24127
30 50 8.05664
31 50 7.88953
32 50 7.73957
33 50 7.60641
34 50 7.48974
35 50 7.38928
36 50 7.30475
37 50 7.23592
38 50 7.18253
39 50 7.14434
40 50 7.12109
41 50 7.11248
42 50 7.11812
43 50 7.13755
44 50 7.17015
45 50 7.21511
46 50 7.27136
47 50 7.33754
48 50 7.41198
49 50 7.49268
50 50 7.5774
51 50 7.66382
52 50 7.74967
53 50 7.83292
54 50 7.91187
55 50 7.98521
56 50 8.05197
57 50 8.1115
58 50 8.16344
59 50 8.20759
60 50 8.24393
61 50 8.27253
62 50 8.29356
63 50 8.30722
64 50 8.31374
65 50 8.31338
66 50 8.30642
67 50 8.2931
68 50 8.27371
69 50 8.24849
70 50 8.2177
71 50 8.18156
72 50 8.1403
73 50 8.09412
74 50 8.04321
75 50 7.98774
76 50 7.92786
77 50 7.86369
78 50 7.79534
79 50 7.72291
80 50 7.64644
81 50 0
82 50 0
83 50 0
84 50 0
85 50 0
86 50 0
87 50 0
88 50 0
89 50 0
90 50 0
91 50 0
92 50 0
93 50 0
94 50 0
95 50 0
96 50 0
97 50 0
98 50 0
99 50 0
100 50 0

