0 0 0
1 0 0
2 0 0
3 0 0
4 0 0
5 0 0
6 0 0
7 0 0
8 0 0
9 0 0
10 0 0
11 0 0
12 0 0
13 0 0
14 0 0
15 0 0
16 0 0
17 0 0
18 0 0
19 0 0
20 0 19.802
21 0 20
22 0 20
23 0 20
24 0 20
25 0 20
26 0 20
27 0 20
28 0 20
29 0 20
30 0 20
31 0 20
32 0 20
33 0 20
34 0 20
35 0 20
36 0 20
37 0 20
38 0 20
39 0 20
40 0 20
41 0 20
42 0 20
43 0 20
44 0 20
45 0 20
46 0 20
47 0 20
48 0 20
49 0 20
50 0 20
51 0 20
52 0 20
53 0 20
54 0 20
55 0 20
56 0 20
57 0 20
58 0 20
59 0 20
60 0 20
61 0 20
62 0 20
63 0 20
64 0 20
65 0 20
66 0 20
67 0 20
68 0 20
69 0 20
70 0 20
71 0 20
72 0 20
73 0 20
74 0 20
75 0 20
76 0 20
77 0 20
78 0 20
79 0 20
80 0 19.802
81 0 0
82 0 0
83 0 0
84 0 0
85 0 0
86 0 0
87 0 0
88 0 0
89 0 0
90 0 0
91 0 0
92 0 0
93 0 0
94 0 0
95 0 0
96 0 0
97 0 0
98 0 0
99 0 0
100 0 0

0 1 0
1 1 0
2 1 0
3 1 0
4 1 0
5 1 0
6 1 0
7 1 0
8 1 0
9 1 0
10 1 0
11 1 0
12 1 0
13 1 0
14 1 0
15 1 0
16 1 0
17 1 0
18 1 0
19 1 0
20 1 19.1701
21 1 19.3618
22 1 19.4552
23 1 19.51
24 1 19.5465
25 1 19.5731
26 1 19.5935
27 1 19.6098
28 1 19.6231
29 1 19.6341
30 1 19.6432
31 1 19.651
32 1 19.6575
33 1 19.6629
34 1 19.6675
35 1 19.6713
36 1 19.6744
37 1 19.6768
38 1 19.6787
39 1 19.68
40 1 19.6809
41 1 19.6814
42 1 19.6814
43 1 19.681
44 1 19.6803
45 1 19.6793
46 1 19.678
47 1 19.6763
48 1 19.6744
49 1 19.6722
50 1 19.6698
51 1 19.6671
52 1 19.6642
53 1 19.6611
54 1 19.6577
55 1 19.6541
56 1 19.6502
57 1 19.6461
58 1 19.6417
59 1 19.6371
60 1 19.6322
61 1 19.627
62 1 19.6214
63 1 19.6155
64 1 19.6091
65 1 19.6023
66 1 19.595
67 1 19.587
68 1 19.5784
69 1 19.5689
70 1 19.5585
71 1 19.5469
72 1 19.5338
73 1 19.5187
74 1 19.5009
75 1 19.4793
76 1 19.452
77 1 19.4151
78 1 19.3604
79 1 19.2675
80 1 19.0767
81 1 0
82 1 0
83 1 0
84 1 0
85 1 0
86 1 0
87 1 0
88 1 0
89 1 0
90 1 0
91 1 0
92 1 0
93 1 0
94 1 0
95 1 0
96 1 0
97 1 0
98 1 0
99 1 0
100 1 0

0 2 0
1 2 0
2 2 0
3 2 0
4 2 0
5 2 0
6 2 0
7 2 0
8 2 0
9 2 0
10 2 0
11 2 0
12 2 0
13 2 0
14 2 0
15 2 0
16 2 0
17 2 0
18 2 0
19 2 0
20 2 18.6355
21 2 18.8219
22 2 18.9493
23 2 19.0382
24 2 19.1031
25 2 19.1525
26 2 19.1913
27 2 19.2227
28 2 19.2485
29 2 19.27
30 2 19.2881
31 2 19.3033
32 2 19.3161
33 2 19.3269
34 2 19.3359
35 2 19.3434
36 2 19.3494
37 2 19.3543
38 2 19.358
39 2 19.3607
40 2 19.3624
41 2 19.3632
42 2 19.3633
43 2 19.3625
44 2 19.3611
45 2 19.359
46 2 19.3563
47 2 19.3531
48 2 19.3492
49 2 19.3448
50 2 19.34
51 2 19.3346
52 2 19.3288
53 2 19.3225
54 2 19.3157
55 2 19.3085
56 2 19.3008
57 2 19.2926
58 2 19.2839
59 2 19.2746
60 2 19.2648
61 2 19.2544
62 2 19.2433
63 2 19.2315
64 2 19.2188
65 2 19.2052
66 2 19.1906
67 2 19.1749
68 2 19.1577
69 2 19.139
70 2 19.1184
71 2 19.0954
72 2 19.0696
73 2 19.0401
74 2 19.0057
75 2 18.9645
76 2 18.9136
77 2 18.8481
78 2 18.7593
79 2 18.6328
80 2 18.4484
81 2 0
82 2 0
83 2 0
84 2 0
85 2 0
86 2 0
87 2 0
88 2 0
89 2 0
90 2 0
91 2 0
92 2 0
93 2 0
94 2 0
95 2 0
96 2 0
97 2 0
98 2 0
99 2 0
100 2 0

0 3 0
1 3 0
2 3 0
3 3 0
4 3 0
5 3 0
6 3 0
7 3 0
8 3 0
9 3 0
10 3 0
11 3 0
12 3 0
13 3 0
14 3 0
15 3 0
16 3 0
17 3 0
18 3 0
19 3 0
20 3 18.1594
21 3 18.341
22 3 18.4821
23 3 18.5907
24 3 18.6753
25 3 18.7425
26 3 18.7968
27 3 18.8414
28 3 18.8785
29 3 18.9096
30 3 18.9359
31 3 18.9581
32 3 18.9769
33 3 18.9928
34 3 19.006
35 3 19.017
36 3 19.026
37 3 19.0331
38 3 19.0385
39 3 19.0424
40 3 19.0449
41 3 19.0461
42 3 19.0461
43 3 19.045
44 3 19.0428
45 3 19.0396
46 3 19.0355
47 3 19.0306
48 3 19.0248
49 3 19.0182
50 3 19.0109
51 3 19.0028
52 3 18.994
53 3 18.9846
54 3 18.9744
55 3 18.9636
56 3 18.9521
57 3 18.9398
58 3 18.9268
59 3 18.913
60 3 18.8983
61 3 18.8828
62 3 18.8662
63 3 18.8485
64 3 18.8297
65 3 18.8095
66 3 18.7877
67 3 18.7643
68 3 18.7389
69 3 18.7112
70 3 18.6808
71 3 18.6471
72 3 18.6094
73 3 18.5667
74 3 18.5175
75 3 18.4597
76 3 18.3902
77 3 18.3045
78 3 18.1961
79 3 18.0565
80 3 17.8777
81 3 0
82 3 0
83 3 0
84 3 0
85 3 0
86 3 0
87 3 0
88 3 0
89 3 0
90 3 0
91 3 0
92 3 0
93 3 0
94 3 0
95 3 0
96 3 0
97 3 0
98 3 0
99 3 0
100 3 0

0 4 0
1 4 0
2 4 0
3 4 0
4 4 0
5 4 0
6 4 0
7 4 0
8 4 0
9 4 0
10 4 0
11 4 0
12 4 0
13 4 0
14 4 0
15 4 0
16 4 0
17 4 0
18 4 0
19 4 0
20 4 17.7237
21 4 17.901
22 4 18.0477
23 4 18.1675
24 4 18.2653
25 4 18.3456
26 4 18.4122
27 4 18.4679
28 4 18.5147
29 4 18.5544
30 4 18.5881
31 4 18.6167
32 4 18.641
33 4 18.6616
34 4 18.6788
35 4 18.6931
36 4 18.7047
37 4 18.7139
38 4 18.7209
39 4 18.726
40 4 18.7291
41 4 18.7306
42 4 18.7304
43 4 18.7288
44 4 18.7258
45 4 18.7215
46 4 18.716
47 4 18.7093
48 4 18.7015
49 4 18.6927
50 4 18.6828
51 4 18.6721
52 4 18.6604
53 4 18.6478
54 4 18.6343
55 4 18.6198
56 4 18.6045
57 4 18.5882
58 4 18.5709
59 4 18.5526
60 4 18.5332
61 4 18.5125
62 4 18.4906
63 4 18.4672
64 4 18.4423
65 4 18.4156
66 4 18.3869
67 4 18.3561
68 4 18.3227
69 4 18.2865
70 4 18.2468
71 4 18.2032
72 4 18.1546
73 4 18.1002
74 4 18.0383
75 4 17.9669
76 4 17.8834
77 4 17.784
78 4 17.6644
79 4 17.5196
80 4 17.3462
81 4 0
82 4 0
83 4 0
84 4 0
85 4 0
86 4 0
87 4 0
88 4 0
89 4 0
90 4 0
91 4 0
92 4 0
93 4 0
94 4 0
95 4 0
96 4 0
97 4 0
98 4 0
99 4 0
100 4 0

0 5 0
1 5 0
2 5 0
3 5 0
4 5 0
5 5 0
6 5 0
7 5 0
8 5 0
9 5 0
10 5 0
11 5 0
12 5 0
13 5 0
14 5 0
15 5 0
16 5 0
17 5 0
18 5 0
19 5 0
20 5 17.3186
21 5 17.4917
22 5 17.6405
23 5 17.7667
24 5 17.8731
25 5 17.9629
26 5 18.0389
27 5 18.1035
28 5 18.1585
29 5 18.2055
30 5 18.2457
31 5 18.28
32 5 18.3093
33 5 18.3341
34 5 18.3549
35 5 18.3721
36 5 18.3862
37 5 18.3973
38 5 18.4058
39 5 18.4118
40 5 18.4155
41 5 18.4171
42 5 18.4167
43 5 18.4145
44 5 18.4106
45 5 18.405
46 5 18.398
47 5 18.3895
48 5 18.3797
49 5 18.3686
50 5 18.3563
51 5 18.3428
52 5 18.3281
53 5 18.3123
54 5 18.2955
55 5 18.2775
56 5 18.2584
57 5 18.2381
58 5 18.2166
59 5 18.1938
60 5 18.1697
61 5 18.1441
62 5 18.1169
63 5 18.088
64 5 18.0571
65 5 18.0242
66 5 17.9889
67 5 17.9509
68 5 17.91
69 5 17.8657
70 5 17.8174
71 5 17.7645
72 5 17.7063
73 5 17.6416
74 5 17.569
75 5 17.4868
76 5 17.3928
77 5 17.2843
78 5 17.1583
79 5 17.012
80 5 16.8435
81 5 0
82 5 0
83 5 0
84 5 0
85 5 0
86 5 0
87 5 0
88 5 0
89 5 0
90 5 0
91 5 0
92 5 0
93 5 0
94 5 0
95 5 0
96 5 0
97 5 0
98 5 0
99 5 0
100 5 0

0 6 0
1 6 0
2 6 0
3 6 0
4 6 0
5 6 0
6 6 0
7 6 0
8 6 0
9 6 0
10 6 0
11 6 0
12 6 0
13 6 0
14 6 0
15 6 0
16 6 0
17 6 0
18 6 0
19 6 0
20 6 16.938
21 6 17.1074
22 6 17.2564
23 6 17.386
24 6 17.498
25 6 17.5945
26 6 17.6776
27 6 17.7491
28 6 17.8108
29 6 17.8639
30 6 17.9096
31 6 17.9489
32 6 17.9825
33 6 18.011
34 6 18.035
35 6 18.055
36 6 18.0711
37 6 18.0839
38 6 18.0936
39 6 18.1004
40 6 18.1045
41 6 18.1061
42 6 18.1054
43 6 18.1025
44 6 18.0975
45 6 18.0907
46 6 18.0821
47 6 18.0717
48 6 18.0598
49 6 18.0464
50 6 18.0315
51 6 18.0152
52 6 17.9976
53 6 17.9787
54 6 17.9584
55 6 17.9369
56 6 17.914
57 6 17.8898
58 6 17.8642
59 6 17.837
60 6 17.8083
61 6 17.7779
62 6 17.7456
63 6 17.7113
64 6 17.6747
65 6 17.6358
66 6 17.5941
67 6 17.5494
68 6 17.5013
69 6 17.4494
70 6 17.3932
71 6 17.332
72 6 17.265
73 6 17.1914
74 6 17.1099
75 6 17.0191
76 6 16.9174
77 6 16.8027
78 6 16.6731
79 6 16.527
80 6 16.3633
81 6 0
82 6 0
83 6 0
84 6 0
85 6 0
86 6 0
87 6 0
88 6 0
89 6 0
90 6 0
91 6 0
92 6 0
93 6 0
94 6 0
95 6 0
96 6 0
97 6 0
98 6 0
99 6 0
100 6 0

0 7 0
1 7 0
2 7 0
3 7 0
4 7 0
5 7 0
6 7 0
7 7 0
8 7 0
9 7 0
10 7 0
11 7 0
12 7 0
13 7 0
14 7 0
15 7 0
16 7 0
17 7 0
18 7 0
19 7 0
20 7 16.5782
21 7 16.744
22 7 16.8922
23 7 17.0235
24 7 17.1389
25 7 17.24
26 7 17.3283
27 7 17.4052
28 7 17.4721
29 7 17.5303
30 7 17.5806
31 7 17.6241
32 7 17.6614
33 7 17.6932
34 7 17.7199
35 7 17.7421
36 7 17.7601
37 7 17.7743
38 7 17.785
39 7 17.7923
40 7 17.7966
41 7 17.7981
42 7 17.7968
43 7 17.7931
44 7 17.7871
45 7 17.7788
46 7 17.7685
47 7 17.7562
48 7 17.7421
49 7 17.7263
50 7 17.7088
51 7 17.6897
52 7 17.6691
53 7 17.647
54 7 17.6234
55 7 17.5984
56 7 17.5718
57 7 17.5437
58 7 17.514
59 7 17.4826
60 7 17.4494
61 7 17.4143
62 7 17.377
63 7 17.3375
64 7 17.2955
65 7 17.2508
66 7 17.203
67 7 17.1519
68 7 17.0971
69 7 17.0382
70 7 16.9746
71 7 16.9058
72 7 16.8312
73 7 16.7499
74 7 16.6609
75 7 16.5632
76 7 16.4555
77 7 16.3366
78 7 16.2051
79 7 16.0602
80 7 15.9012
81 7 0
82 7 0
83 7 0
84 7 0
85 7 0
86 7 0
87 7 0
88 7 0
89 7 0
90 7 0
91 7 0
92 7 0
93 7 0
94 7 0
95 7 0
96 7 0
97 7 0
98 7 0
99 7 0
100 7 0

0 8 0
1 8 0
2 8 0
3 8 0
4 8 0
5 8 0
6 8 0
7 8 0
8 8 0
9 8 0
10 8 0
11 8 0
12 8 0
13 8 0
14 8 0
15 8 0
16 8 0
17 8 0
18 8 0
19 8 0
20 8 16.2363
21 8 16.3987
22 8 16.5456
23 8 16.6774
24 8 16.7949
25 8 16.899
26 8 16.991
27 8 17.0719
28 8 17.1429
29 8 17.2051
30 8 17.2592
31 8 17.3061
32 8 17.3465
33 8 17.381
34 8 17.41
35 8 17.4341
36 8 17.4537
37 8 17.469
38 8 17.4803
39 8 17.4881
40 8 17.4924
41 8 17.4935
42 8 17.4916
43 8 17.4869
44 8 17.4796
45 8 17.4698
46 8 17.4577
47 8 17.4434
48 8 17.427
49 8 17.4087
50 8 17.3886
51 8 17.3666
52 8 17.343
53 8 17.3177
54 8 17.2908
55 8 17.2622
56 8 17.232
57 8 17.2001
58 8 17.1664
59 8 17.1309
60 8 17.0933
61 8 17.0537
62 8 17.0117
63 8 16.9672
64 8 16.92
65 8 16.8697
66 8 16.8162
67 8 16.7591
68 8 16.698
69 8 16.6325
70 8 16.5621
71 8 16.4865
72 8 16.4049
73 8 16.3168
74 8 16.2214
75 8 16.118
76 8 16.0058
77 8 15.8838
78 8 15.7515
79 8 15.6082
80 8 15.4537
81 8 0
82 8 0
83 8 0
84 8 0
85 8 0
86 8 0
87 8 0
88 8 0
89 8 0
90 8 0
91 8 0
92 8 0
93 8 0
94 8 0
95 8 0
96 8 0
97 8 0
98 8 0
99 8 0
100 8 0

0 9 0
1 9 0
2 9 0
3 9 0
4 9 0
5 9 0
6 9 0
7 9 0
8 9 0
9 9 0
10 9 0
11 9 0
12 9 0
13 9 0
14 9 0
15 9 0
16 9 0
17 9 0
18 9 0
19 9 0
20 9 15.9104
21 9 16.0696
22 9 16.2148
23 9 16.3464
24 9 16.4649
25 9 16.5709
26 9 16.6654
27 9 16.7493
28 9 16.8234
29 9 16.8886
30 9 16.9457
31 9 16.9954
32 9 17.0383
33 9 17.075
34 9 17.1059
35 9 17.1315
36 9 17.1522
37 9 17.1684
38 9 17.1802
39 9 17.1881
40 9 17.1922
41 9 17.1927
42 9 17.19
43 9 17.1842
44 9 17.1755
45 9 17.164
46 9 17.15
47 9 17.1335
48 9 17.1148
49 9 17.0939
50 9 17.071
51 9 17.0462
52 9 17.0195
53 9 16.991
54 9 16.9607
55 9 16.9287
56 9 16.8949
57 9 16.8592
58 9 16.8217
59 9 16.7821
60 9 16.7404
61 9 16.6964
62 9 16.6498
63 9 16.6006
64 9 16.5484
65 9 16.493
66 9 16.434
67 9 16.3712
68 9 16.3042
69 9 16.2326
70 9 16.156
71 9 16.074
72 9 15.9861
73 9 15.8919
74 9 15.7909
75 9 15.6826
76 9 15.5666
77 9 15.4424
78 9 15.3098
79 9 15.1684
80 9 15.0182
81 9 0
82 9 0
83 9 0
84 9 0
85 9 0
86 9 0
87 9 0
88 9 0
89 9 0
90 9 0
91 9 0
92 9 0
93 9 0
94 9 0
95 9 0
96 9 0
97 9 0
98 9 0
99 9 0
100 9 0

0 10 0
1 10 0
2 10 0
3 10 0
4 10 0
5 10 0
6 10 0
7 10 0
8 10 0
9 10 0
10 10 0
11 10 0
12 10 0
13 10 0
14 10 0
15 10 0
16 10 0
17 10 0
18 10 0
19 10 0
20 10 15.599
21 10 15.755
22 10 15.8984
23 10 16.0293
24 10 16.148
25 10 16.2551
26 10 16.3513
27 10 16.4372
28 10 16.5136
29 10 16.5811
30 10 16.6405
31 10 16.6923
32 10 16.7372
33 10 16.7756
34 10 16.808
35 10 16.8347
36 10 16.8563
37 10 16.8729
38 10 16.885
39 10 16.8927
40 10 16.8964
41 10 16.8963
42 10 16.8926
43 10 16.8854
44 10 16.8751
45 10 16.8618
46 10 16.8457
47 10 16.827
48 10 16.8058
49 10 16.7822
50 10 16.7565
51 10 16.7287
52 10 16.6989
53 10 16.6671
54 10 16.6335
55 10 16.5981
56 10 16.5607
57 10 16.5214
58 10 16.4801
59 10 16.4366
60 10 16.3909
61 10 16.3427
62 10 16.2918
63 10 16.2381
64 10 16.1812
65 10 16.1209
66 10 16.0568
67 10 15.9887
68 10 15.9161
69 10 15.8388
70 10 15.7564
71 10 15.6684
72 10 15.5747
73 10 15.4749
74 10 15.3687
75 10 15.256
76 10 15.1366
77 10 15.0106
78 10 14.8778
79 10 14.7384
80 10 14.5925
81 10 0
82 10 0
83 10 0
84 10 0
85 10 0
86 10 0
87 10 0
88 10 0
89 10 0
90 10 0
91 10 0
92 10 0
93 10 0
94 10 0
95 10 0
96 10 0
97 10 0
98 10 0
99 10 0
100 10 0

0 11 0
1 11 0
2 11 0
3 11 0
4 11 0
5 11 0
6 11 0
7 11 0
8 11 0
9 11 0
10 11 0
11 11 0
12 11 0
13 11 0
14 11 0
15 11 0
16 11 0
17 11 0
18 11 0
19 11 0
20 11 15.301
21 11 15.454
22 11 15.5954
23 11 15.7252
24 11 15.8437
25 11 15.9512
26 11 16.0483
27 11 16.1356
28 11 16.2135
29 11 16.2827
30 11 16.3438
31 11 16.3972
32 11 16.4435
33 11 16.4832
34 11 16.5166
35 11 16.5442
36 11 16.5662
37 11 16.5831
38 11 16.5951
39 11 16.6025
40 11 16.6056
41 11 16.6045
42 11 16.5995
43 11 16.5909
44 11 16.5788
45 11 16.5635
46 11 16.5452
47 11 16.524
48 11 16.5002
49 11 16.4739
50 11 16.4452
51 11 16.4143
52 11 16.3814
53 11 16.3464
54 11 16.3094
55 11 16.2706
56 11 16.2297
57 11 16.1868
58 11 16.1418
59 11 16.0947
60 11 16.0451
61 11 15.9929
62 11 15.938
63 11 15.88
64 11 15.8187
65 11 15.7538
66 11 15.6849
67 11 15.6118
68 11 15.5341
69 11 15.4514
70 11 15.3634
71 11 15.2699
72 11 15.1706
73 11 15.0654
74 11 14.9542
75 11 14.8372
76 11 14.7145
77 11 14.5865
78 11 14.4536
79 11 14.3161
80 11 14.1744
81 11 0
82 11 0
83 11 0
84 11 0
85 11 0
86 11 0
87 11 0
88 11 0
89 11 0
90 11 0
91 11 0
92 11 0
93 11 0
94 11 0
95 11 0
96 11 0
97 11 0
98 11 0
99 11 0
100 11 0

0 12 0
1 12 0
2 12 0
3 12 0
4 12 0
5 12 0
6 12 0
7 12 0
8 12 0
9 12 0
10 12 0
11 12 0
12 12 0
13 12 0
14 12 0
15 12 0
16 12 0
17 12 0
18 12 0
19 12 0
20 12 15.0154
21 12 15.1655
22 12 15.3048
23 12 15.4333
24 12 15.5512
25 12 15.6587
26 12 15.7562
27 12 15.8442
28 12 15.9231
29 12 15.9934
30 12 16.0556
31 12 16.1102
32 12 16.1575
33 12 16.198
34 12 16.2321
35 12 16.2602
36 12 16.2825
37 12 16.2993
38 12 16.311
39 12 16.3178
40 12 16.32
41 12 16.3177
42 12 16.3113
43 12 16.301
44 12 16.287
45 12 16.2695
46 12 16.2488
47 12 16.225
48 12 16.1984
49 12 16.1691
50 12 16.1374
51 12 16.1034
52 12 16.0672
53 12 16.0289
54 12 15.9886
55 12 15.9463
56 12 15.902
57 12 15.8557
58 12 15.8072
59 12 15.7564
60 12 15.7032
61 12 15.6473
62 12 15.5885
63 12 15.5266
64 12 15.4612
65 12 15.392
66 12 15.3186
67 12 15.2409
68 12 15.1583
69 12 15.0705
70 12 14.9773
71 12 14.8785
72 12 14.7738
73 12 14.6632
74 12 14.5469
75 12 14.4253
76 12 14.2989
77 12 14.1686
78 12 14.0351
79 12 13.8993
80 12 13.7617
81 12 0
82 12 0
83 12 0
84 12 0
85 12 0
86 12 0
87 12 0
88 12 0
89 12 0
90 12 0
91 12 0
92 12 0
93 12 0
94 12 0
95 12 0
96 12 0
97 12 0
98 12 0
99 12 0
100 12 0

0 13 0
1 13 0
2 13 0
3 13 0
4 13 0
5 13 0
6 13 0
7 13 0
8 13 0
9 13 0
10 13 0
11 13 0
12 13 0
13 13 0
14 13 0
15 13 0
16 13 0
17 13 0
18 13 0
19 13 0
20 13 14.7415
21 13 14.8889
22 13 15.0261
23 13 15.1531
24 13 15.2701
25 13 15.3772
26 13 15.4747
27 13 15.563
28 13 15.6424
29 13 15.7134
30 13 15.7763
31 13 15.8315
32 13 15.8794
33 13 15.9205
34 13 15.9549
35 13 15.9831
36 13 16.0053
37 13 16.0218
38 13 16.0329
39 13 16.0389
40 13 16.04
41 13 16.0364
42 13 16.0283
43 13 16.0161
44 13 15.9999
45 13 15.9801
46 13 15.9567
47 13 15.9301
48 13 15.9006
49 13 15.8682
50 13 15.8333
51 13 15.796
52 13 15.7565
53 13 15.7149
54 13 15.6712
55 13 15.6256
56 13 15.5779
57 13 15.5282
58 13 15.4763
59 13 15.4221
60 13 15.3655
61 13 15.3061
62 13 15.2437
63 13 15.1781
64 13 15.1089
65 13 15.0357
66 13 14.9583
67 13 14.8762
68 13 14.7891
69 13 14.6966
70 13 14.5984
71 13 14.4943
72 13 14.3842
73 13 14.2681
74 13 14.1464
75 13 14.0196
76 13 13.8887
77 13 13.7551
78 13 13.6203
79 13 13.4857
80 13 13.3521
81 13 0
82 13 0
83 13 0
84 13 0
85 13 0
86 13 0
87 13 0
88 13 0
89 13 0
90 13 0
91 13 0
92 13 0
93 13 0
94 13 0
95 13 0
96 13 0
97 13 0
98 13 0
99 13 0
100 13 0

0 14 0
1 14 0
2 14 0
3 14 0
4 14 0
5 14 0
6 14 0
7 14 0
8 14 0
9 14 0
10 14 0
11 14 0
12 14 0
13 14 0
14 14 0
15 14 0
16 14 0
17 14 0
18 14 0
19 14 0
20 14 14.4787
21 14 14.6235
22 14 14.7587
23 14 14.8841
24 14 14.9999
25 14 15.1063
26 14 15.2035
27 14 15.2917
28 14 15.3713
29 14 15.4425
30 14 15.5057
31 14 15.5613
32 14 15.6095
33 14 15.6507
34 14 15.6852
35 14 15.7132
36 14 15.7351
37 14 15.751
38 14 15.7613
39 14 15.7662
40 14 15.766
41 14 15.7608
42 14 15.7509
43 14 15.7365
44 14 15.718
45 14 15.6955
46 14 15.6693
47 14 15.6397
48 14 15.607
49 14 15.5714
50 14 15.5331
51 14 15.4924
52 14 15.4494
53 14 15.4044
54 14 15.3574
55 14 15.3083
56 14 15.2574
57 14 15.2044
58 14 15.1493
59 14 15.0919
60 14 15.032
61 14 14.9694
62 14 14.9038
63 14 14.8348
64 14 14.7621
65 14 14.6854
66 14 14.6042
67 14 14.5181
68 14 14.4268
69 14 14.3299
70 14 14.2269
71 14 14.1177
72 14 14.0021
73 14 13.8801
74 14 13.7523
75 14 13.6194
76 14 13.4827
77 14 13.3443
78 14 13.2067
79 14 13.0723
80 14 12.9429
81 14 0
82 14 0
83 14 0
84 14 0
85 14 0
86 14 0
87 14 0
88 14 0
89 14 0
90 14 0
91 14 0
92 14 0
93 14 0
94 14 0
95 14 0
96 14 0
97 14 0
98 14 0
99 14 0
100 14 0

0 15 0
1 15 0
2 15 0
3 15 0
4 15 0
5 15 0
6 15 0
7 15 0
8 15 0
9 15 0
10 15 0
11 15 0
12 15 0
13 15 0
14 15 0
15 15 0
16 15 0
17 15 0
18 15 0
19 15 0
20 15 14.2267
21 15 14.369
22 15 14.502
23 15 14.6258
24 15 14.7404
25 15 14.8459
26 15 14.9424
27 15 15.0303
28 15 15.1096
29 15 15.1808
30 15 15.244
31 15 15.2996
32 15 15.3478
33 15 15.3889
34 15 15.4231
35 15 15.4508
36 15 15.4721
37 15 15.4872
38 15 15.4965
39 15 15.5001
40 15 15.4983
41 15 15.4913
42 15 15.4793
43 15 15.4626
44 15 15.4414
45 15 15.416
46 15 15.3868
47 15 15.354
48 15 15.3178
49 15 15.2787
50 15 15.2369
51 15 15.1926
52 15 15.1461
53 15 15.0976
54 15 15.0471
55 15 14.9948
56 15 14.9406
57 15 14.8844
58 15 14.8263
59 15 14.7659
60 15 14.703
61 15 14.6374
62 15 14.5688
63 15 14.4968
64 15 14.4211
65 15 14.3412
66 15 14.2566
67 15 14.167
68 15 14.0719
69 15 13.9708
70 15 13.8633
71 15 13.7491
72 15 13.6279
73 15 13.4997
74 15 13.3649
75 15 13.2244
76 15 13.08
77 15 12.9343
78 15 12.7913
79 15 12.6555
80 15 12.5302
81 15 0
82 15 0
83 15 0
84 15 0
85 15 0
86 15 0
87 15 0
88 15 0
89 15 0
90 15 0
91 15 0
92 15 0
93 15 0
94 15 0
95 15 0
96 15 0
97 15 0
98 15 0
99 15 0
100 15 0

0 16 0
1 16 0
2 16 0
3 16 0
4 16 0
5 16 0
6 16 0
7 16 0
8 16 0
9 16 0
10 16 0
11 16 0
12 16 0
13 16 0
14 16 0
15 16 0
16 16 0
17 16 0
18 16 0
19 16 0
20 16 13.9849
21 16 14.1248
22 16 14.2558
23 16 14.3779
24 16 14.4911
25 16 14.5955
26 16 14.6913
27 16 14.7786
28 16 14.8575
29 16 14.9284
30 16 14.9913
31 16 15.0467
32 16 15.0946
33 16 15.1353
34 16 15.1691
35 16 15.1961
36 16 15.2166
37 16 15.2307
38 16 15.2388
39 16 15.2409
40 16 15.2373
41 16 15.2282
42 16 15.2139
43 16 15.1946
44 16 15.1706
45 16 15.1421
46 16 15.1095
47 16 15.0731
48 16 15.0333
49 16 14.9904
50 16 14.9448
51 16 14.8967
52 16 14.8465
53 16 14.7944
54 16 14.7404
55 16 14.6848
56 16 14.6274
57 16 14.5683
58 16 14.5072
59 16 14.4441
60 16 14.3785
61 16 14.3103
62 16 14.2391
63 16 14.1645
64 16 14.0861
65 16 14.0034
66 16 13.9159
67 16 13.8232
68 16 13.7247
69 16 13.6199
70 16 13.5082
71 16 13.3892
72 16 13.2624
73 16 13.1276
74 16 12.9849
75 16 12.8352
76 16 12.6801
77 16 12.5232
78 16 12.3704
79 16 12.2298
80 16 12.1087
81 16 0
82 16 0
83 16 0
84 16 0
85 16 0
86 16 0
87 16 0
88 16 0
89 16 0
90 16 0
91 16 0
92 16 0
93 16 0
94 16 0
95 16 0
96 16 0
97 16 0
98 16 0
99 16 0
100 16 0

0 17 0
1 17 0
2 17 0
3 17 0
4 17 0
5 17 0
6 17 0
7 17 0
8 17 0
9 17 0
10 17 0
11 17 0
12 17 0
13 17 0
14 17 0
15 17 0
16 17 0
17 17 0
18 17 0
19 17 0
20 17 13.7532
21 17 13.8907
22 17 14.0197
23 17 14.1401
24 17 14.2519
25 17 14.3552
26 17 14.45
27 17 14.5365
28 17 14.6148
29 17 14.6851
30 17 14.7476
31 17 14.8025
32 17 14.8499
33 17 14.8901
34 17 14.9232
35 17 14.9494
36 17 14.9689
37 17 14.9818
38 17 14.9884
39 17 14.9889
40 17 14.9833
41 17 14.972
42 17 14.9552
43 17 14.933
44 17 14.9058
45 17 14.8739
46 17 14.8377
47 17 14.7974
48 17 14.7536
49 17 14.7066
50 17 14.6569
51 17 14.6048
52 17 14.5507
53 17 14.4948
54 17 14.4373
55 17 14.3784
56 17 14.3179
57 17 14.2559
58 17 14.1922
59 17 14.1265
60 17 14.0586
61 17 13.9881
62 17 13.9147
63 17 13.8379
64 17 13.7572
65 17 13.6722
66 17 13.5823
67 17 13.487
68 17 13.3857
69 17 13.2777
70 17 13.1623
71 17 13.0389
72 17 12.9067
73 17 12.7651
74 17 12.6139
75 17 12.4529
76 17 12.2837
77 17 12.1097
78 17 11.939
79 17 11.7862
80 17 11.6695
81 17 0
82 17 0
83 17 0
84 17 0
85 17 0
86 17 0
87 17 0
88 17 0
89 17 0
90 17 0
91 17 0
92 17 0
93 17 0
94 17 0
95 17 0
96 17 0
97 17 0
98 17 0
99 17 0
100 17 0

0 18 0
1 18 0
2 18 0
3 18 0
4 18 0
5 18 0
6 18 0
7 18 0
8 18 0
9 18 0
10 18 0
11 18 0
12 18 0
13 18 0
14 18 0
15 18 0
16 18 0
17 18 0
18 18 0
19 18 0
20 18 13.5312
21 18 13.6665
22 18 13.7935
23 18 13.9122
24 18 14.0225
25 18 14.1246
26 18 14.2183
27 18 14.3039
28 18 14.3815
29 18 14.4511
30 18 14.513
31 18 14.5672
32 18 14.614
33 18 14.6534
34 18 14.6857
35 18 14.7109
36 18 14.7292
37 18 14.7408
38 18 14.7458
39 18 14.7444
40 18 14.7368
41 18 14.723
42 18 14.7034
43 18 14.6781
44 18 14.6475
45 18 14.6119
46 18 14.5716
47 18 14.5271
48 18 14.4789
49 18 14.4274
50 18 14.3732
51 18 14.3168
52 18 14.2585
53 18 14.1987
54 18 14.1376
55 18 14.0754
56 18 14.012
57 18 13.9473
58 18 13.8811
59 18 13.8132
60 18 13.7433
61 18 13.6709
62 18 13.5957
63 18 13.5171
64 18 13.4347
65 18 13.3479
66 18 13.2562
67 18 13.1589
68 18 13.0554
69 18 12.9448
70 18 12.8264
71 18 12.6992
72 18 12.5622
73 18 12.4143
74 18 12.2543
75 18 12.0809
76 18 11.8938
77 18 11.6946
78 18 11.4914
79 18 11.3083
80 18 11.1963
81 18 0
82 18 0
83 18 0
84 18 0
85 18 0
86 18 0
87 18 0
88 18 0
89 18 0
90 18 0
91 18 0
92 18 0
93 18 0
94 18 0
95 18 0
96 18 0
97 18 0
98 18 0
99 18 0
100 18 0

0 19 0
1 19 0
2 19 0
3 19 0
4 19 0
5 19 0
6 19 0
7 19 0
8 19 0
9 19 0
10 19 0
11 19 0
12 19 0
13 19 0
14 19 0
15 19 0
16 19 0
17 19 0
18 19 0
19 19 0
20 19 13.3187
21 19 13.4519
22 19 13.577
23 19 13.694
24 19 13.8029
25 19 13.9036
26 19 13.9962
27 19 14.0809
28 19 14.1575
29 19 14.2264
30 19 14.2875
31 19 14.3409
32 19 14.3869
33 19 14.4254
34 19 14.4567
35 19 14.4808
36 19 14.4979
37 19 14.508
38 19 14.5113
39 19 14.5079
40 19 14.4979
41 19 14.4816
42 19 14.4589
43 19 14.4303
44 19 14.396
45 19 14.3562
46 19 14.3115
47 19 14.2623
48 19 14.2092
49 19 14.1528
50 19 14.0937
51 19 14.0326
52 19 13.9698
53 19 13.9059
54 19 13.8412
55 19 13.7757
56 19 13.7094
57 19 13.6422
58 19 13.5739
59 19 13.5041
60 19 13.4325
61 19 13.3586
62 19 13.2821
63 19 13.2022
64 19 13.1187
65 19 13.0307
66 19 12.9378
67 19 12.8391
68 19 12.7341
69 19 12.6218
70 19 12.5013
71 19 12.3714
72 19 12.2307
73 19 12.0776
74 19 11.9099
75 19 11.7246
76 19 11.5179
77 19 11.2855
78 19 11.0257
79 19 10.7609
80 19 10.6544
81 19 0
82 19 0
83 19 0
84 19 0
85 19 0
86 19 0
87 19 0
88 19 0
89 19 0
90 19 0
91 19 0
92 19 0
93 19 0
94 19 0
95 19 0
96 19 0
97 19 0
98 19 0
99 19 0
100 19 0

0 20 0
1 20 0
2 20 0
3 20 0
4 20 0
5 20 0
6 20 0
7 20 0
8 20 0
9 20 0
10 20 0
11 20 0
12 20 0
13 20 0
14 20 0
15 20 0
16 20 0
17 20 0
18 20 0
19 20 0
20 20 13.1156
21 20 13.2467
22 20 13.37
23 20 13.4854
24 20 13.5927
25 20 13.6922
26 20 13.7836
27 20 13.8672
28 20 13.9429
29 20 14.0108
30 20 14.071
31 20 14.1236
32 20 14.1687
33 20 14.2063
34 20 14.2365
35 20 14.2594
36 20 14.2751
37 20 14.2837
38 20 14.2852
39 20 14.2797
40 20 14.2673
41 20 14.2481
42 20 14.2223
43 20 14.1901
44 20 14.1517
45 20 14.1075
46 20 14.0579
47 20 14.0035
48 20 13.9449
49 20 13.8829
50 20 13.8184
51 20 13.7519
52 20 13.6844
53 20 13.6161
54 20 13.5476
55 20 13.4788
56 20 13.4098
57 20 13.3404
58 20 13.2702
59 20 13.199
60 20 13.1262
61 20 13.0513
62 20 12.9739
63 20 12.8934
64 20 12.8092
65 20 12.7207
66 20 12.6272
67 20 12.528
68 20 12.4223
69 20 12.3092
70 20 12.1877
71 20 12.0564
72 20 11.9138
73 20 11.7576
74 20 11.585
75 20 11.3915
76 20 11.1698
77 20 10.9057
78 20 10.5667
79 20 10.0572
80 20 9.03296
81 20 9.07001
82 20 8.89089
83 20 8.7456
84 20 8.63062
85 20 8.54291
86 20 8.48015
87 20 8.44067
88 20 8.42328
89 20 8.42714
90 20 8.45166
91 20 8.49648
92 20 8.56139
93 20 8.64635
94 20 8.75148
95 20 8.87717
96 20 9.02424
97 20 9.19427
98 20 9.39058
99 20 9.62036
100 20 9.90099

0 21 0
1 21 0
2 21 0
3 21 0
4 21 0
5 21 0
6 21 0
7 21 0
8 21 0
9 21 0
10 21 0
11 21 0
12 21 0
13 21 0
14 21 0
15 21 0
16 21 0
17 21 0
18 21 0
19 21 0
20 21 12.9216
21 21 13.0509
22 21 13.1724
23 21 13.2861
24 21 13.392
25 21 13.4901
26 21 13.5804
27 21 13.6628
28 21 13.7375
29 21 13.8045
30 21 13.8638
31 21 13.9155
32 21 13.9596
33 21 13.9962
34 21 14.0253
35 21 14.0469
36 21 14.0612
37 21 14.0681
38 21 14.0678
39 21 14.0601
40 21 14.0452
41 21 14.0231
42 21 13.9939
43 21 13.9579
44 21 13.9151
45 21 13.866
46 21 13.811
47 21 13.7507
48 21 13.686
49 21 13.6177
50 21 13.5469
51 21 13.4746
52 21 13.4017
53 21 13.3288
54 21 13.2563
55 21 13.1844
56 21 13.1129
57 21 13.0416
58 21 12.97
59 21 12.8977
60 21 12.8242
61 21 12.7489
62 21 12.6712
63 21 12.5905
64 21 12.5063
65 21 12.4179
66 21 12.3245
67 21 12.2255
68 21 12.1201
69 21 12.0073
70 21 11.8861
71 21 11.755
72 21 11.6125
73 21 11.4562
74 21 11.2832
75 21 11.0888
76 21 10.8659
77 21 10.6029
78 21 10.2801
79 21 9.87024
80 21 9.3775
81 21 9.16072
82 21 8.97981
83 21 8.83307
84 21 8.71694
85 21 8.62835
86 21 8.56496
87 21 8.52509
88 21 8.50752
89 21 8.51142
90 21 8.53619
91 21 8.58146
92 21 8.64701
93 21 8.73281
94 21 8.839
95 21 8.96595
96 21 9.11448
97 21 9.28622
98 21 9.48448
99 21 9.71656
100 21 10

0 22 0
1 22 0
2 22 0
3 22 0
4 22 0
5 22 0
6 22 0
7 22 0
8 22 0
9 22 0
10 22 0
11 22 0
12 22 0
13 22 0
14 22 0
15 22 0
16 22 0
17 22 0
18 22 0
19 22 0
20 22 12.7368
21 22 12.8642
22 22 12.984
23 22 13.0961
24 22 13.2006
25 22 13.2974
26 22 13.3865
27 22 13.4678
28 22 13.5415
29 22 13.6075
30 22 13.6658
31 22 13.7165
32 22 13.7596
33 22 13.7951
34 22 13.8231
35 22 13.8435
36 22 13.8564
37 22 13.8617
38 22 13.8594
39 22 13.8495
40 22 13.8321
41 22 13.807
42 22 13.7744
43 22 13.7343
44 22 13.6869
45 22 13.6324
46 22 13.5714
47 22 13.5045
48 22 13.4327
49 22 13.3571
50 22 13.2791
51 22 13.2001
52 22 13.1212
53 22 13.0433
54 22 12.9669
55 22 12.8919
56 22 12.8182
57 22 12.7453
58 22 12.6728
59 22 12.6
60 22 12.5263
61 22 12.4512
62 22 12.3738
63 22 12.2936
64 22 12.21
65 22 12.1224
66 22 12.0299
67 22 11.9319
68 22 11.8277
69 22 11.7162
70 22 11.5965
71 22 11.4674
72 22 11.3271
73 22 11.1739
74 22 11.0049
75 22 10.8167
76 22 10.6043
77 22 10.3617
78 22 10.0827
79 22 9.76806
80 22 9.44794
81 22 9.2174
82 22 9.03633
83 22 8.8916
84 22 8.77733
85 22 8.6901
86 22 8.62768
87 22 8.58852
88 22 8.57154
89 22 8.57595
90 22 8.60124
91 22 8.64706
92 22 8.71321
93 22 8.79962
94 22 8.90637
95 22 9.03366
96 22 9.18194
97 22 9.35194
98 22 9.54478
99 22 9.76151
100 22 10

0 23 0
1 23 0
2 23 0
3 23 0
4 23 0
5 23 0
6 23 0
7 23 0
8 23 0
9 23 0
10 23 0
11 23 0
12 23 0
13 23 0
14 23 0
15 23 0
16 23 0
17 23 0
18 23 0
19 23 0
20 23 12.5609
21 23 12.6865
22 23 12.8047
23 23 12.9153
24 23 13.0184
25 23 13.1139
26 23 13.2018
27 23 13.282
28 23 13.3547
29 23 13.4196
30 23 13.477
31 23 13.5268
32 23 13.5689
33 23 13.6034
34 23 13.6302
35 23 13.6494
36 23 13.6609
37 23 13.6646
38 23 13.6604
39 23 13.6484
40 23 13.6284
41 23 13.6004
42 23 13.5642
43 23 13.52
44 23 13.4676
45 23 13.4074
46 23 13.3398
47 23 13.2654
48 23 13.1853
49 23 13.1011
50 23 13.0146
51 23 12.9277
52 23 12.8421
53 23 12.7588
54 23 12.6783
55 23 12.6005
56 23 12.525
57 23 12.4512
58 23 12.3783
59 23 12.3057
60 23 12.2325
61 23 12.1581
62 23 12.0817
63 23 12.0027
64 23 11.9204
65 23 11.8341
66 23 11.7432
67 23 11.6471
68 23 11.5448
69 23 11.4358
70 23 11.3189
71 23 11.1931
72 23 11.0572
73 23 10.9095
74 23 10.7481
75 23 10.5709
76 23 10.3752
77 23 10.1591
78 23 9.92286
79 23 9.67336
80 23 9.43071
81 23 9.22648
82 23 9.05829
83 23 8.9214
84 23 8.81228
85 23 8.72856
86 23 8.66857
87 23 8.63112
88 23 8.61538
89 23 8.62075
90 23 8.64681
91 23 8.69327
92 23 8.75998
93 23 8.84683
94 23 8.95381
95 23 9.0809
96 23 9.22808
97 23 9.39514
98 23 9.5814
99 23 9.78481
100 23 10

0 24 0
1 24 0
2 24 0
3 24 0
4 24 0
5 24 0
6 24 0
7 24 0
8 24 0
9 24 0
10 24 0
11 24 0
12 24 0
13 24 0
14 24 0
15 24 0
16 24 0
17 24 0
18 24 0
19 24 0
20 24 12.3939
21 24 12.5178
22 24 12.6344
23 24 12.7436
24 24 12.8454
25 24 12.9396
26 24 13.0263
27 24 13.1055
28 24 13.1771
29 24 13.2411
30 24 13.2975
31 24 13.3463
32 24 13.3875
33 24 13.421
34 24 13.4467
35 24 13.4647
36 24 13.4749
37 24 13.4771
38 24 13.4712
39 24 13.4572
40 24 13.4348
41 24 13.4038
42 24 13.3642
43 24 13.3157
44 24 13.2583
45 24 13.192
46 24 13.117
47 24 13.0341
48 24 12.9443
49 24 12.8496
50 24 12.7527
51 24 12.6563
52 24 12.5629
53 24 12.4739
54 24 12.3894
55 24 12.3092
56 24 12.2326
57 24 12.1586
58 24 12.0862
59 24 12.0144
60 24 11.9425
61 24 11.8695
62 24 11.7948
63 24 11.7175
64 24 11.6372
65 24 11.553
66 24 11.4644
67 24 11.3708
68 24 11.2714
69 24 11.1656
70 24 11.0526
71 24 10.9315
72 24 10.8013
73 24 10.6611
74 24 10.5096
75 24 10.3458
76 24 10.1688
77 24 9.97886
78 24 9.77839
79 24 9.57387
80 24 9.37703
81 24 9.20141
82 24 9.05078
83 24 8.92513
84 24 8.82349
85 24 8.74484
86 24 8.68835
87 24 8.65336
88 24 8.63937
89 24 8.646
90 24 8.673
91 24 8.72018
92 24 8.78743
93 24 8.87465
94 24 8.98176
95 24 9.10858
96 24 9.25475
97 24 9.41946
98 24 9.60108
99 24 9.79644
100 24 10

0 25 0
1 25 0
2 25 0
3 25 0
4 25 0
5 25 0
6 25 0
7 25 0
8 25 0
9 25 0
10 25 0
11 25 0
12 25 0
13 25 0
14 25 0
15 25 0
16 25 0
17 25 0
18 25 0
19 25 0
20 25 12.2356
21 25 12.3579
22 25 12.4731
23 25 12.5809
24 25 12.6813
25 25 12.7744
26 25 12.86
27 25 12.9381
28 25 13.0087
29 25 13.0718
30 25 13.1273
31 25 13.1752
32 25 13.2154
33 25 13.248
34 25 13.2728
35 25 13.2897
36 25 13.2987
37 25 13.2995
38 25 13.2921
39 25 13.2762
40 25 13.2515
41 25 13.2179
42 25 13.175
43 25 13.1225
44 25 13.06
45 25 12.9873
46 25 12.9044
47 25 12.8118
48 25 12.7104
49 25 12.6027
50 25 12.4925
51 25 12.3844
52 25 12.282
53 25 12.1867
54 25 12.0987
55 25 12.017
56 25 11.9402
57 25 11.8669
58 25 11.7959
59 25 11.726
60 25 11.6561
61 25 11.5854
62 25 11.513
63 25 11.4382
64 25 11.3604
65 25 11.279
66 25 11.1933
67 25 11.1028
68 25 11.007
69 25 10.9052
70 25 10.7969
71 25 10.6814
72 25 10.5581
73 25 10.4264
74 25 10.2859
75 25 10.1362
76 25 9.97762
77 25 9.81135
78 25 9.64012
79 25 9.46878
80 25 9.30416
81 25 9.15326
82 25 9.02013
83 25 8.9066
84 25 8.81334
85 25 8.74052
86 25 8.6881
87 25 8.65596
88 25 8.64397
89 25 8.65203
90 25 8.68005
91 25 8.72797
92 25 8.79574
93 25 8.88333
94 25 8.99063
95 25 9.11744
96 25 9.26329
97 25 9.42719
98 25 9.60723
99 25 9.79998
100 25 10

0 26 0
1 26 0
2 26 0
3 26 0
4 26 0
5 26 0
6 26 0
7 26 0
8 26 0
9 26 0
10 26 0
11 26 0
12 26 0
13 26 0
14 26 0
15 26 0
16 26 0
17 26 0
18 26 0
19 26 0
20 26 12.086
21 26 12.2068
22 26 12.3206
23 26 12.4271
24 26 12.5263
25 26 12.6182
26 26 12.7027
27 26 12.7798
28 26 12.8495
29 26 12.9117
30 26 12.9663
31 26 13.0134
32 26 13.0528
33 26 13.0845
34 26 13.1085
35 26 13.1244
36 26 13.1324
37 26 13.1321
38 26 13.1233
39 26 13.1058
40 26 13.0793
41 26 13.0433
42 26 12.9975
43 26 12.9412
44 26 12.8739
45 26 12.795
46 26 12.7038
47 26 12.6004
48 26 12.4852
49 26 12.3607
50 26 12.2326
51 26 12.1093
52 26 11.9962
53 26 11.895
54 26 11.8044
55 26 11.7224
56 26 11.6468
57 26 11.5757
58 26 11.5073
59 26 11.4402
60 26 11.3733
61 26 11.3056
62 26 11.2363
63 26 11.1646
64 26 11.09
65 26 11.0119
66 26 10.9297
67 26 10.8429
68 26 10.7512
69 26 10.654
70 26 10.5509
71 26 10.4416
72 26 10.3258
73 26 10.2031
74 26 10.0737
75 26 9.9379
76 26 9.7965
77 26 9.65111
78 26 9.5042
79 26 9.35911
80 26 9.21961
81 26 9.08931
82 26 8.97176
83 26 8.86957
84 26 8.78442
85 26 8.71737
86 26 8.66902
87 26 8.63976
88 26 8.62979
89 26 8.63926
90 26 8.66826
91 26 8.71685
92 26 8.78509
93 26 8.87301
94 26 8.98061
95 26 9.10779
96 26 9.25421
97 26 9.41911
98 26 9.60087
99 26 9.79634
100 26 10

0 27 0
1 27 0
2 27 0
3 27 0
4 27 0
5 27 0
6 27 0
7 27 0
8 27 0
9 27 0
10 27 0
11 27 0
12 27 0
13 27 0
14 27 0
15 27 0
16 27 0
17 27 0
18 27 0
19 27 0
20 27 11.945
21 27 12.0644
22 27 12.1768
23 27 12.2821
24 27 12.3801
25 27 12.4709
26 27 12.5545
27 27 12.6306
28 27 12.6994
29 27 12.7608
30 27 12.8147
31 27 12.861
32 27 12.8997
33 27 12.9307
34 27 12.9538
35 27 12.9691
36 27 12.9762
37 27 12.9749
38 27 12.9651
39 27 12.9464
40 27 12.9184
41 27 12.8806
42 27 12.8324
43 27 12.773
44 27 12.7016
45 27 12.617
46 27 12.5178
47 27 12.4029
48 27 12.2715
49 27 12.1248
50 27 11.9704
51 27 11.8263
52 27 11.7013
53 27 11.5951
54 27 11.504
55 27 11.4241
56 27 11.3518
57 27 11.2845
58 27 11.2201
59 27 11.157
60 27 11.0941
61 27 11.0302
62 27 10.9647
63 27 10.8968
64 27 10.8259
65 27 10.7516
66 27 10.6734
67 27 10.5908
68 27 10.5036
69 27 10.4114
70 27 10.314
71 27 10.2111
72 27 10.1028
73 27 9.98918
74 27 9.87054
75 27 9.74767
76 27 9.6218
77 27 9.49474
78 27 9.36874
79 27 9.24606
80 27 9.12797
81 27 9.01462
82 27 8.90992
83 27 8.81727
84 27 8.73909
85 27 8.67708
86 27 8.63233
87 27 8.60562
88 27 8.59743
89 27 8.60811
90 27 8.63792
91 27 8.68702
92 27 8.75559
93 27 8.84376
94 27 8.95166
95 27 9.07941
96 27 9.22706
97 27 9.39448
98 27 9.581
99 27 9.78462
100 27 10

0 28 0
1 28 0
2 28 0
3 28 0
4 28 0
5 28 0
6 28 0
7 28 0
8 28 0
9 28 0
10 28 0
11 28 0
12 28 0
13 28 0
14 28 0
15 28 0
16 28 0
17 28 0
18 28 0
19 28 0
20 28 11.8125
21 28 11.9306
22 28 12.0417
23 28 12.1458
24 28 12.2428
25 28 12.3326
26 28 12.4152
27 28 12.4905
28 28 12.5584
29 28 12.619
30 28 12.6722
31 28 12.7179
32 28 12.756
33 28 12.7864
34 28 12.8089
35 28 12.8236
36 28 12.8301
37 28 12.8283
38 28 12.8178
39 28 12.7982
40 28 12.7693
41 28 12.7302
42 28 12.6805
43 28 12.619
44 28 12.5446
45 28 12.4556
46 28 12.3499
47 28 12.2243
48 28 12.0753
49 28 11.8991
50 28 11.7002
51 28 11.5269
52 28 11.3902
53 28 11.2827
54 28 11.1953
55 28 11.1208
56 28 11.0545
57 28 10.9931
58 28 10.9343
59 28 10.8766
60 28 10.8186
61 28 10.7594
62 28 10.6984
63 28 10.6348
64 28 10.5682
65 28 10.4981
66 28 10.4242
67 28 10.3462
68 28 10.2638
69 28 10.1769
70 28 10.0852
71 28 9.98887
72 28 9.88798
73 28 9.78288
74 28 9.67422
75 28 9.56301
76 28 9.45081
77 28 9.33973
78 28 9.23232
79 28 9.13067
80 28 9.03372
81 28 8.93331
82 28 8.83796
83 28 8.75228
84 28 8.6793
85 28 8.62109
86 28 8.57909
87 28 8.55431
88 28 8.54746
89 28 8.559
90 28 8.58932
91 28 8.63868
92 28 8.70732
93 28 8.7955
94 28 8.90348
95 28 9.03166
96 28 9.18057
97 28 9.35105
98 28 9.54424
99 28 9.76126
100 28 10

0 29 0
1 29 0
2 29 0
3 29 0
4 29 0
5 29 0
6 29 0
7 29 0
8 29 0
9 29 0
10 29 0
11 29 0
12 29 0
13 29 0
14 29 0
15 29 0
16 29 0
17 29 0
18 29 0
19 29 0
20 29 11.6884
21 29 11.8053
22 29 11.9153
23 29 12.0183
24 29 12.1142
25 29 12.203
26 29 12.2847
27 29 12.3592
28 29 12.4265
29 29 12.4864
30 29 12.5389
31 29 12.5841
32 29 12.6216
33 29 12.6516
34 29 12.6738
35 29 12.6881
36 29 12.6943
37 29 12.6921
38 29 12.6813
39 29 12.6615
40 29 12.6321
41 29 12.5927
42 29 12.5423
43 29 12.48
44 29 12.4043
45 29 12.3132
46 29 12.2039
47 29 12.0716
48 29 11.9084
49 29 11.6987
50 29 11.4068
51 29 11.1935
52 29 11.0525
53 29 10.9531
54 29 10.8763
55 29 10.8122
56 29 10.7552
57 29 10.702
58 29 10.6505
59 29 10.5992
60 29 10.5472
61 29 10.4935
62 29 10.4375
63 29 10.3787
64 29 10.3168
65 29 10.2514
66 29 10.1822
67 29 10.1089
68 29 10.0315
69 29 9.94987
70 29 9.86397
71 29 9.77396
72 29 9.6801
73 29 9.58289
74 29 9.48312
75 29 9.38199
76 29 9.28127
77 29 9.18355
78 29 9.09256
79 29 9.0129
80 29 8.94514
81 29 8.849
82 29 8.75824
83 29 8.67641
84 29 8.60643
85 29 8.55046
86 29 8.5101
87 29 8.48645
88 29 8.48033
89 29 8.49228
90 29 8.52272
91 29 8.57199
92 29 8.64036
93 29 8.72815
94 29 8.83574
95 29 8.96369
96 29 9.11295
97 29 9.28521
98 29 9.48387
99 29 9.71628
100 29 10

0 30 0
1 30 0
2 30 0
3 30 0
4 30 0
5 30 0
6 30 0
7 30 0
8 30 0
9 30 0
10 30 0
11 30 0
12 30 0
13 30 0
14 30 0
15 30 0
16 30 0
17 30 0
18 30 0
19 30 0
20 30 11.5727
21 30 11.6884
22 30 11.7973
23 30 11.8993
24 30 11.9943
25 30 12.0822
26 30 12.1631
27 30 12.2369
28 30 12.3034
29 30 12.3628
30 30 12.4148
31 30 12.4595
32 30 12.4967
33 30 12.5263
34 30 12.5483
35 30 12.5625
36 30 12.5686
37 30 12.5664
38 30 12.5557
39 30 12.5361
40 30 12.5071
41 30 12.468
42 30 12.4181
43 30 12.3564
44 30 12.2815
45 30 12.1913
46 30 12.0831
47 30 11.9521
48 30 11.7905
49 30 11.5829
50 30 11.0374
51 30 10.7905
52 30 10.676
53 30 10.6034
54 30 10.5475
55 30 10.4993
56 30 10.455
57 30 10.4121
58 30 10.3694
59 30 10.3257
60 30 10.2804
61 30 10.2327
62 30 10.1824
63 30 10.1289
64 30 10.072
65 30 10.0115
66 30 9.9471
67 30 9.87877
68 30 9.80642
69 30 9.73005
70 30 9.64977
71 30 9.56577
72 30 9.47842
73 30 9.38828
74 30 9.29616
75 30 9.20326
76 30 9.11137
77 30 9.02324
78 30 8.94395
79 30 8.88562
80 30 8.88721
81 30 8.76139
82 30 8.67153
83 30 8.59051
84 30 8.52122
85 30 8.4658
86 30 8.42584
87 30 8.40243
88 30 8.39636
89 30 8.40819
90 30 8.43834
91 30 8.48712
92 30 8.55481
93 30 8.64174
94 30 8.74826
95 30 8.87494
96 30 9.02272
97 30 9.19328
98 30 9.38997
99 30 9.62008
100 30 9.90099

0 31 0
1 31 0
2 31 0
3 31 0
4 31 0
5 31 0
6 31 0
7 31 0
8 31 0
9 31 0
10 31 0
11 31 0
12 31 0
13 31 0
14 31 0
15 31 0
16 31 0
17 31 0
18 31 0
19 31 0
20 31 0
21 31 0
22 31 0
23 31 0
24 31 0
25 31 0
26 31 0
27 31 0
28 31 0
29 31 0
30 31 0
31 31 0
32 31 0
33 31 0
34 31 0
35 31 0
36 31 0
37 31 0
38 31 0
39 31 0
40 31 0
41 31 0
42 31 0
43 31 0
44 31 0
45 31 0
46 31 0
47 31 0
48 31 0
49 31 0
50 31 10.1563
51 31 10.2579
52 31 10.2604
53 31 10.24
54 31 10.2138
55 31 10.1856
56 31 10.1562
57 31 10.1251
58 31 10.0922
59 31 10.0569
60 31 10.0189
61 31 9.97782
62 31 9.93344
63 31 9.88553
64 31 9.8339
65 31 9.77843
66 31 9.71904
67 31 9.65567
68 31 9.58836
69 31 9.51716
70 31 9.44225
71 31 9.36389
72 31 9.28246
73 31 9.19851
74 31 9.1128
75 31 9.02633
76 31 8.94044
77 31 8.85676
78 31 8.777
79 31 8.7009
80 31 8.61475
81 31 0
82 31 0
83 31 0
84 31 0
85 31 0
86 31 0
87 31 0
88 31 0
89 31 0
90 31 0
91 31 0
92 31 0
93 31 0
94 31 0
95 31 0
96 31 0
97 31 0
98 31 0
99 31 0
100 31 0

0 32 0
1 32 0
2 32 0
3 32 0
4 32 0
5 32 0
6 32 0
7 32 0
8 32 0
9 32 0
10 32 0
11 32 0
12 32 0
13 32 0
14 32 0
15 32 0
16 32 0
17 32 0
18 32 0
19 32 0
20 32 0
21 32 0
22 32 0
23 32 0
24 32 0
25 32 0
26 32 0
27 32 0
28 32 0
29 32 0
30 32 0
31 32 0
32 32 0
33 32 0
34 32 0
35 32 0
36 32 0
37 32 0
38 32 0
39 32 0
40 32 0
41 32 0
42 32 0
43 32 0
44 32 0
45 32 0
46 32 0
47 32 0
48 32 0
49 32 0
50 32 9.72975
51 32 9.82707
52 32 9.87071
53 32 9.88532
54 32 9.88499
55 32 9.87624
56 32 9.8619
57 32 9.84315
58 32 9.82044
59 32 9.79391
60 32 9.76357
61 32 9.72935
62 32 9.69118
63 32 9.649
64 32 9.60277
65 32 9.55246
66 32 9.49807
67 32 9.43964
68 32 9.37726
69 32 9.31106
70 32 9.24125
71 32 9.1681
72 32 9.09201
73 32 9.01347
74 32 8.93311
75 32 8.8517
76 32 8.7701
77 32 8.68912
78 32 8.6091
79 32 8.52888
80 32 8.44444
81 32 0
82 32 0
83 32 0
84 32 0
85 32 0
86 32 0
87 32 0
88 32 0
89 32 0
90 32 0
91 32 0
92 32 0
93 32 0
94 32 0
95 32 0
96 32 0
97 32 0
98 32 0
99 32 0
100 32 0

0 33 0
1 33 0
2 33 0
3 33 0
4 33 0
5 33 0
6 33 0
7 33 0
8 33 0
9 33 0
10 33 0
11 33 0
12 33 0
13 33 0
14 33 0
15 33 0
16 33 0
17 33 0
18 33 0
19 33 0
20 33 0
21 33 0
22 33 0
23 33 0
24 33 0
25 33 0
26 33 0
27 33 0
28 33 0
29 33 0
30 33 0
31 33 0
32 33 0
33 33 0
34 33 0
35 33 0
36 33 0
37 33 0
38 33 0
39 33 0
40 33 0
41 33 0
42 33 0
43 33 0
44 33 0
45 33 0
46 33 0
47 33 0
48 33 0
49 33 0
50 33 9.35924
51 33 9.45286
52 33 9.51297
53 33 9.54853
54 33 9.56763
55 33 9.57549
56 33 9.57514
57 33 9.56821
58 33 9.55563
59 33 9.53789
60 33 9.51529
61 33 9.48799
62 33 9.4561
63 33 9.41972
64 33 9.3789
65 33 9.33374
66 33 9.28431
67 33 9.23073
68 33 9.17313
69 33 9.1117
70 33 9.04668
71 33 8.97834
72 33 8.90705
73 33 8.83325
74 33 8.75745
75 33 8.6802
76 33 8.60204
77 33 8.52337
78 33 8.4442
79 33 8.36385
80 33 8.28104
81 33 0
82 33 0
83 33 0
84 33 0
85 33 0
86 33 0
87 33 0
88 33 0
89 33 0
90 33 0
91 33 0
92 33 0
93 33 0
94 33 0
95 33 0
96 33 0
97 33 0
98 33 0
99 33 0
100 33 0

0 34 0
1 34 0
2 34 0
3 34 0
4 34 0
5 34 0
6 34 0
7 34 0
8 34 0
9 34 0
10 34 0
11 34 0
12 34 0
13 34 0
14 34 0
15 34 0
16 34 0
17 34 0
18 34 0
19 34 0
20 34 0
21 34 0
22 34 0
23 34 0
24 34 0
25 34 0
26 34 0
27 34 0
28 34 0
29 34 0
30 34 0
31 34 0
32 34 0
33 34 0
34 34 0
35 34 0
36 34 0
37 34 0
38 34 0
39 34 0
40 34 0
41 34 0
42 34 0
43 34 0
44 34 0
45 34 0
46 34 0
47 34 0
48 34 0
49 34 0
50 34 9.02487
51 34 9.11514
52 34 9.18279
53 34 9.23124
54 34 9.26457
55 34 9.28608
56 34 9.29807
57 34 9.30209
58 34 9.29915
59 34 9.28993
60 34 9.27491
61 34 9.25443
62 34 9.22876
63 34 9.1981
64 34 9.16263
65 34 9.12252
66 34 9.07793
67 34 9.02904
68 34 8.97604
69 34 8.91913
70 34 8.85858
71 34 8.79466
72 34 8.72772
73 34 8.65813
74 34 8.58628
75 34 8.5126
76 34 8.43745
77 34 8.36104
78 34 8.28338
79 34 8.20414
80 34 8.12291
81 34 0
82 34 0
83 34 0
84 34 0
85 34 0
86 34 0
87 34 0
88 34 0
89 34 0
90 34 0
91 34 0
92 34 0
93 34 0
94 34 0
95 34 0
96 34 0
97 34 0
98 34 0
99 34 0
100 34 0

0 35 0
1 35 0
2 35 0
3 35 0
4 35 0
5 35 0
6 35 0
7 35 0
8 35 0
9 35 0
10 35 0
11 35 0
12 35 0
13 35 0
14 35 0
15 35 0
16 35 0
17 35 0
18 35 0
19 35 0
20 35 0
21 35 0
22 35 0
23 35 0
24 35 0
25 35 0
26 35 0
27 35 0
28 35 0
29 35 0
30 35 0
31 35 0
32 35 0
33 35 0
34 35 0
35 35 0
36 35 0
37 35 0
38 35 0
39 35 0
40 35 0
41 35 0
42 35 0
43 35 0
44 35 0
45 35 0
46 35 0
47 35 0
48 35 0
49 35 0
50 35 8.7159
51 35 8.80309
52 35 8.87486
53 35 8.93216
54 35 8.97646
55 35 9.00933
56 35 9.03216
57 35 9.04613
58 35 9.05217
59 35 9.05102
60 35 9.04326
61 35 9.02935
62 35 9.00968
63 35 8.98457
64 35 8.95428
65 35 8.91905
66 35 8.87913
67 35 8.83474
68 35 8.78609
69 35 8.73345
70 35 8.67706
71 35 8.61721
72 35 8.55421
73 35 8.48839
74 35 8.42006
75 35 8.34956
76 35 8.27715
77 35 8.20298
78 35 8.12708
79 35 8.04935
80 35 7.96966
81 35 0
82 35 0
83 35 0
84 35 0
85 35 0
86 35 0
87 35 0
88 35 0
89 35 0
90 35 0
91 35 0
92 35 0
93 35 0
94 35 0
95 35 0
96 35 0
97 35 0
98 35 0
99 35 0
100 35 0

0 36 0
1 36 0
2 36 0
3 36 0
4 36 0
5 36 0
6 36 0
7 36 0
8 36 0
9 36 0
10 36 0
11 36 0
12 36 0
13 36 0
14 36 0
15 36 0
16 36 0
17 36 0
18 36 0
19 36 0
20 36 0
21 36 0
22 36 0
23 36 0
24 36 0
25 36 0
26 36 0
27 36 0
28 36 0
29 36 0
30 36 0
31 36 0
32 36 0
33 36 0
34 36 0
35 36 0
36 36 0
37 36 0
38 36 0
39 36 0
40 36 0
41 36 0
42 36 0
43 36 0
44 36 0
45 36 0
46 36 0
47 36 0
48 36 0
49 36 0
50 36 8.42525
51 36 8.50953
52 36 8.58453
53 36 8.64922
54 36 8.70295
55 36 8.7458
56 36 8.77834
57 36 8.80136
58 36 8.81566
59 36 8.822
60 36 8.82105
61 36 8.81334
62 36 8.79937
63 36 8.77954
64 36 8.75418
65 36 8.72362
66 36 8.68813
67 36 8.64799
68 36 8.60346
69 36 8.55479
70 36 8.50227
71 36 8.44616
72 36 8.38675
73 36 8.32433
74 36 8.25919
75 36 8.19157
76 36 8.1217
77 36 8.0497
78 36 7.97565
79 36 7.89953
80 36 7.82132
81 36 0
82 36 0
83 36 0
84 36 0
85 36 0
86 36 0
87 36 0
88 36 0
89 36 0
90 36 0
91 36 0
92 36 0
93 36 0
94 36 0
95 36 0
96 36 0
97 36 0
98 36 0
99 36 0
100 36 0

0 37 0
1 37 0
2 37 0
3 37 0
4 37 0
5 37 0
6 37 0
7 37 0
8 37 0
9 37 0
10 37 0
11 37 0
12 37 0
13 37 0
14 37 0
15 37 0
16 37 0
17 37 0
18 37 0
19 37 0
20 37 0
21 37 0
22 37 0
23 37 0
24 37 0
25 37 0
26 37 0
27 37 0
28 37 0
29 37 0
30 37 0
31 37 0
32 37 0
33 37 0
34 37 0
35 37 0
36 37 0
37 37 0
38 37 0
39 37 0
40 37 0
41 37 0
42 37 0
43 37 0
44 37 0
45 37 0
46 37 0
47 37 0
48 37 0
49 37 0
50 37 8.14687
51 37 8.22836
52 37 8.30765
53 37 8.38041
54 37 8.44353
55 37 8.49583
56 37 8.53731
57 37 8.56857
58 37 8.59041
59 37 8.60361
60 37 8.60892
61 37 8.60696
62 37 8.59829
63 37 8.58339
64 37 8.56267
65 37 8.53648
66 37 8.50515
67 37 8.46899
68 37 8.42829
69 37 8.38333
70 37 8.33437
71 37 8.28169
72 37 8.22556
73 37 8.16625
74 37 8.10399
75 37 8.03902
76 37 7.97151
77 37 7.90161
78 37 7.82938
79 37 7.75487
80 37 7.67809
81 37 0
82 37 0
83 37 0
84 37 0
85 37 0
86 37 0
87 37 0
88 37 0
89 37 0
90 37 0
91 37 0
92 37 0
93 37 0
94 37 0
95 37 0
96 37 0
97 37 0
98 37 0
99 37 0
100 37 0

0 38 0
1 38 0
2 38 0
3 38 0
4 38 0
5 38 0
6 38 0
7 38 0
8 38 0
9 38 0
10 38 0
11 38 0
12 38 0
13 38 0
14 38 0
15 38 0
16 38 0
17 38 0
18 38 0
19 38 0
20 38 0
21 38 0
22 38 0
23 38 0
24 38 0
25 38 0
26 38 0
27 38 0
28 38 0
29 38 0
30 38 0
31 38 0
32 38 0
33 38 0
34 38 0
35 38 0
36 38 0
37 38 0
38 38 0
39 38 0
40 38 0
41 38 0
42 38 0
43 38 0
44 38 0
45 38 0
46 38 0
47 38 0
48 38 0
49 38 0
50 38 7.8738
51 38 7.95256
52 38 8.04049
53 38 8.12444
54 38 8.19819
55 38 8.25993
56 38 8.30979
57 38 8.34853
58 38 8.37712
59 38 8.39647
60 38 8.40742
61 38 8.41067
62 38 8.40684
63 38 8.39647
64 38 8.38001
65 38 8.35787
66 38 8.3304
67 38 8.29793
68 38 8.26077
69 38 8.21922
70 38 8.17354
71 38 8.124
72 38 8.07087
73 38 8.01439
74 38 7.95477
75 38 7.89223
76 38 7.82693
77 38 7.759
78 38 7.68853
79 38 7.61558
80 38 7.54018
81 38 0
82 38 0
83 38 0
84 38 0
85 38 0
86 38 0
87 38 0
88 38 0
89 38 0
90 38 0
91 38 0
92 38 0
93 38 0
94 38 0
95 38 0
96 38 0
97 38 0
98 38 0
99 38 0
100 38 0

0 39 0
1 39 0
2 39 0
3 39 0
4 39 0
5 39 0
6 39 0
7 39 0
8 39 0
9 39 0
10 39 0
11 39 0
12 39 0
13 39 0
14 39 0
15 39 0
16 39 0
17 39 0
18 39 0
19 39 0
20 39 0
21 39 0
22 39 0
23 39 0
24 39 0
25 39 0
26 39 0
27 39 0
28 39 0
29 39 0
30 39 0
31 39 0
32 39 0
33 39 0
34 39 0
35 39 0
36 39 0
37 39 0
38 39 0
39 39 0
40 39 0
41 39 0
42 39 0
43 39 0
44 39 0
45 39 0
46 39 0
47 39 0
48 39 0
49 39 0
50 39 7.5948
51 39 7.67077
52 39 7.7805
53 39 7.88191
54 39 7.9681
55 39 8.03922
56 39 8.09669
57 39 8.142
58 39 8.17644
59 39 8.20113
60 39 8.21701
61 39 8.22487
62 39 8.22536
63 39 8.21907
64 39 8.20647
65 39 8.18801
66 39 8.16406
67 39 8.13497
68 39 8.10106
69 39 8.06263
70 39 8.01994
71 39 7.97328
72 39 7.92288
73 39 7.86897
74 39 7.81178
75 39 7.75147
76 39 7.68822
77 39 7.62215
78 39 7.55335
79 39 7.48189
80 39 7.40781
81 39 0
82 39 0
83 39 0
84 39 0
85 39 0
86 39 0
87 39 0
88 39 0
89 39 0
90 39 0
91 39 0
92 39 0
93 39 0
94 39 0
95 39 0
96 39 0
97 39 0
98 39 0
99 39 0
100 39 0

0 40 24.7525
1 40 23.5219
2 40 22.417
3 40 21.3931
4 40 20.4306
5 40 19.5199
6 40 18.6556
7 40 17.8339
8 40 17.0525
9 40 16.3091
10 40 15.6021
11 40 14.9298
12 40 14.2908
13 40 13.6838
14 40 13.1073
15 40 12.5604
16 40 12.0418
17 40 11.5504
18 40 11.0853
19 40 10.6455
20 40 10.2302
21 40 9.83834
22 40 9.46931
23 40 9.12232
24 40 8.79668
25 40 8.49173
26 40 8.20689
27 40 7.94159
28 40 7.69533
29 40 7.46762
30 40 7.25804
31 40 7.06621
32 40 6.89177
33 40 6.73443
34 40 6.59392
35 40 6.47002
36 40 6.36258
37 40 6.27148
38 40 6.19668
39 40 6.1382
40 40 6.09616
41 40 6.07081
42 40 6.06256
43 40 6.07203
44 40 6.1002
45 40 6.14857
46 40 6.21947
47 40 6.31672
48 40 6.44711
49 40 6.62388
50 40 7.06699
51 40 7.35839
52 40 7.53206
53 40 7.65784
54 40 7.75635
55 40 7.83547
56 40 7.89911
57 40 7.94968
58 40 7.98889
59 40 8.018
60 40 8.03805
61 40 8.04986
62 40 8.05411
63 40 8.05141
64 40 8.04226
65 40 8.0271
66 40 8.00632
67 40 7.98029
68 40 7.94932
69 40 7.91371
70 40 7.87375
71 40 7.82968
72 40 7.78176
73 40 7.73021
74 40 7.67522
75 40 7.61697
76 40 7.55561
77 40 7.49127
78 40 7.42404
79 40 7.354
80 40 7.28119
81 40 0
82 40 0
83 40 0
84 40 0
85 40 0
86 40 0
87 40 0
88 40 0
89 40 0
90 40 0
91 40 0
92 40 0
93 40 0
94 40 0
95 40 0
96 40 0
97 40 0
98 40 0
99 40 0
100 40 0

0 41 25
1 41 23.7571
2 41 22.6412
3 41 21.607
4 41 20.6349
5 41 19.7151
6 41 18.8421
7 41 18.0123
8 41 17.223
9 41 16.4722
10 41 15.7581
11 41 15.0791
12 41 14.4337
13 41 13.8206
14 41 13.2384
15 41 12.686
16 41 12.1622
17 41 11.6659
18 41 11.1962
19 41 10.752
20 41 10.3325
21 41 9.93674
22 41 9.56402
23 41 9.21356
24 41 8.88466
25 41 8.57666
26 41 8.28897
27 41 8.02102
28 41 7.77229
29 41 7.54231
30 41 7.33064
31 41 7.13689
32 41 6.96071
33 41 6.80179
34 41 6.65988
35 41 6.53474
36 41 6.42623
37 41 6.33422
38 41 6.25867
39 41 6.1996
40 41 6.15715
41 41 6.13154
42 41 6.12321
43 41 6.13277
44 41 6.16123
45 41 6.21008
46 41 6.28168
47 41 6.37992
48 41 6.51161
49 41 6.69014
50 41 6.94556
51 41 7.16695
52 41 7.33472
53 41 7.4643
54 41 7.56731
55 41 7.65052
56 41 7.71794
57 41 7.77212
58 41 7.81483
59 41 7.84737
60 41 7.87077
61 41 7.88585
62 41 7.89329
63 41 7.89368
64 41 7.88753
65 41 7.87528
66 41 7.85731
67 41 7.834
68 41 7.80566
69 41 7.7726
70 41 7.73508
71 41 7.69336
72 41 7.64768
73 41 7.59825
74 41 7.54527
75 41 7.48889
76 41 7.42928
77 41 7.36655
78 41 7.30079
79 41 7.23209
80 41 7.16048
81 41 0
82 41 0
83 41 0
84 41 0
85 41 0
86 41 0
87 41 0
88 41 0
89 41 0
90 41 0
91 41 0
92 41 0
93 41 0
94 41 0
95 41 0
96 41 0
97 41 0
98 41 0
99 41 0
100 41 0

0 42 25
1 42 23.8654
2 42 22.7838
3 42 21.759
4 42 20.7872
5 42 19.8639
6 42 18.9859
7 42 18.1505
8 42 17.3556
9 42 16.5992
10 42 15.8797
11 42 15.1955
12 42 14.5452
13 42 13.9273
14 42 13.3407
15 42 12.784
16 42 12.2562
17 42 11.7561
18 42 11.2827
19 42 10.8351
20 42 10.4123
21 42 10.0135
22 42 9.6379
23 42 9.28473
24 42 8.95329
25 42 8.64292
26 42 8.353
27 42 8.08298
28 42 7.83233
29 42 7.60056
30 42 7.38725
31 42 7.19199
32 42 7.01444
33 42 6.85427
34 42 6.71123
35 42 6.58508
36 42 6.47567
37 42 6.38285
38 42 6.30658
39 42 6.24687
40 42 6.20381
41 42 6.1776
42 42 6.16859
43 42 6.17733
44 42 6.20463
45 42 6.25166
46 42 6.32015
47 42 6.41258
48 42 6.53226
49 42 6.68256
50 42 6.86131
51 42 7.03229
52 42 7.17882
53 42 7.3006
54 42 7.40136
55 42 7.48469
56 42 7.55337
57 42 7.60942
58 42 7.65435
59 42 7.68932
60 42 7.71526
61 42 7.73293
62 42 7.74299
63 42 7.74598
64 42 7.74239
65 42 7.73265
66 42 7.71714
67 42 7.69623
68 42 7.67021
69 42 7.6394
70 42 7.60406
71 42 7.56444
72 42 7.52077
73 42 7.47325
74 42 7.42208
75 42 7.36741
76 42 7.3094
77 42 7.24815
78 42 7.18376
79 42 7.11632
80 42 7.04586
81 42 0
82 42 0
83 42 0
84 42 0
85 42 0
86 42 0
87 42 0
88 42 0
89 42 0
90 42 0
91 42 0
92 42 0
93 42 0
94 42 0
95 42 0
96 42 0
97 42 0
98 42 0
99 42 0
100 42 0

0 43 25
1 43 23.9208
2 43 22.8696
3 43 21.8584
4 43 20.8911
5 43 19.9677
6 43 19.0874
7 43 18.2488
8 43 17.4501
9 43 16.69
10 43 15.9667
11 43 15.2788
12 43 14.625
13 43 14.0037
14 43 13.4139
15 43 12.8541
16 43 12.3234
17 43 11.8206
18 43 11.3446
19 43 10.8945
20 43 10.4694
21 43 10.0684
22 43 9.69078
23 43 9.33568
24 43 9.00242
25 43 8.69034
26 43 8.39883
27 43 8.12733
28 43 7.87529
29 43 7.64225
30 43 7.42775
31 43 7.2314
32 43 7.05284
33 43 6.89175
34 43 6.74787
35 43 6.62095
36 43 6.51081
37 43 6.41731
38 43 6.34038
39 43 6.27998
40 43 6.23616
41 43 6.20906
42 43 6.1989
43 43 6.20607
44 43 6.23106
45 43 6.27461
46 43 6.33758
47 43 6.42095
48 43 6.52531
49 43 6.64961
50 43 6.78797
51 43 6.92525
52 43 7.05089
53 43 7.1612
54 43 7.25613
55 43 7.33687
56 43 7.40481
57 43 7.46124
58 43 7.50725
59 43 7.54373
60 43 7.57147
61 43 7.59111
62 43 7.60324
63 43 7.60835
64 43 7.60689
65 43 7.59928
66 43 7.58588
67 43 7.56704
68 43 7.54305
69 43 7.51421
70 43 7.48079
71 43 7.44302
72 43 7.40113
73 43 7.35532
74 43 7.30577
75 43 7.25265
76 43 7.19608
77 43 7.1362
78 43 7.07308
79 43 7.00681
80 43 6.93744
81 43 0
82 43 0
83 43 0
84 43 0
85 43 0
86 43 0
87 43 0
88 43 0
89 43 0
90 43 0
91 43 0
92 43 0
93 43 0
94 43 0
95 43 0
96 43 0
97 43 0
98 43 0
99 43 0
100 43 0

0 44 25
1 44 23.9482
2 44 22.9155
3 44 21.9143
4 44 20.9512
5 44 20.0288
6 44 19.1478
7 44 18.3074
8 44 17.5068
9 44 16.7444
10 44 16.0189
11 44 15.3288
12 44 14.6729
13 44 14.0496
14 44 13.4578
15 44 12.8963
16 44 12.3638
17 44 11.8593
18 44 11.3818
19 44 10.9302
20 44 10.5038
21 44 10.1015
22 44 9.72257
23 44 9.36629
24 44 9.03194
25 44 8.71884
26 44 8.42637
27 44 8.15397
28 44 7.90109
29 44 7.66727
30 44 7.45205
31 44 7.25503
32 44 7.07585
33 44 6.91418
34 44 6.76974
35 44 6.64229
36 44 6.53163
37 44 6.43759
38 44 6.36007
39 44 6.299
40 44 6.25436
41 44 6.22618
42 44 6.21457
43 44 6.21969
44 44 6.24175
45 44 6.28097
46 44 6.33752
47 44 6.41129
48 44 6.50145
49 44 6.60565
50 44 6.71884
51 44 6.83304
52 44 6.94151
53 44 7.04046
54 44 7.12841
55 44 7.20517
56 44 7.27113
57 44 7.32688
58 44 7.37308
59 44 7.41034
60 44 7.43923
61 44 7.46029
62 44 7.47399
63 44 7.48077
64 44 7.48105
65 44 7.4752
66 44 7.46357
67 44 7.44648
68 44 7.42423
69 44 7.39709
70 44 7.36533
71 44 7.32918
72 44 7.28885
73 44 7.24455
74 44 7.19644
75 44 7.1447
76 44 7.08944
77 44 7.03079
78 44 6.96884
79 44 6.90367
80 44 6.83531
81 44 0
82 44 0
83 44 0
84 44 0
85 44 0
86 44 0
87 44 0
88 44 0
89 44 0
90 44 0
91 44 0
92 44 0
93 44 0
94 44 0
95 44 0
96 44 0
97 44 0
98 44 0
99 44 0
100 44 0

0 45 25
1 45 23.9565
2 45 22.9299
3 45 21.9323
4 45 20.9709
5 45 20.049
6 45 19.1678
7 45 18.327
8 45 17.5256
9 45 16.7625
10 45 16.0363
11 45 15.3455
12 45 14.6889
13 45 14.0649
14 45 13.4725
15 45 12.9103
16 45 12.3773
17 45 11.8723
18 45 11.3942
19 45 10.9422
20 45 10.5152
21 45 10.1125
22 45 9.73317
23 45 9.37651
24 45 9.04179
25 45 8.72834
26 45 8.43555
27 45 8.16284
28 45 7.90969
29 45 7.67559
30 45 7.46012
31 45 7.26285
32 45 7.08343
33 45 6.92152
34 45 6.77683
35 45 6.64911
36 45 6.53814
37 45 6.44375
38 45 6.36577
39 45 6.3041
40 45 6.25865
41 45 6.22936
42 45 6.2162
43 45 6.21913
44 45 6.23806
45 45 6.27286
46 45 6.32315
47 45 6.38821
48 45 6.46659
49 45 6.55577
50 45 6.65184
51 45 6.74974
52 45 6.84487
53 45 6.93397
54 45 7.01518
55 45 7.08761
56 45 7.15101
57 45 7.20548
58 45 7.25128
59 45 7.28875
60 45 7.31829
61 45 7.34029
62 45 7.35514
63 45 7.3632
64 45 7.36484
65 45 7.36041
66 45 7.35022
67 45 7.33458
68 45 7.31378
69 45 7.28808
70 45 7.25773
71 45 7.22296
72 45 7.18398
73 45 7.14099
74 45 7.09416
75 45 7.04363
76 45 6.98954
77 45 6.93201
78 45 6.87113
79 45 6.80696
80 45 6.73957
81 45 0
82 45 0
83 45 0
84 45 0
85 45 0
86 45 0
87 45 0
88 45 0
89 45 0
90 45 0
91 45 0
92 45 0
93 45 0
94 45 0
95 45 0
96 45 0
97 45 0
98 45 0
99 45 0
100 45 0

0 46 25
1 46 23.9482
2 46 22.9155
3 46 21.9143
4 46 20.9512
5 46 20.0288
6 46 19.1478
7 46 18.3075
8 46 17.5068
9 46 16.7444
10 46 16.0189
11 46 15.3288
12 46 14.6729
13 46 14.0496
14 46 13.4579
15 46 12.8963
16 46 12.3638
17 46 11.8593
18 46 11.3818
19 46 10.9303
20 46 10.5038
21 46 10.1015
22 46 9.72258
23 46 9.3663
24 46 9.03194
25 46 8.71883
26 46 8.42636
27 46 8.15394
28 46 7.90105
29 46 7.66719
30 46 7.45193
31 46 7.25485
32 46 7.07558
33 46 6.91378
34 46 6.76916
35 46 6.64145
36 46 6.53042
37 46 6.43587
38 46 6.35761
39 46 6.29548
40 46 6.24934
41 46 6.21905
42 46 6.20443
43 46 6.20529
44 46 6.22132
45 46 6.2521
46 46 6.29694
47 46 6.35476
48 46 6.42393
49 46 6.50209
50 46 6.58611
51 46 6.67238
52 46 6.75747
53 46 6.83865
54 46 6.91401
55 46 6.9824
56 46 7.0432
57 46 7.09613
58 46 7.1412
59 46 7.17853
60 46 7.20835
61 46 7.23091
62 46 7.24654
63 46 7.25553
64 46 7.2582
65 46 7.25486
66 46 7.24581
67 46 7.23134
68 46 7.21171
69 46 7.18719
70 46 7.15801
71 46 7.1244
72 46 7.08657
73 46 7.0447
74 46 6.99895
75 46 6.94949
76 46 6.89644
77 46 6.83991
78 46 6.77999
79 46 6.71675
80 46 6.65025
81 46 0
82 46 0
83 46 0
84 46 0
85 46 0
86 46 0
87 46 0
88 46 0
89 46 0
90 46 0
91 46 0
92 46 0
93 46 0
94 46 0
95 46 0
96 46 0
97 46 0
98 46 0
99 46 0
100 46 0

0 47 25
1 47 23.9208
2 47 22.8696
3 47 21.8584
4 47 20.8911
5 47 19.9677
6 47 19.0875
7 47 18.2488
8 47 17.4502
9 47 16.69
10 47 15.9667
11 47 15.2788
12 47 14.625
13 47 14.0038
14 47 13.4139
15 47 12.8542
16 47 12.3234
17 47 11.8206
18 47 11.3446
19 47 10.8945
20 47 10.4694
21 47 10.0685
22 47 9.69081
23 47 9.3357
24 47 9.00243
25 47 8.69034
26 47 8.39881
27 47 8.12728
28 47 7.8752
29 47 7.6421
30 47 7.42752
31 47 7.23106
32 47 7.05233
33 47 6.89101
34 47 6.74678
35 47 6.61938
36 47 6.50855
37 47 6.41408
38 47 6.33576
39 47 6.27339
40 47 6.22676
41 47 6.19568
42 47 6.17987
43 47 6.179
44 47 6.19263
45 47 6.22014
46 47 6.26065
47 47 6.31292
48 47 6.3753
49 47 6.44561
50 47 6.52125
51 47 6.59936
52 47 6.67718
53 47 6.75237
54 47 6.8231
55 47 6.88811
56 47 6.94658
57 47 6.99803
58 47 7.04226
59 47 7.07925
60 47 7.10908
61 47 7.13193
62 47 7.14803
63 47 7.15765
64 47 7.16104
65 47 7.15851
66 47 7.15031
67 47 7.13672
68 47 7.11801
69 47 7.09442
70 47 7.06618
71 47 7.03351
72 47 6.99661
73 47 6.95568
74 47 6.91086
75 47 6.86231
76 47 6.81015
77 47 6.7545
78 47 6.69545
79 47 6.63305
80 47 6.56738
81 47 0
82 47 0
83 47 0
84 47 0
85 47 0
86 47 0
87 47 0
88 47 0
89 47 0
90 47 0
91 47 0
92 47 0
93 47 0
94 47 0
95 47 0
96 47 0
97 47 0
98 47 0
99 47 0
100 47 0

0 48 25
1 48 23.8654
2 48 22.7838
3 48 21.7591
4 48 20.7872
5 48 19.8639
6 48 18.9859
7 48 18.1505
8 48 17.3556
9 48 16.5993
10 48 15.8798
11 48 15.1956
12 48 14.5452
13 48 13.9274
14 48 13.3407
15 48 12.784
16 48 12.2562
17 48 11.7561
18 48 11.2827
19 48 10.8351
20 48 10.4123
21 48 10.0135
22 48 9.63794
23 48 9.28476
24 48 8.95331
25 48 8.64292
26 48 8.35298
27 48 8.08292
28 48 7.83222
29 48 7.60038
30 48 7.38695
31 48 7.19154
32 48 7.01376
33 48 6.85328
34 48 6.70978
35 48 6.58299
36 48 6.47265
37 48 6.37853
38 48 6.3004
39 48 6.23803
40 48 6.1912
41 48 6.15964
42 48 6.14303
43 48 6.14094
44 48 6.15285
45 48 6.17802
46 48 6.21548
47 48 6.26392
48 48 6.32172
49 48 6.38686
50 48 6.45703
51 48 6.52977
52 48 6.60272
53 48 6.67376
54 48 6.74117
55 48 6.80366
56 48 6.86029
57 48 6.9105
58 48 6.95395
59 48 6.99051
60 48 7.0202
61 48 7.04313
62 48 7.05947
63 48 7.06944
64 48 7.07328
65 48 7.07127
66 48 7.06365
67 48 7.05069
68 48 7.03264
69 48 7.00974
70 48 6.98221
71 48 6.95027
72 48 6.91411
73 48 6.87392
74 48 6.82986
75 48 6.78207
76 48 6.73068
77 48 6.6758
78 48 6.61751
79 48 6.55588
80 48 6.49097
81 48 0
82 48 0
83 48 0
84 48 0
85 48 0
86 48 0
87 48 0
88 48 0
89 48 0
90 48 0
91 48 0
92 48 0
93 48 0
94 48 0
95 48 0
96 48 0
97 48 0
98 48 0
99 48 0
100 48 0

0 49 25
1 49 23.7571
2 49 22.6412
3 49 21.607
4 49 20.6349
5 49 19.7151
6 49 18.8421
7 49 18.0123
8 49 17.223
9 49 16.4723
10 49 15.7582
11 49 15.0792
12 49 14.4338
13 49 13.8206
14 49 13.2385
15 49 12.6861
16 49 12.1623
17 49 11.666
18 49 11.1963
19 49 10.7521
20 49 10.3325
21 49 9.9368
22 49 9.56407
23 49 9.2136
24 49 8.88469
25 49 8.57668
26 49 8.28896
27 49 8.02097
28 49 7.77218
29 49 7.54211
30 49 7.33032
31 49 7.13639
32 49 6.95996
33 49 6.80068
34 49 6.65825
35 49 6.53239
36 49 6.42284
37 49 6.32935
38 49 6.25169
39 49 6.18963
40 49 6.14292
41 49 6.11126
42 49 6.09431
43 49 6.09161
44 49 6.10258
45 49 6.12644
46 49 6.16219
47 49 6.20851
48 49 6.26378
49 49 6.3261
50 49 6.39329
51 49 6.4631
52 49 6.53333
53 49 6.60199
54 49 6.66742
55 49 6.72832
56 49 6.78374
57 49 6.83305
58 49 6.87588
59 49 6.91203
60 49 6.94149
61 49 6.96432
62 49 6.98069
63 49 6.99078
64 49 6.99482
65 49 6.99308
66 49 6.98578
67 49 6.97319
68 49 6.95556
69 49 6.93311
70 49 6.90606
71 49 6.87464
72 49 6.83903
73 49 6.79941
74 49 6.75594
75 49 6.70877
76 49 6.65801
77 49 6.60378
78 49 6.54615
79 49 6.48521
80 49 6.421
81 49 0
82 49 0
83 49 0
84 49 0
85 49 0
86 49 0
87 49 0
88 49 0
89 49 0
90 49 0
91 49 0
92 49 0
93 49 0
94 49 0
95 49 0
96 49 0
97 49 0
98 49 0
99 49 0
100 49 0

0 50 24.7525
1 50 23.5219
2 50 22.417
3 50 21.3931
4 50 20.4306
5 50 19.5199
6 50 18.6556
7 50 17.834
8 50 17.0525
9 50 16.3092
10 50 15.6021
11 50 14.9299
12 50 14.2909
13 50 13.6838
14 50 13.1074
15 50 12.5605
16 50 12.0418
17 50 11.5505
18 50 11.0854
19 50 10.6456
20 50 10.2302
21 50 9.83841
22 50 9.46938
23 50 9.12238
24 50 8.79672
25 50 8.49176
26 50 8.20689
27 50 7.94155
28 50 7.69523
29 50 7.46744
30 50 7.25774
31 50 7.06573
32 50 6.89105
33 50 6.73335
34 50 6.59233
35 50 6.46771
36 50 6.35924
37 50 6.26668
38 50 6.18979
39 50 6.12835
40 50 6.0821
41 50 6.05075
42 50 6.03397
43 50 6.0313
44 50 6.04216
45 50 6.06579
46 50 6.10118
47 50 6.14704
48 50 6.20177
49 50 6.26346
50 50 6.32999
51 50 6.39911
52 50 6.46864
53 50 6.53662
54 50 6.60141
55 50 6.6617
56 50 6.71657
57 50 6.7654
58 50 6.8078
59 50 6.8436
60 50 6.87276
61 50 6.89537
62 50 6.91157
63 50 6.92156
64 50 6.92557
65 50 6.92384
66 50 6.91662
67 50 6.90415
68 50 6.88669
69 50 6.86446
70 50 6.83769
71 50 6.80658
72 50 6.77132
73 50 6.73209
74 50 6.68905
75 50 6.64234
76 50 6.59209
77 50 6.53839
78 50 6.48134
79 50 6.421
80 50 6.35743
81 50 0
82 50 0
83 50 0
84 50 0
85 50 0
86 50 0
87 50 0
88 50 0
89 50 0
90 50 0
91 50 0
92 50 0
93 50 0
94 50 0
95 50 0
96 50 0
97 50 0
98 50 0
99 50 0
100 50 0

