0 0 0
1 0 0
2 0 0
3 0 0
4 0 0
5 0 0
6 0 0
7 0 0
8 0 0
9 0 0
10 0 0
11 0 0
12 0 0
13 0 0
14 0 0
15 0 0
16 0 0
17 0 0
18 0 0
19 0 0
20 0 19.802
21 0 20
22 0 20
23 0 20
24 0 20
25 0 20
26 0 20
27 0 20
28 0 20
29 0 20
30 0 20
31 0 20
32 0 20
33 0 20
34 0 20
35 0 20
36 0 20
37 0 20
38 0 20
39 0 20
40 0 20
41 0 20
42 0 20
43 0 20
44 0 20
45 0 20
46 0 20
47 0 20
48 0 20
49 0 20
50 0 20
51 0 20
52 0 20
53 0 20
54 0 20
55 0 20
56 0 20
57 0 20
58 0 20
59 0 20
60 0 20
61 0 20
62 0 20
63 0 20
64 0 20
65 0 20
66 0 20
67 0 20
68 0 20
69 0 20
70 0 20
71 0 20
72 0 20
73 0 20
74 0 20
75 0 20
76 0 20
77 0 20
78 0 20
79 0 20
80 0 19.802
81 0 0
82 0 0
83 0 0
84 0 0
85 0 0
86 0 0
87 0 0
88 0 0
89 0 0
90 0 0
91 0 0
92 0 0
93 0 0
94 0 0
95 0 0
96 0 0
97 0 0
98 0 0
99 0 0
100 0 0

0 1 0
1 1 0
2 1 0
3 1 0
4 1 0
5 1 0
6 1 0
7 1 0
8 1 0
9 1 0
10 1 0
11 1 0
12 1 0
13 1 0
14 1 0
15 1 0
16 1 0
17 1 0
18 1 0
19 1 0
20 1 19.2016
21 1 19.3936
22 1 19.4874
23 1 19.5425
24 1 19.5794
25 1 19.6064
26 1 19.6272
27 1 19.6439
28 1 19.6576
29 1 19.669
30 1 19.6787
31 1 19.6869
32 1 19.6939
33 1 19.6999
34 1 19.705
35 1 19.7093
36 1 19.713
37 1 19.716
38 1 19.7185
39 1 19.7204
40 1 19.7219
41 1 19.723
42 1 19.7236
43 1 19.7239
44 1 19.7238
45 1 19.7233
46 1 19.7226
47 1 19.7216
48 1 19.7202
49 1 19.7186
50 1 19.7167
51 1 19.7145
52 1 19.7121
53 1 19.7094
54 1 19.7065
55 1 19.7032
56 1 19.6997
57 1 19.696
58 1 19.6919
59 1 19.6875
60 1 19.6828
61 1 19.6777
62 1 19.6722
63 1 19.6663
64 1 19.66
65 1 19.6531
66 1 19.6457
67 1 19.6377
68 1 19.6289
69 1 19.6192
70 1 19.6086
71 1 19.5967
72 1 19.5832
73 1 19.5678
74 1 19.5497
75 1 19.5277
76 1 19.5
77 1 19.4627
78 1 19.4076
79 1 19.3142
80 1 19.1229
81 1 0
82 1 0
83 1 0
84 1 0
85 1 0
86 1 0
87 1 0
88 1 0
89 1 0
90 1 0
91 1 0
92 1 0
93 1 0
94 1 0
95 1 0
96 1 0
97 1 0
98 1 0
99 1 0
100 1 0

0 2 0
1 2 0
2 2 0
3 2 0
4 2 0
5 2 0
6 2 0
7 2 0
8 2 0
9 2 0
10 2 0
11 2 0
12 2 0
13 2 0
14 2 0
15 2 0
16 2 0
17 2 0
18 2 0
19 2 0
20 2 18.6984
21 2 18.8854
22 2 19.0135
23 2 19.1032
24 2 19.1687
25 2 19.2189
26 2 19.2586
27 2 19.2908
28 2 19.3175
29 2 19.3399
30 2 19.3589
31 2 19.375
32 2 19.3889
33 2 19.4007
34 2 19.4108
35 2 19.4194
36 2 19.4266
37 2 19.4326
38 2 19.4375
39 2 19.4413
40 2 19.4443
41 2 19.4463
42 2 19.4476
43 2 19.4481
44 2 19.4479
45 2 19.447
46 2 19.4455
47 2 19.4434
48 2 19.4407
49 2 19.4374
50 2 19.4336
51 2 19.4293
52 2 19.4245
53 2 19.4191
54 2 19.4132
55 2 19.4067
56 2 19.3997
57 2 19.3922
58 2 19.3841
59 2 19.3753
60 2 19.3659
61 2 19.3557
62 2 19.3448
63 2 19.3331
64 2 19.3205
65 2 19.3068
66 2 19.2921
67 2 19.2761
68 2 19.2586
69 2 19.2395
70 2 19.2184
71 2 19.1949
72 2 19.1685
73 2 19.1383
74 2 19.1032
75 2 19.0613
76 2 19.0096
77 2 18.9432
78 2 18.8535
79 2 18.7262
80 2 18.5408
81 2 0
82 2 0
83 2 0
84 2 0
85 2 0
86 2 0
87 2 0
88 2 0
89 2 0
90 2 0
91 2 0
92 2 0
93 2 0
94 2 0
95 2 0
96 2 0
97 2 0
98 2 0
99 2 0
100 2 0

0 3 0
1 3 0
2 3 0
3 3 0
4 3 0
5 3 0
6 3 0
7 3 0
8 3 0
9 3 0
10 3 0
11 3 0
12 3 0
13 3 0
14 3 0
15 3 0
16 3 0
17 3 0
18 3 0
19 3 0
20 3 18.2536
21 3 18.4361
22 3 18.5782
23 3 18.6878
24 3 18.7735
25 3 18.8418
26 3 18.8974
27 3 18.9432
28 3 18.9816
29 3 19.0141
30 3 19.0418
31 3 19.0655
32 3 19.0858
33 3 19.1033
34 3 19.1181
35 3 19.1308
36 3 19.1414
37 3 19.1503
38 3 19.1575
39 3 19.1632
40 3 19.1675
41 3 19.1705
42 3 19.1723
43 3 19.173
44 3 19.1727
45 3 19.1713
46 3 19.169
47 3 19.1658
48 3 19.1618
49 3 19.1569
50 3 19.1511
51 3 19.1446
52 3 19.1373
53 3 19.1293
54 3 19.1204
55 3 19.1108
56 3 19.1003
57 3 19.089
58 3 19.0769
59 3 19.0638
60 3 19.0497
61 3 19.0346
62 3 19.0183
63 3 19.0008
64 3 18.982
65 3 18.9617
66 3 18.9397
67 3 18.9159
68 3 18.89
69 3 18.8617
70 3 18.8306
71 3 18.7961
72 3 18.7575
73 3 18.7138
74 3 18.6635
75 3 18.6045
76 3 18.5339
77 3 18.4469
78 3 18.3372
79 3 18.1962
80 3 18.0161
81 3 0
82 3 0
83 3 0
84 3 0
85 3 0
86 3 0
87 3 0
88 3 0
89 3 0
90 3 0
91 3 0
92 3 0
93 3 0
94 3 0
95 3 0
96 3 0
97 3 0
98 3 0
99 3 0
100 3 0

0 4 0
1 4 0
2 4 0
3 4 0
4 4 0
5 4 0
6 4 0
7 4 0
8 4 0
9 4 0
10 4 0
11 4 0
12 4 0
13 4 0
14 4 0
15 4 0
16 4 0
17 4 0
18 4 0
19 4 0
20 4 17.8487
21 4 18.0272
22 4 18.1753
23 4 18.2965
24 4 18.3957
25 4 18.4776
26 4 18.5458
27 4 18.6031
28 4 18.6517
29 4 18.6932
30 4 18.7288
31 4 18.7594
32 4 18.7857
33 4 18.8083
34 4 18.8277
35 4 18.8442
36 4 18.8581
37 4 18.8696
38 4 18.879
39 4 18.8864
40 4 18.892
41 4 18.8959
42 4 18.8982
43 4 18.899
44 4 18.8985
45 4 18.8966
46 4 18.8934
47 4 18.8891
48 4 18.8836
49 4 18.8771
50 4 18.8694
51 4 18.8607
52 4 18.851
53 4 18.8403
54 4 18.8285
55 4 18.8157
56 4 18.8018
57 4 18.7868
58 4 18.7706
59 4 18.7532
60 4 18.7346
61 4 18.7145
62 4 18.693
63 4 18.6698
64 4 18.645
65 4 18.6181
66 4 18.5892
67 4 18.5578
68 4 18.5238
69 4 18.4867
70 4 18.4461
71 4 18.4013
72 4 18.3516
73 4 18.2958
74 4 18.2325
75 4 18.1596
76 4 18.0744
77 4 17.9734
78 4 17.852
79 4 17.7055
80 4 17.5302
81 4 0
82 4 0
83 4 0
84 4 0
85 4 0
86 4 0
87 4 0
88 4 0
89 4 0
90 4 0
91 4 0
92 4 0
93 4 0
94 4 0
95 4 0
96 4 0
97 4 0
98 4 0
99 4 0
100 4 0

0 5 0
1 5 0
2 5 0
3 5 0
4 5 0
5 5 0
6 5 0
7 5 0
8 5 0
9 5 0
10 5 0
11 5 0
12 5 0
13 5 0
14 5 0
15 5 0
16 5 0
17 5 0
18 5 0
19 5 0
20 5 17.474
21 5 17.6488
22 5 17.7992
23 5 17.9271
24 5 18.0353
25 5 18.1271
26 5 18.2051
27 5 18.2717
28 5 18.3289
29 5 18.3782
30 5 18.4207
31 5 18.4575
32 5 18.4893
33 5 18.5167
34 5 18.5402
35 5 18.5602
36 5 18.577
37 5 18.5911
38 5 18.6024
39 5 18.6114
40 5 18.6182
41 5 18.6228
42 5 18.6255
43 5 18.6264
44 5 18.6256
45 5 18.6231
46 5 18.6191
47 5 18.6136
48 5 18.6066
49 5 18.5984
50 5 18.5888
51 5 18.5779
52 5 18.5657
53 5 18.5523
54 5 18.5376
55 5 18.5216
56 5 18.5043
57 5 18.4856
58 5 18.4656
59 5 18.444
60 5 18.4208
61 5 18.396
62 5 18.3693
63 5 18.3406
64 5 18.3099
65 5 18.2767
66 5 18.241
67 5 18.2024
68 5 18.1607
69 5 18.1153
70 5 18.0658
71 5 18.0116
72 5 17.9518
73 5 17.8854
74 5 17.811
75 5 17.7269
76 5 17.6308
77 5 17.5202
78 5 17.392
79 5 17.2435
80 5 17.0728
81 5 0
82 5 0
83 5 0
84 5 0
85 5 0
86 5 0
87 5 0
88 5 0
89 5 0
90 5 0
91 5 0
92 5 0
93 5 0
94 5 0
95 5 0
96 5 0
97 5 0
98 5 0
99 5 0
100 5 0

0 6 0
1 6 0
2 6 0
3 6 0
4 6 0
5 6 0
6 6 0
7 6 0
8 6 0
9 6 0
10 6 0
11 6 0
12 6 0
13 6 0
14 6 0
15 6 0
16 6 0
17 6 0
18 6 0
19 6 0
20 6 17.1235
21 6 17.2947
22 6 17.4456
23 6 17.5773
24 6 17.6915
25 6 17.7903
26 6 17.8757
27 6 17.9498
28 6 18.014
29 6 18.0699
30 6 18.1184
31 6 18.1606
32 6 18.1972
33 6 18.2289
34 6 18.2561
35 6 18.2793
36 6 18.2989
37 6 18.3151
38 6 18.3283
39 6 18.3387
40 6 18.3464
41 6 18.3517
42 6 18.3547
43 6 18.3555
44 6 18.3543
45 6 18.3511
46 6 18.3462
47 6 18.3394
48 6 18.331
49 6 18.321
50 6 18.3094
51 6 18.2963
52 6 18.2817
53 6 18.2656
54 6 18.248
55 6 18.2288
56 6 18.2082
57 6 18.1859
58 6 18.162
59 6 18.1363
60 6 18.1088
61 6 18.0792
62 6 18.0476
63 6 18.0136
64 6 17.9771
65 6 17.9379
66 6 17.8957
67 6 17.8503
68 6 17.8012
69 6 17.748
70 6 17.6903
71 6 17.6274
72 6 17.5586
73 6 17.4829
74 6 17.3992
75 6 17.3061
76 6 17.2019
77 6 17.0846
78 6 16.9525
79 6 16.8037
80 6 16.6373
81 6 0
82 6 0
83 6 0
84 6 0
85 6 0
86 6 0
87 6 0
88 6 0
89 6 0
90 6 0
91 6 0
92 6 0
93 6 0
94 6 0
95 6 0
96 6 0
97 6 0
98 6 0
99 6 0
100 6 0

0 7 0
1 7 0
2 7 0
3 7 0
4 7 0
5 7 0
6 7 0
7 7 0
8 7 0
9 7 0
10 7 0
11 7 0
12 7 0
13 7 0
14 7 0
15 7 0
16 7 0
17 7 0
18 7 0
19 7 0
20 7 16.7929
21 7 16.9609
22 7 17.1114
23 7 17.245
24 7 17.363
25 7 17.4667
26 7 17.5578
27 7 17.6376
28 7 17.7075
29 7 17.7688
30 7 17.8225
31 7 17.8693
32 7 17.9102
33 7 17.9455
34 7 17.976
35 7 18.0021
36 7 18.0241
37 7 18.0423
38 7 18.0571
39 7 18.0686
40 7 18.0772
41 7 18.0829
42 7 18.086
43 7 18.0867
44 7 18.085
45 7 18.081
46 7 18.075
47 7 18.0669
48 7 18.057
49 7 18.0452
50 7 18.0315
51 7 18.0162
52 7 17.9991
53 7 17.9803
54 7 17.9599
55 7 17.9377
56 7 17.9137
57 7 17.8879
58 7 17.8602
59 7 17.8305
60 7 17.7987
61 7 17.7646
62 7 17.7281
63 7 17.689
64 7 17.6471
65 7 17.6021
66 7 17.5537
67 7 17.5017
68 7 17.4457
69 7 17.3853
70 7 17.3199
71 7 17.2491
72 7 17.1723
73 7 17.0885
74 7 16.9969
75 7 16.8964
76 7 16.7859
77 7 16.664
78 7 16.5295
79 7 16.3814
80 7 16.2192
81 7 0
82 7 0
83 7 0
84 7 0
85 7 0
86 7 0
87 7 0
88 7 0
89 7 0
90 7 0
91 7 0
92 7 0
93 7 0
94 7 0
95 7 0
96 7 0
97 7 0
98 7 0
99 7 0
100 7 0

0 8 0
1 8 0
2 8 0
3 8 0
4 8 0
5 8 0
6 8 0
7 8 0
8 8 0
9 8 0
10 8 0
11 8 0
12 8 0
13 8 0
14 8 0
15 8 0
16 8 0
17 8 0
18 8 0
19 8 0
20 8 16.4797
21 8 16.6445
22 8 16.794
23 8 16.9285
24 8 17.0488
25 8 17.1559
26 8 17.2511
27 8 17.3353
28 8 17.4098
29 8 17.4755
30 8 17.5333
31 8 17.5841
32 8 17.6285
33 8 17.6671
34 8 17.7004
35 8 17.7289
36 8 17.753
37 8 17.7729
38 8 17.789
39 8 17.8015
40 8 17.8107
41 8 17.8168
42 8 17.8199
43 8 17.8202
44 8 17.8179
45 8 17.813
46 8 17.8059
47 8 17.7964
48 8 17.7848
49 8 17.7711
50 8 17.7554
51 8 17.7378
52 8 17.7183
53 8 17.6968
54 8 17.6735
55 8 17.6482
56 8 17.621
57 8 17.5918
58 8 17.5604
59 8 17.5269
60 8 17.4909
61 8 17.4525
62 8 17.4113
63 8 17.3673
64 8 17.3202
65 8 17.2696
66 8 17.2154
67 8 17.1572
68 8 17.0947
69 8 17.0274
70 8 16.955
71 8 16.877
72 8 16.7928
73 8 16.7019
74 8 16.6035
75 8 16.4969
76 8 16.3813
77 8 16.256
78 8 16.1201
79 8 15.9733
80 8 15.8151
81 8 0
82 8 0
83 8 0
84 8 0
85 8 0
86 8 0
87 8 0
88 8 0
89 8 0
90 8 0
91 8 0
92 8 0
93 8 0
94 8 0
95 8 0
96 8 0
97 8 0
98 8 0
99 8 0
100 8 0

0 9 0
1 9 0
2 9 0
3 9 0
4 9 0
5 9 0
6 9 0
7 9 0
8 9 0
9 9 0
10 9 0
11 9 0
12 9 0
13 9 0
14 9 0
15 9 0
16 9 0
17 9 0
18 9 0
19 9 0
20 9 16.1816
21 9 16.3434
22 9 16.4915
23 9 16.6261
24 9 16.7478
25 9 16.8572
26 9 16.9552
27 9 17.0428
28 9 17.1207
29 9 17.1899
30 9 17.2512
31 9 17.3052
32 9 17.3526
33 9 17.394
34 9 17.4297
35 9 17.4603
36 9 17.486
37 9 17.5074
38 9 17.5245
39 9 17.5378
40 9 17.5474
41 9 17.5536
42 9 17.5565
43 9 17.5563
44 9 17.5533
45 9 17.5474
46 9 17.539
47 9 17.528
48 9 17.5147
49 9 17.4991
50 9 17.4813
51 9 17.4614
52 9 17.4393
53 9 17.4152
54 9 17.389
55 9 17.3608
56 9 17.3304
57 9 17.2978
58 9 17.2629
59 9 17.2255
60 9 17.1857
61 9 17.143
62 9 17.0975
63 9 17.0487
64 9 16.9966
65 9 16.9408
66 9 16.881
67 9 16.817
68 9 16.7483
69 9 16.6747
70 9 16.5957
71 9 16.511
72 9 16.4201
73 9 16.3227
74 9 16.2182
75 9 16.1063
76 9 15.9865
77 9 15.8584
78 9 15.7218
79 9 15.5764
80 9 15.4222
81 9 0
82 9 0
83 9 0
84 9 0
85 9 0
86 9 0
87 9 0
88 9 0
89 9 0
90 9 0
91 9 0
92 9 0
93 9 0
94 9 0
95 9 0
96 9 0
97 9 0
98 9 0
99 9 0
100 9 0

0 10 0
1 10 0
2 10 0
3 10 0
4 10 0
5 10 0
6 10 0
7 10 0
8 10 0
9 10 0
10 10 0
11 10 0
12 10 0
13 10 0
14 10 0
15 10 0
16 10 0
17 10 0
18 10 0
19 10 0
20 10 15.897
21 10 16.056
22 10 16.2025
23 10 16.3367
24 10 16.459
25 10 16.5698
26 10 16.6698
27 10 16.7598
28 10 16.8404
29 10 16.9124
30 10 16.9764
31 10 17.033
32 10 17.0829
33 10 17.1264
34 10 17.1641
35 10 17.1964
36 10 17.2235
37 10 17.246
38 10 17.2639
39 10 17.2777
40 10 17.2875
41 10 17.2936
42 10 17.2962
43 10 17.2954
44 10 17.2914
45 10 17.2844
46 10 17.2746
47 10 17.2621
48 10 17.2469
49 10 17.2293
50 10 17.2093
51 10 17.187
52 10 17.1624
53 10 17.1357
54 10 17.1067
55 10 17.0754
56 10 17.0419
57 10 17.0061
58 10 16.9677
59 10 16.9268
60 10 16.8831
61 10 16.8365
62 10 16.7867
63 10 16.7335
64 10 16.6767
65 10 16.616
66 10 16.551
67 10 16.4814
68 10 16.407
69 10 16.3274
70 10 16.2422
71 10 16.1512
72 10 16.0541
73 10 15.9505
74 10 15.8404
75 10 15.7235
76 10 15.5999
77 10 15.4694
78 10 15.3322
79 10 15.1884
80 10 15.038
81 10 0
82 10 0
83 10 0
84 10 0
85 10 0
86 10 0
87 10 0
88 10 0
89 10 0
90 10 0
91 10 0
92 10 0
93 10 0
94 10 0
95 10 0
96 10 0
97 10 0
98 10 0
99 10 0
100 10 0

0 11 0
1 11 0
2 11 0
3 11 0
4 11 0
5 11 0
6 11 0
7 11 0
8 11 0
9 11 0
10 11 0
11 11 0
12 11 0
13 11 0
14 11 0
15 11 0
16 11 0
17 11 0
18 11 0
19 11 0
20 11 15.6248
21 11 15.7811
22 11 15.9259
23 11 16.0593
24 11 16.1816
25 11 16.2932
26 11 16.3945
27 11 16.4862
28 11 16.5688
29 11 16.6428
30 11 16.7089
31 11 16.7676
32 11 16.8194
33 11 16.8647
34 11 16.9039
35 11 16.9375
36 11 16.9658
37 11 16.989
38 11 17.0076
39 11 17.0216
40 11 17.0314
41 11 17.0372
42 11 17.0392
43 11 17.0376
44 11 17.0326
45 11 17.0243
46 11 17.0129
47 11 16.9987
48 11 16.9816
49 11 16.9619
50 11 16.9396
51 11 16.9149
52 11 16.8878
53 11 16.8583
54 11 16.8266
55 11 16.7924
56 11 16.7559
57 11 16.7168
58 11 16.6752
59 11 16.6308
60 11 16.5835
61 11 16.5331
62 11 16.4794
63 11 16.422
64 11 16.3608
65 11 16.2953
66 11 16.2254
67 11 16.1507
68 11 16.0709
69 11 15.9856
70 11 15.8945
71 11 15.7975
72 11 15.6944
73 11 15.585
74 11 15.4693
75 11 15.3476
76 11 15.2201
77 11 15.0872
78 11 14.9493
79 11 14.807
80 11 14.6604
81 11 0
82 11 0
83 11 0
84 11 0
85 11 0
86 11 0
87 11 0
88 11 0
89 11 0
90 11 0
91 11 0
92 11 0
93 11 0
94 11 0
95 11 0
96 11 0
97 11 0
98 11 0
99 11 0
100 11 0

0 12 0
1 12 0
2 12 0
3 12 0
4 12 0
5 12 0
6 12 0
7 12 0
8 12 0
9 12 0
10 12 0
11 12 0
12 12 0
13 12 0
14 12 0
15 12 0
16 12 0
17 12 0
18 12 0
19 12 0
20 12 15.364
21 12 15.5176
22 12 15.6606
23 12 15.793
24 12 15.915
25 12 16.0268
26 12 16.1289
27 12 16.2217
28 12 16.3056
29 12 16.3812
30 12 16.4489
31 12 16.5091
32 12 16.5624
33 12 16.609
34 12 16.6495
35 12 16.684
36 12 16.7131
37 12 16.7368
38 12 16.7556
39 12 16.7697
40 12 16.7793
41 12 16.7846
42 12 16.7859
43 12 16.7833
44 12 16.777
45 12 16.7672
46 12 16.7542
47 12 16.7381
48 12 16.7189
49 12 16.697
50 12 16.6724
51 12 16.6452
52 12 16.6155
53 12 16.5834
54 12 16.5488
55 12 16.5118
56 12 16.4723
57 12 16.4302
58 12 16.3854
59 12 16.3378
60 12 16.2871
61 12 16.2331
62 12 16.1757
63 12 16.1144
64 12 16.049
65 12 15.9792
66 12 15.9047
67 12 15.8252
68 12 15.7402
69 12 15.6495
70 12 15.5529
71 12 15.45
72 12 15.341
73 12 15.2257
74 12 15.1044
75 12 14.9775
76 12 14.8457
77 12 14.7099
78 12 14.571
79 12 14.4298
80 12 14.2869
81 12 0
82 12 0
83 12 0
84 12 0
85 12 0
86 12 0
87 12 0
88 12 0
89 12 0
90 12 0
91 12 0
92 12 0
93 12 0
94 12 0
95 12 0
96 12 0
97 12 0
98 12 0
99 12 0
100 12 0

0 13 0
1 13 0
2 13 0
3 13 0
4 13 0
5 13 0
6 13 0
7 13 0
8 13 0
9 13 0
10 13 0
11 13 0
12 13 0
13 13 0
14 13 0
15 13 0
16 13 0
17 13 0
18 13 0
19 13 0
20 13 15.1136
21 13 15.2648
22 13 15.4059
23 13 15.5371
24 13 15.6585
25 13 15.7702
26 13 15.8727
27 13 15.9661
28 13 16.0509
29 13 16.1275
30 13 16.1963
31 13 16.2576
32 13 16.3119
33 13 16.3596
34 13 16.4008
35 13 16.4361
36 13 16.4656
37 13 16.4896
38 13 16.5085
39 13 16.5223
40 13 16.5315
41 13 16.5361
42 13 16.5364
43 13 16.5326
44 13 16.5249
45 13 16.5135
46 13 16.4986
47 13 16.4804
48 13 16.4591
49 13 16.4348
50 13 16.4077
51 13 16.378
52 13 16.3457
53 13 16.3108
54 13 16.2735
55 13 16.2337
56 13 16.1913
57 13 16.1463
58 13 16.0985
59 13 16.0478
60 13 15.9939
61 13 15.9367
62 13 15.8757
63 13 15.8108
64 13 15.7417
65 13 15.6679
66 13 15.5891
67 13 15.505
68 13 15.4152
69 13 15.3194
70 13 15.2173
71 13 15.1088
72 13 14.9938
73 13 14.8724
74 13 14.745
75 13 14.6123
76 13 14.4753
77 13 14.3357
78 13 14.1948
79 13 14.0543
80 13 13.9152
81 13 0
82 13 0
83 13 0
84 13 0
85 13 0
86 13 0
87 13 0
88 13 0
89 13 0
90 13 0
91 13 0
92 13 0
93 13 0
94 13 0
95 13 0
96 13 0
97 13 0
98 13 0
99 13 0
100 13 0

0 14 0
1 14 0
2 14 0
3 14 0
4 14 0
5 14 0
6 14 0
7 14 0
8 14 0
9 14 0
10 14 0
11 14 0
12 14 0
13 14 0
14 14 0
15 14 0
16 14 0
17 14 0
18 14 0
19 14 0
20 14 14.8732
21 14 15.0219
22 14 15.1612
23 14 15.2911
24 14 15.4116
25 14 15.523
26 14 15.6254
27 14 15.719
28 14 15.8043
29 14 15.8816
30 14 15.9511
31 14 16.0132
32 14 16.0682
33 14 16.1165
34 14 16.1583
35 14 16.1939
36 14 16.2236
37 14 16.2477
38 14 16.2663
39 14 16.2797
40 14 16.2882
41 14 16.2918
42 14 16.291
43 14 16.2858
44 14 16.2765
45 14 16.2632
46 14 16.2463
47 14 16.2259
48 14 16.2022
49 14 16.1754
50 14 16.1458
51 14 16.1134
52 14 16.0783
53 14 16.0407
54 14 16.0007
55 14 15.9581
56 14 15.9129
57 14 15.8651
58 14 15.8145
59 14 15.7609
60 14 15.7041
61 14 15.6438
62 14 15.5798
63 14 15.5116
64 14 15.439
65 14 15.3615
66 14 15.2788
67 14 15.1905
68 14 15.0962
69 14 14.9956
70 14 14.8883
71 14 14.7741
72 14 14.653
73 14 14.5251
74 14 14.3908
75 14 14.2513
76 14 14.1078
77 14 13.9626
78 14 13.8183
79 14 13.6776
80 14 13.5422
81 14 0
82 14 0
83 14 0
84 14 0
85 14 0
86 14 0
87 14 0
88 14 0
89 14 0
90 14 0
91 14 0
92 14 0
93 14 0
94 14 0
95 14 0
96 14 0
97 14 0
98 14 0
99 14 0
100 14 0

0 15 0
1 15 0
2 15 0
3 15 0
4 15 0
5 15 0
6 15 0
7 15 0
8 15 0
9 15 0
10 15 0
11 15 0
12 15 0
13 15 0
14 15 0
15 15 0
16 15 0
17 15 0
18 15 0
19 15 0
20 15 14.6421
21 15 14.7885
22 15 14.926
23 15 15.0544
24 15 15.174
25 15 15.2847
26 15 15.3868
27 15 15.4804
28 15 15.5659
29 15 15.6434
30 15 15.7133
31 15 15.7758
32 15 15.8312
33 15 15.8798
34 15 15.9219
35 15 15.9576
36 15 15.9873
37 15 16.0111
38 15 16.0293
39 15 16.042
40 15 16.0496
41 15 16.0522
42 15 16.0499
43 15 16.0431
44 15 16.032
45 15 16.0167
46 15 15.9975
47 15 15.9747
48 15 15.9484
49 15 15.919
50 15 15.8866
51 15 15.8514
52 15 15.8135
53 15 15.7732
54 15 15.7304
55 15 15.6851
56 15 15.6372
57 15 15.5868
58 15 15.5336
59 15 15.4773
60 15 15.4179
61 15 15.3548
62 15 15.2879
63 15 15.2168
64 15 15.1411
65 15 15.0603
66 15 14.9741
67 15 14.882
68 15 14.7836
69 15 14.6784
70 15 14.5661
71 15 14.4464
72 15 14.319
73 15 14.1841
74 15 14.0421
75 15 13.8941
76 15 13.742
77 15 13.5886
78 15 13.4383
79 15 13.2955
80 15 13.1639
81 15 0
82 15 0
83 15 0
84 15 0
85 15 0
86 15 0
87 15 0
88 15 0
89 15 0
90 15 0
91 15 0
92 15 0
93 15 0
94 15 0
95 15 0
96 15 0
97 15 0
98 15 0
99 15 0
100 15 0

0 16 0
1 16 0
2 16 0
3 16 0
4 16 0
5 16 0
6 16 0
7 16 0
8 16 0
9 16 0
10 16 0
11 16 0
12 16 0
13 16 0
14 16 0
15 16 0
16 16 0
17 16 0
18 16 0
19 16 0
20 16 14.4199
21 16 14.5641
22 16 14.6997
23 16 14.8267
24 16 14.9451
25 16 15.055
26 16 15.1566
27 16 15.25
28 16 15.3353
29 16 15.4129
30 16 15.4829
31 16 15.5455
32 16 15.6011
33 16 15.6498
34 16 15.6918
35 16 15.7274
36 16 15.7568
37 16 15.7802
38 16 15.7977
39 16 15.8096
40 16 15.8161
41 16 15.8173
42 16 15.8135
43 16 15.8048
44 16 15.7916
45 16 15.774
46 16 15.7524
47 16 15.7269
48 16 15.6978
49 16 15.6655
50 16 15.6302
51 16 15.592
52 16 15.5513
53 16 15.5081
54 16 15.4625
55 16 15.4146
56 16 15.3642
57 16 15.3113
58 16 15.2556
59 16 15.197
60 16 15.1351
61 16 15.0697
62 16 15.0003
63 16 14.9267
64 16 14.8482
65 16 14.7646
66 16 14.6754
67 16 14.5799
68 16 14.4778
69 16 14.3684
70 16 14.2514
71 16 14.1262
72 16 13.9925
73 16 13.8502
74 16 13.6994
75 16 13.5411
76 16 13.3773
77 16 13.2117
78 16 13.0506
79 16 12.9023
80 16 12.7746
81 16 0
82 16 0
83 16 0
84 16 0
85 16 0
86 16 0
87 16 0
88 16 0
89 16 0
90 16 0
91 16 0
92 16 0
93 16 0
94 16 0
95 16 0
96 16 0
97 16 0
98 16 0
99 16 0
100 16 0

0 17 0
1 17 0
2 17 0
3 17 0
4 17 0
5 17 0
6 17 0
7 17 0
8 17 0
9 17 0
10 17 0
11 17 0
12 17 0
13 17 0
14 17 0
15 17 0
16 17 0
17 17 0
18 17 0
19 17 0
20 17 14.2061
21 17 14.3482
22 17 14.482
23 17 14.6075
24 17 14.7248
25 17 14.8338
26 17 14.9346
27 17 15.0275
28 17 15.1126
29 17 15.1899
30 17 15.2598
31 17 15.3224
32 17 15.3778
33 17 15.4264
34 17 15.4682
35 17 15.5034
36 17 15.5323
37 17 15.5551
38 17 15.5718
39 17 15.5826
40 17 15.5878
41 17 15.5875
42 17 15.5818
43 17 15.5712
44 17 15.5556
45 17 15.5355
46 17 15.5111
47 17 15.4826
48 17 15.4505
49 17 15.415
50 17 15.3765
51 17 15.3353
52 17 15.2915
53 17 15.2454
54 17 15.1971
55 17 15.1465
56 17 15.0937
57 17 15.0385
58 17 14.9806
59 17 14.9199
60 17 14.8559
61 17 14.7885
62 17 14.7171
63 17 14.6413
64 17 14.5606
65 17 14.4746
66 17 14.3827
67 17 14.2844
68 17 14.1791
69 17 14.0661
70 17 13.9448
71 17 13.8146
72 17 13.6747
73 17 13.5247
74 17 13.3643
75 17 13.1937
76 17 13.0144
77 17 12.8304
78 17 12.65
79 17 12.4886
80 17 12.365
81 17 0
82 17 0
83 17 0
84 17 0
85 17 0
86 17 0
87 17 0
88 17 0
89 17 0
90 17 0
91 17 0
92 17 0
93 17 0
94 17 0
95 17 0
96 17 0
97 17 0
98 17 0
99 17 0
100 17 0

0 18 0
1 18 0
2 18 0
3 18 0
4 18 0
5 18 0
6 18 0
7 18 0
8 18 0
9 18 0
10 18 0
11 18 0
12 18 0
13 18 0
14 18 0
15 18 0
16 18 0
17 18 0
18 18 0
19 18 0
20 18 14.0006
21 18 14.1406
22 18 14.2726
23 18 14.3966
24 18 14.5126
25 18 14.6206
26 18 14.7207
27 18 14.8129
28 18 14.8975
29 18 14.9745
30 18 15.044
31 18 15.1063
32 18 15.1615
33 18 15.2097
34 18 15.2511
35 18 15.2858
36 18 15.3141
37 18 15.336
38 18 15.3517
39 18 15.3613
40 18 15.365
41 18 15.3629
42 18 15.3553
43 18 15.3423
44 18 15.3242
45 18 15.3013
46 18 15.2738
47 18 15.2421
48 18 15.2066
49 18 15.1676
50 18 15.1257
51 18 15.0811
52 18 15.0341
53 18 14.985
54 18 14.9339
55 18 14.8808
56 18 14.8256
57 18 14.7683
58 18 14.7085
59 18 14.646
60 18 14.5803
61 18 14.5112
62 18 14.4382
63 18 14.3607
64 18 14.2783
65 18 14.1905
66 18 14.0966
67 18 13.996
68 18 13.8881
69 18 13.7721
70 18 13.6472
71 18 13.5125
72 18 13.3671
73 18 13.2097
74 18 13.0393
75 18 12.855
76 18 12.6563
77 18 12.4453
78 18 12.2306
79 18 12.0372
80 18 11.918
81 18 0
82 18 0
83 18 0
84 18 0
85 18 0
86 18 0
87 18 0
88 18 0
89 18 0
90 18 0
91 18 0
92 18 0
93 18 0
94 18 0
95 18 0
96 18 0
97 18 0
98 18 0
99 18 0
100 18 0

0 19 0
1 19 0
2 19 0
3 19 0
4 19 0
5 19 0
6 19 0
7 19 0
8 19 0
9 19 0
10 19 0
11 19 0
12 19 0
13 19 0
14 19 0
15 19 0
16 19 0
17 19 0
18 19 0
19 19 0
20 19 13.803
21 19 13.941
22 19 14.0713
23 19 14.1938
24 19 14.3085
25 19 14.4154
26 19 14.5146
27 19 14.6061
28 19 14.69
29 19 14.7664
30 19 14.8355
31 19 14.8974
32 19 14.9521
33 19 14.9998
34 19 15.0407
35 19 15.0748
36 19 15.1022
37 19 15.1231
38 19 15.1376
39 19 15.1459
40 19 15.1479
41 19 15.144
42 19 15.1341
43 19 15.1186
44 19 15.0977
45 19 15.0716
46 19 15.0407
47 19 15.0053
48 19 14.966
49 19 14.9232
50 19 14.8775
51 19 14.8292
52 19 14.7788
53 19 14.7265
54 19 14.6726
55 19 14.6171
56 19 14.5598
57 19 14.5005
58 19 14.4391
59 19 14.3751
60 19 14.3082
61 19 14.2379
62 19 14.1637
63 19 14.0851
64 19 14.0015
65 19 13.9124
66 19 13.8171
67 19 13.715
68 19 13.6052
69 19 13.4871
70 19 13.3595
71 19 13.2213
72 19 13.0713
73 19 12.9077
74 19 12.7284
75 19 12.5306
76 19 12.3105
77 19 12.064
78 19 11.7898
79 19 11.5116
80 19 11.3976
81 19 0
82 19 0
83 19 0
84 19 0
85 19 0
86 19 0
87 19 0
88 19 0
89 19 0
90 19 0
91 19 0
92 19 0
93 19 0
94 19 0
95 19 0
96 19 0
97 19 0
98 19 0
99 19 0
100 19 0

0 20 0
1 20 0
2 20 0
3 20 0
4 20 0
5 20 0
6 20 0
7 20 0
8 20 0
9 20 0
10 20 0
11 20 0
12 20 0
13 20 0
14 20 0
15 20 0
16 20 0
17 20 0
18 20 0
19 20 0
20 20 13.613
21 20 13.7492
22 20 13.8778
23 20 13.9987
24 20 14.1121
25 20 14.2179
26 20 14.3161
27 20 14.4068
28 20 14.49
29 20 14.5658
30 20 14.6343
31 20 14.6956
32 20 14.7497
33 20 14.7968
34 20 14.837
35 20 14.8703
36 20 14.8968
37 20 14.9167
38 20 14.9299
39 20 14.9366
40 20 14.9369
41 20 14.9309
42 20 14.9186
43 20 14.9004
44 20 14.8763
45 20 14.8467
46 20 14.812
47 20 14.7725
48 20 14.729
49 20 14.6819
50 20 14.6318
51 20 14.5795
52 20 14.5254
53 20 14.4698
54 20 14.413
55 20 14.3551
56 20 14.2958
57 20 14.235
58 20 14.1723
59 20 14.1073
60 20 14.0395
61 20 13.9685
62 20 13.8936
63 20 13.8144
64 20 13.7302
65 20 13.6405
66 20 13.5445
67 20 13.4415
68 20 13.3308
69 20 13.2114
70 20 13.0822
71 20 12.942
72 20 12.7891
73 20 12.6214
74 20 12.436
75 20 12.2284
76 20 11.9912
77 20 11.7104
78 20 11.3529
79 20 10.8217
80 20 9.76556
81 20 9.80561
82 20 9.60051
83 20 9.42469
84 20 9.27614
85 20 9.1527
86 20 9.05267
87 20 8.97477
88 20 8.91812
89 20 8.88207
90 20 8.86622
91 20 8.8703
92 20 8.89419
93 20 8.93791
94 20 9.00165
95 20 9.08582
96 20 9.19126
97 20 9.3196
98 20 9.47416
99 20 9.66216
100 20 9.90099

0 21 0
1 21 0
2 21 0
3 21 0
4 21 0
5 21 0
6 21 0
7 21 0
8 21 0
9 21 0
10 21 0
11 21 0
12 21 0
13 21 0
14 21 0
15 21 0
16 21 0
17 21 0
18 21 0
19 21 0
20 21 13.4305
21 21 13.5649
22 21 13.6918
23 21 13.8113
24 21 13.9234
25 21 14.028
26 21 14.1252
27 21 14.215
28 21 14.2974
29 21 14.3725
30 21 14.4403
31 21 14.5009
32 21 14.5544
33 21 14.6008
34 21 14.6402
35 21 14.6726
36 21 14.6982
37 21 14.7169
38 21 14.7287
39 21 14.7338
40 21 14.7322
41 21 14.724
42 21 14.7092
43 21 14.6879
44 21 14.6604
45 21 14.627
46 21 14.588
47 21 14.5439
48 21 14.4955
49 21 14.4434
50 21 14.3885
51 21 14.3316
52 21 14.2733
53 21 14.2143
54 21 14.1546
55 21 14.0944
56 21 14.0334
57 21 13.9714
58 21 13.9078
59 21 13.8422
60 21 13.7741
61 21 13.7029
62 21 13.6279
63 21 13.5487
64 21 13.4646
65 21 13.3748
66 21 13.2789
67 21 13.1759
68 21 13.0651
69 21 12.9455
70 21 12.816
71 21 12.6753
72 21 12.5217
73 21 12.3529
74 21 12.1657
75 21 11.9557
76 21 11.7155
77 21 11.4335
78 21 11.0899
79 21 10.6568
80 21 10.1391
81 21 9.90367
82 21 9.69651
83 21 9.51894
84 21 9.3689
85 21 9.24423
86 21 9.1432
87 21 9.06452
88 21 9.0073
89 21 8.9709
90 21 8.95489
91 21 8.95901
92 21 8.98314
93 21 9.02729
94 21 9.09167
95 21 9.17668
96 21 9.28317
97 21 9.4128
98 21 9.5689
99 21 9.75878
100 21 10

0 22 0
1 22 0
2 22 0
3 22 0
4 22 0
5 22 0
6 22 0
7 22 0
8 22 0
9 22 0
10 22 0
11 22 0
12 22 0
13 22 0
14 22 0
15 22 0
16 22 0
17 22 0
18 22 0
19 22 0
20 22 13.2554
21 22 13.3879
22 22 13.5133
23 22 13.6313
24 22 13.7421
25 22 13.8456
26 22 13.9417
27 22 14.0305
28 22 14.1121
29 22 14.1864
30 22 14.2535
31 22 14.3134
32 22 14.3661
33 22 14.4118
34 22 14.4503
35 22 14.4819
36 22 14.5064
37 22 14.5239
38 22 14.5343
39 22 14.5378
40 22 14.5342
41 22 14.5237
42 22 14.5061
43 22 14.4817
44 22 14.4505
45 22 14.4129
46 22 14.3691
47 22 14.3197
48 22 14.2656
49 22 14.2077
50 22 14.1471
51 22 14.085
52 22 14.0222
53 22 13.9594
54 22 13.8968
55 22 13.8345
56 22 13.7722
57 22 13.7093
58 22 13.6453
59 22 13.5797
60 22 13.5118
61 22 13.441
62 22 13.3666
63 22 13.2879
64 22 13.2045
65 22 13.1155
66 22 13.0202
67 22 12.9181
68 22 12.8081
69 22 12.6895
70 22 12.5611
71 22 12.4216
72 22 12.2695
73 22 12.1027
74 22 11.9184
75 22 11.7131
76 22 11.4818
77 22 11.2182
78 22 10.9162
79 22 10.5767
80 22 10.2303
81 22 9.97348
82 22 9.76296
83 22 9.58565
84 22 9.43631
85 22 9.31214
86 22 9.21137
87 22 9.13283
88 22 9.07567
89 22 9.03933
90 22 9.02342
91 22 9.0277
92 22 9.05205
93 22 9.09647
94 22 9.16105
95 22 9.24606
96 22 9.35196
97 22 9.47952
98 22 9.62986
99 22 9.80406
100 22 10

0 23 0
1 23 0
2 23 0
3 23 0
4 23 0
5 23 0
6 23 0
7 23 0
8 23 0
9 23 0
10 23 0
11 23 0
12 23 0
13 23 0
14 23 0
15 23 0
16 23 0
17 23 0
18 23 0
19 23 0
20 23 13.0873
21 23 13.2182
22 23 13.342
23 23 13.4587
24 23 13.5682
25 23 13.6705
26 23 13.7655
27 23 13.8534
28 23 13.9341
29 23 14.0075
30 23 14.0738
31 23 14.133
32 23 14.185
33 23 14.2298
34 23 14.2676
35 23 14.2982
36 23 14.3216
37 23 14.3379
38 23 14.3469
39 23 14.3487
40 23 14.3432
41 23 14.3303
42 23 14.31
43 23 14.2822
44 23 14.2471
45 23 14.2049
46 23 14.1557
47 23 14.1003
48 23 14.0396
49 23 13.9747
50 23 13.9074
51 23 13.839
52 23 13.771
53 23 13.7042
54 23 13.6388
55 23 13.5747
56 23 13.5114
57 23 13.4483
58 23 13.3845
59 23 13.3195
60 23 13.2525
61 23 13.1827
62 23 13.1094
63 23 13.032
64 23 12.9499
65 23 12.8623
66 23 12.7686
67 23 12.668
68 23 12.5599
69 23 12.4433
70 23 12.3172
71 23 12.1806
72 23 12.032
73 23 11.8699
74 23 11.6922
75 23 11.4965
76 23 11.2803
77 23 11.0414
78 23 10.7801
79 23 10.5034
80 23 10.2318
81 23 9.99705
82 23 9.79618
83 23 9.62441
84 23 9.47856
85 23 9.35664
86 23 9.25734
87 23 9.17975
88 23 9.12323
89 23 9.08734
90 23 9.07178
91 23 9.07634
92 23 9.10092
93 23 9.14547
94 23 9.21
95 23 9.29454
96 23 9.39909
97 23 9.52345
98 23 9.66697
99 23 9.8276
100 23 10

0 24 0
1 24 0
2 24 0
3 24 0
4 24 0
5 24 0
6 24 0
7 24 0
8 24 0
9 24 0
10 24 0
11 24 0
12 24 0
13 24 0
14 24 0
15 24 0
16 24 0
17 24 0
18 24 0
19 24 0
20 24 12.9263
21 24 13.0556
22 24 13.1779
23 24 13.2932
24 24 13.4014
25 24 13.5025
26 24 13.5966
27 24 13.6835
28 24 13.7632
29 24 13.8359
30 24 13.9014
31 24 13.9597
32 24 14.0109
33 24 14.055
34 24 14.0919
35 24 14.1216
36 24 14.144
37 24 14.1591
38 24 14.1668
39 24 14.167
40 24 14.1596
41 24 14.1444
42 24 14.1213
43 24 14.0902
44 24 14.051
45 24 14.0037
46 24 13.9486
47 24 13.8863
48 24 13.8176
49 24 13.7443
50 24 13.6686
51 24 13.5927
52 24 13.5187
53 24 13.4476
54 24 13.3796
55 24 13.3141
56 24 13.2505
57 24 13.1878
58 24 13.1251
59 24 13.0614
60 24 12.9959
61 24 12.9278
62 24 12.8564
63 24 12.7809
64 24 12.7008
65 24 12.6153
66 24 12.5238
67 24 12.4256
68 24 12.3201
69 24 12.2065
70 24 12.0839
71 24 11.9515
72 24 11.8082
73 24 11.6527
74 24 11.4839
75 24 11.3005
76 24 11.1015
77 24 10.887
78 24 10.6594
79 24 10.4252
80 24 10.1964
81 24 9.98678
82 24 9.80032
83 24 9.63724
84 24 9.49688
85 24 9.37853
86 24 9.2816
87 24 9.2056
88 24 9.15017
89 24 9.11503
90 24 9.10001
91 24 9.10496
92 24 9.12981
93 24 9.17449
94 24 9.23895
95 24 9.32303
96 24 9.42639
97 24 9.54824
98 24 9.68696
99 24 9.83939
100 24 10

0 25 0
1 25 0
2 25 0
3 25 0
4 25 0
5 25 0
6 25 0
7 25 0
8 25 0
9 25 0
10 25 0
11 25 0
12 25 0
13 25 0
14 25 0
15 25 0
16 25 0
17 25 0
18 25 0
19 25 0
20 25 12.7722
21 25 12.8999
22 25 13.0208
23 25 13.1348
24 25 13.2418
25 25 13.3418
26 25 13.4347
27 25 13.5207
28 25 13.5995
29 25 13.6713
30 25 13.736
31 25 13.7936
32 25 13.8441
33 25 13.8874
34 25 13.9235
35 25 13.9523
36 25 13.9738
37 25 13.9878
38 25 13.9942
39 25 13.9929
40 25 13.9837
41 25 13.9663
42 25 13.9406
43 25 13.9062
44 25 13.8628
45 25 13.8104
46 25 13.7488
47 25 13.6785
48 25 13.6004
49 25 13.5164
50 25 13.4298
51 25 13.3446
52 25 13.2636
53 25 13.188
54 25 13.1177
55 25 13.0517
56 25 12.9887
57 25 12.9274
58 25 12.8665
59 25 12.805
60 25 12.7419
61 25 12.6763
62 25 12.6074
63 25 12.5345
64 25 12.457
65 25 12.3742
66 25 12.2856
67 25 12.1906
68 25 12.0885
69 25 11.9787
70 25 11.8605
71 25 11.7333
72 25 11.5964
73 25 11.4489
74 25 11.2903
75 25 11.12
76 25 10.9382
77 25 10.7457
78 25 10.5452
79 25 10.3416
80 25 10.1418
81 25 9.95337
82 25 9.7811
83 25 9.62736
84 25 9.49319
85 25 9.37902
86 25 9.28493
87 25 9.21088
88 25 9.15681
89 25 9.12263
90 25 9.10827
91 25 9.11369
92 25 9.13886
93 25 9.18375
94 25 9.24828
95 25 9.33225
96 25 9.43521
97 25 9.55617
98 25 9.69323
99 25 9.84298
100 25 10

0 26 0
1 26 0
2 26 0
3 26 0
4 26 0
5 26 0
6 26 0
7 26 0
8 26 0
9 26 0
10 26 0
11 26 0
12 26 0
13 26 0
14 26 0
15 26 0
16 26 0
17 26 0
18 26 0
19 26 0
20 26 12.6249
21 26 12.7511
22 26 12.8706
23 26 12.9833
24 26 13.0891
25 26 13.188
26 26 13.28
27 26 13.3649
28 26 13.4429
29 26 13.5139
30 26 13.5778
31 26 13.6347
32 26 13.6844
33 26 13.727
34 26 13.7623
35 26 13.7903
36 26 13.811
37 26 13.824
38 26 13.8294
39 26 13.8268
40 26 13.816
41 26 13.7967
42 26 13.7686
43 26 13.7311
44 26 13.6838
45 26 13.6262
46 26 13.5578
47 26 13.4785
48 26 13.3889
49 26 13.2911
50 26 13.1898
51 26 13.0922
52 26 13.003
53 26 12.9231
54 26 12.8515
55 26 12.7862
56 26 12.7252
57 26 12.6665
58 26 12.6087
59 26 12.5503
60 26 12.4904
61 26 12.4281
62 26 12.3624
63 26 12.2927
64 26 12.2185
65 26 12.1391
66 26 12.0539
67 26 11.9626
68 26 11.8645
69 26 11.7592
70 26 11.6462
71 26 11.525
72 26 11.3951
73 26 11.2563
74 26 11.1083
75 26 10.9512
76 26 10.7855
77 26 10.6125
78 26 10.4343
79 26 10.2541
80 26 10.0757
81 26 9.90384
82 26 9.74337
83 26 9.59789
84 26 9.46953
85 26 9.35943
86 26 9.26821
87 26 9.1962
88 26 9.14357
89 26 9.1104
90 26 9.09675
91 26 9.10267
92 26 9.1282
93 26 9.17337
94 26 9.23816
95 26 9.32249
96 26 9.42602
97 26 9.548
98 26 9.68681
99 26 9.83932
100 26 10

0 27 0
1 27 0
2 27 0
3 27 0
4 27 0
5 27 0
6 27 0
7 27 0
8 27 0
9 27 0
10 27 0
11 27 0
12 27 0
13 27 0
14 27 0
15 27 0
16 27 0
17 27 0
18 27 0
19 27 0
20 27 12.4842
21 27 12.6091
22 27 12.7273
23 27 12.8387
24 27 12.9434
25 27 13.0412
26 27 13.1321
27 27 13.2162
28 27 13.2933
29 27 13.3635
30 27 13.4267
31 27 13.4828
32 27 13.5319
33 27 13.5738
34 27 13.6085
35 27 13.6358
36 27 13.6557
37 27 13.668
38 27 13.6724
39 27 13.6688
40 27 13.6568
41 27 13.636
42 27 13.6059
43 27 13.5658
44 27 13.5151
45 27 13.4528
46 27 13.3777
47 27 13.2889
48 27 13.1857
49 27 13.0693
50 27 12.946
51 27 12.8315
52 27 12.733
53 27 12.65
54 27 12.579
55 27 12.5165
56 27 12.4593
57 27 12.4048
58 27 12.3513
59 27 12.2972
60 27 12.2415
61 27 12.1831
62 27 12.1214
63 27 12.0556
64 27 11.9852
65 27 11.9096
66 27 11.8285
67 27 11.7414
68 27 11.6478
69 27 11.5475
70 27 11.44
71 27 11.3252
72 27 11.2029
73 27 11.0729
74 27 10.9354
75 27 10.7909
76 27 10.6401
77 27 10.4844
78 27 10.3254
79 27 10.1647
80 27 10.0033
81 27 9.8429
82 27 9.69065
83 27 9.55133
84 27 9.4276
85 27 9.32096
86 27 9.2323
87 27 9.16216
88 27 9.11087
89 27 9.07865
90 27 9.06567
91 27 9.07204
92 27 9.0979
93 27 9.14336
94 27 9.20853
95 27 9.29352
96 27 9.39839
97 27 9.523
98 27 9.66669
99 27 9.82747
100 27 10

0 28 0
1 28 0
2 28 0
3 28 0
4 28 0
5 28 0
6 28 0
7 28 0
8 28 0
9 28 0
10 28 0
11 28 0
12 28 0
13 28 0
14 28 0
15 28 0
16 28 0
17 28 0
18 28 0
19 28 0
20 28 12.3502
21 28 12.4737
22 28 12.5906
23 28 12.7009
24 28 12.8044
25 28 12.9012
26 28 12.9912
27 28 13.0744
28 28 13.1507
29 28 13.2201
30 28 13.2826
31 28 13.3381
32 28 13.3865
33 28 13.4278
34 28 13.4619
35 28 13.4887
36 28 13.5081
37 28 13.5198
38 28 13.5236
39 28 13.5193
40 28 13.5064
41 28 13.4846
42 28 13.4531
43 28 13.4113
44 28 13.3581
45 28 13.2921
46 28 13.2114
47 28 13.1137
48 28 12.9956
49 28 12.8543
50 28 12.6935
51 28 12.5549
52 28 12.4475
53 28 12.3647
54 28 12.2982
55 28 12.2416
56 28 12.1906
57 28 12.1422
58 28 12.0945
59 28 12.0458
60 28 11.9952
61 28 11.9416
62 28 11.8844
63 28 11.823
64 28 11.757
65 28 11.6858
66 28 11.6091
67 28 11.5265
68 28 11.4379
69 28 11.3429
70 28 11.2413
71 28 11.1331
72 28 11.0182
73 28 10.8969
74 28 10.7695
75 28 10.6368
76 28 10.4998
77 28 10.3598
78 28 10.2183
79 28 10.0758
80 28 9.93002
81 28 9.77377
82 28 9.62502
83 28 9.48919
84 28 9.36858
85 28 9.26452
86 28 9.17788
87 28 9.10926
88 28 9.0591
89 28 9.02768
90 28 9.01523
91 28 9.02194
92 28 9.04801
93 28 9.09363
94 28 9.15907
95 28 9.24469
96 28 9.35102
97 28 9.4789
98 28 9.62949
99 28 9.80389
100 28 10

0 29 0
1 29 0
2 29 0
3 29 0
4 29 0
5 29 0
6 29 0
7 29 0
8 29 0
9 29 0
10 29 0
11 29 0
12 29 0
13 29 0
14 29 0
15 29 0
16 29 0
17 29 0
18 29 0
19 29 0
20 29 12.2227
21 29 12.345
22 29 12.4607
23 29 12.5698
24 29 12.6723
25 29 12.7681
26 29 12.8572
27 29 12.9395
28 29 13.015
29 29 13.0837
30 29 13.1455
31 29 13.2004
32 29 13.2483
33 29 13.2891
34 29 13.3228
35 29 13.3491
36 29 13.3681
37 29 13.3794
38 29 13.3829
39 29 13.3783
40 29 13.365
41 29 13.3427
42 29 13.3107
43 29 13.2681
44 29 13.2138
45 29 13.146
46 29 13.0623
47 29 12.9588
48 29 12.8287
49 29 12.6589
50 29 12.4189
51 29 12.2469
52 29 12.1375
53 29 12.0633
54 29 12.0074
55 29 11.9611
56 29 11.9193
57 29 11.8791
58 29 11.8386
59 29 11.7965
60 29 11.7517
61 29 11.7037
62 29 11.6516
63 29 11.5952
64 29 11.5339
65 29 11.4674
66 29 11.3955
67 29 11.3179
68 29 11.2343
69 29 11.1448
70 29 11.0492
71 29 10.9476
72 29 10.8401
73 29 10.727
74 29 10.6091
75 29 10.4871
76 29 10.3623
77 29 10.2366
78 29 10.112
79 29 9.99043
80 29 9.86717
81 29 9.69714
82 29 9.54649
83 29 9.41183
84 29 9.29302
85 29 9.19065
86 29 9.10543
87 29 9.03793
88 29 8.98859
89 29 8.95773
90 29 8.94563
91 29 8.9525
92 29 8.97857
93 29 9.02409
94 29 9.08943
95 29 9.17513
96 29 9.28212
97 29 9.4121
98 29 9.56848
99 29 9.75858
100 29 10

0 30 0
1 30 0
2 30 0
3 30 0
4 30 0
5 30 0
6 30 0
7 30 0
8 30 0
9 30 0
10 30 0
11 30 0
12 30 0
13 30 0
14 30 0
15 30 0
16 30 0
17 30 0
18 30 0
19 30 0
20 30 12.1017
21 30 12.2227
22 30 12.3373
23 30 12.4453
24 30 12.5468
25 30 12.6417
26 30 12.7299
27 30 12.8114
28 30 12.8862
29 30 12.9542
30 30 13.0154
31 30 13.0697
32 30 13.1171
33 30 13.1575
34 30 13.1908
35 30 13.217
36 30 13.2357
37 30 13.247
38 30 13.2504
39 30 13.2458
40 30 13.2327
41 30 13.2106
42 30 13.1789
43 30 13.1368
44 30 13.083
45 30 13.0158
46 30 12.933
47 30 12.8305
48 30 12.7017
49 30 12.5335
50 30 12.0762
51 30 11.8765
52 30 11.7924
53 30 11.7434
54 30 11.7072
55 30 11.676
56 30 11.6464
57 30 11.6162
58 30 11.5843
59 30 11.5497
60 30 11.5117
61 30 11.4697
62 30 11.4233
63 30 11.3722
64 30 11.316
65 30 11.2546
66 30 11.1877
67 30 11.1151
68 30 11.0368
69 30 10.9528
70 30 10.8631
71 30 10.7679
72 30 10.6674
73 30 10.5621
74 30 10.4527
75 30 10.3401
76 30 10.2259
77 30 10.1122
78 30 10.0029
79 30 9.90668
80 30 9.85111
81 30 9.60112
82 30 9.45197
83 30 9.31865
84 30 9.20101
85 30 9.09966
86 30 9.01528
87 30 8.94845
88 30 8.89959
89 30 8.86904
90 30 8.85706
91 30 8.86386
92 30 8.88967
93 30 8.93475
94 30 8.99944
95 30 9.08429
96 30 9.19022
97 30 9.31891
98 30 9.47374
99 30 9.66196
100 30 9.90099

0 31 0
1 31 0
2 31 0
3 31 0
4 31 0
5 31 0
6 31 0
7 31 0
8 31 0
9 31 0
10 31 0
11 31 0
12 31 0
13 31 0
14 31 0
15 31 0
16 31 0
17 31 0
18 31 0
19 31 0
20 31 0
21 31 0
22 31 0
23 31 0
24 31 0
25 31 0
26 31 0
27 31 0
28 31 0
29 31 0
30 31 0
31 31 0
32 31 0
33 31 0
34 31 0
35 31 0
36 31 0
37 31 0
38 31 0
39 31 0
40 31 0
41 31 0
42 31 0
43 31 0
44 31 0
45 31 0
46 31 0
47 31 0
48 31 0
49 31 0
50 31 11.2778
51 31 11.3906
52 31 11.4121
53 31 11.4106
54 31 11.4019
55 31 11.3895
56 31 11.374
57 31 11.3552
58 31 11.3328
59 31 11.3063
60 31 11.2756
61 31 11.2401
62 31 11.1998
63 31 11.1543
64 31 11.1035
65 31 11.0472
66 31 10.9854
67 31 10.9181
68 31 10.8451
69 31 10.7666
70 31 10.6826
71 31 10.5935
72 31 10.4996
73 31 10.4013
74 31 10.2994
75 31 10.1949
76 31 10.089
77 31 9.98343
78 31 9.88053
79 31 9.78235
80 31 9.6855
81 31 0
82 31 0
83 31 0
84 31 0
85 31 0
86 31 0
87 31 0
88 31 0
89 31 0
90 31 0
91 31 0
92 31 0
93 31 0
94 31 0
95 31 0
96 31 0
97 31 0
98 31 0
99 31 0
100 31 0

0 32 0
1 32 0
2 32 0
3 32 0
4 32 0
5 32 0
6 32 0
7 32 0
8 32 0
9 32 0
10 32 0
11 32 0
12 32 0
13 32 0
14 32 0
15 32 0
16 32 0
17 32 0
18 32 0
19 32 0
20 32 0
21 32 0
22 32 0
23 32 0
24 32 0
25 32 0
26 32 0
27 32 0
28 32 0
29 32 0
30 32 0
31 32 0
32 32 0
33 32 0
34 32 0
35 32 0
36 32 0
37 32 0
38 32 0
39 32 0
40 32 0
41 32 0
42 32 0
43 32 0
44 32 0
45 32 0
46 32 0
47 32 0
48 32 0
49 32 0
50 32 10.8872
51 32 10.9961
52 32 11.0547
53 32 11.0852
54 32 11.1004
55 32 11.1061
56 32 11.1048
57 32 11.0978
58 32 11.0852
59 32 11.0674
60 32 11.0441
61 32 11.0155
62 32 10.9814
63 32 10.9417
64 32 10.8964
65 32 10.8454
66 32 10.7888
67 32 10.7266
68 32 10.6589
69 32 10.5857
70 32 10.5073
71 32 10.424
72 32 10.3361
73 32 10.2442
74 32 10.1488
75 32 10.051
76 32 9.95165
77 32 9.85206
78 32 9.75348
79 32 9.65672
80 32 9.56111
81 32 0
82 32 0
83 32 0
84 32 0
85 32 0
86 32 0
87 32 0
88 32 0
89 32 0
90 32 0
91 32 0
92 32 0
93 32 0
94 32 0
95 32 0
96 32 0
97 32 0
98 32 0
99 32 0
100 32 0

0 33 0
1 33 0
2 33 0
3 33 0
4 33 0
5 33 0
6 33 0
7 33 0
8 33 0
9 33 0
10 33 0
11 33 0
12 33 0
13 33 0
14 33 0
15 33 0
16 33 0
17 33 0
18 33 0
19 33 0
20 33 0
21 33 0
22 33 0
23 33 0
24 33 0
25 33 0
26 33 0
27 33 0
28 33 0
29 33 0
30 33 0
31 33 0
32 33 0
33 33 0
34 33 0
35 33 0
36 33 0
37 33 0
38 33 0
39 33 0
40 33 0
41 33 0
42 33 0
43 33 0
44 33 0
45 33 0
46 33 0
47 33 0
48 33 0
49 33 0
50 33 10.5463
51 33 10.6518
52 33 10.7254
53 33 10.7751
54 33 10.8083
55 33 10.8296
56 33 10.8416
57 33 10.8458
58 33 10.8431
59 33 10.8338
60 33 10.8182
61 33 10.7964
62 33 10.7685
63 33 10.7347
64 33 10.6949
65 33 10.6493
66 33 10.5979
67 33 10.5407
68 33 10.4781
69 33 10.4101
70 33 10.337
71 33 10.259
72 33 10.1767
73 33 10.0904
74 33 10.0008
75 33 9.90861
76 33 9.81461
77 33 9.71969
78 33 9.62464
79 33 9.52994
80 33 9.43558
81 33 0
82 33 0
83 33 0
84 33 0
85 33 0
86 33 0
87 33 0
88 33 0
89 33 0
90 33 0
91 33 0
92 33 0
93 33 0
94 33 0
95 33 0
96 33 0
97 33 0
98 33 0
99 33 0
100 33 0

0 34 0
1 34 0
2 34 0
3 34 0
4 34 0
5 34 0
6 34 0
7 34 0
8 34 0
9 34 0
10 34 0
11 34 0
12 34 0
13 34 0
14 34 0
15 34 0
16 34 0
17 34 0
18 34 0
19 34 0
20 34 0
21 34 0
22 34 0
23 34 0
24 34 0
25 34 0
26 34 0
27 34 0
28 34 0
29 34 0
30 34 0
31 34 0
32 34 0
33 34 0
34 34 0
35 34 0
36 34 0
37 34 0
38 34 0
39 34 0
40 34 0
41 34 0
42 34 0
43 34 0
44 34 0
45 34 0
46 34 0
47 34 0
48 34 0
49 34 0
50 34 10.2371
51 34 10.3394
52 34 10.42
53 34 10.4817
54 34 10.5282
55 34 10.5623
56 34 10.5861
57 34 10.6008
58 34 10.6074
59 34 10.6065
60 34 10.5983
61 34 10.5834
62 34 10.5617
63 34 10.5337
64 34 10.4994
65 34 10.4589
66 34 10.4126
67 34 10.3604
68 34 10.3027
69 34 10.2396
70 34 10.1714
71 34 10.0985
72 34 10.0212
73 34 9.94
74 34 9.85541
75 34 9.76803
76 34 9.6785
77 34 9.58745
78 34 9.49545
79 34 9.40283
80 34 9.30974
81 34 0
82 34 0
83 34 0
84 34 0
85 34 0
86 34 0
87 34 0
88 34 0
89 34 0
90 34 0
91 34 0
92 34 0
93 34 0
94 34 0
95 34 0
96 34 0
97 34 0
98 34 0
99 34 0
100 34 0

0 35 0
1 35 0
2 35 0
3 35 0
4 35 0
5 35 0
6 35 0
7 35 0
8 35 0
9 35 0
10 35 0
11 35 0
12 35 0
13 35 0
14 35 0
15 35 0
16 35 0
17 35 0
18 35 0
19 35 0
20 35 0
21 35 0
22 35 0
23 35 0
24 35 0
25 35 0
26 35 0
27 35 0
28 35 0
29 35 0
30 35 0
31 35 0
32 35 0
33 35 0
34 35 0
35 35 0
36 35 0
37 35 0
38 35 0
39 35 0
40 35 0
41 35 0
42 35 0
43 35 0
44 35 0
45 35 0
46 35 0
47 35 0
48 35 0
49 35 0
50 35 9.9494
51 35 10.0489
52 35 10.1334
53 35 10.2035
54 35 10.2604
55 35 10.3054
56 35 10.3396
57 35 10.364
58 35 10.3794
59 35 10.3863
60 35 10.3854
61 35 10.377
62 35 10.3614
63 35 10.339
64 35 10.3099
65 35 10.2746
66 35 10.2331
67 35 10.1857
68 35 10.1326
69 35 10.0742
70 35 10.0106
71 35 9.94234
72 35 9.86965
73 35 9.79298
74 35 9.7128
75 35 9.62961
76 35 9.54391
77 35 9.4562
78 35 9.36688
79 35 9.27622
80 35 9.18438
81 35 0
82 35 0
83 35 0
84 35 0
85 35 0
86 35 0
87 35 0
88 35 0
89 35 0
90 35 0
91 35 0
92 35 0
93 35 0
94 35 0
95 35 0
96 35 0
97 35 0
98 35 0
99 35 0
100 35 0

0 36 0
1 36 0
2 36 0
3 36 0
4 36 0
5 36 0
6 36 0
7 36 0
8 36 0
9 36 0
10 36 0
11 36 0
12 36 0
13 36 0
14 36 0
15 36 0
16 36 0
17 36 0
18 36 0
19 36 0
20 36 0
21 36 0
22 36 0
23 36 0
24 36 0
25 36 0
26 36 0
27 36 0
28 36 0
29 36 0
30 36 0
31 36 0
32 36 0
33 36 0
34 36 0
35 36 0
36 36 0
37 36 0
38 36 0
39 36 0
40 36 0
41 36 0
42 36 0
43 36 0
44 36 0
45 36 0
46 36 0
47 36 0
48 36 0
49 36 0
50 36 9.67666
51 36 9.77344
52 36 9.8611
53 36 9.93846
54 36 10.0046
55 36 10.0594
56 36 10.1031
57 36 10.1363
58 36 10.1598
59 36 10.1741
60 36 10.1799
61 36 10.1777
62 36 10.1679
63 36 10.1508
64 36 10.1269
65 36 10.0963
66 36 10.0595
67 36 10.0166
68 36 9.96797
69 36 9.91389
70 36 9.85465
71 36 9.7906
72 36 9.72208
73 36 9.64949
74 36 9.57322
75 36 9.49371
76 36 9.41136
77 36 9.32657
78 36 9.23964
79 36 9.15082
80 36 9.06022
81 36 0
82 36 0
83 36 0
84 36 0
85 36 0
86 36 0
87 36 0
88 36 0
89 36 0
90 36 0
91 36 0
92 36 0
93 36 0
94 36 0
95 36 0
96 36 0
97 36 0
98 36 0
99 36 0
100 36 0

0 37 0
1 37 0
2 37 0
3 37 0
4 37 0
5 37 0
6 37 0
7 37 0
8 37 0
9 37 0
10 37 0
11 37 0
12 37 0
13 37 0
14 37 0
15 37 0
16 37 0
17 37 0
18 37 0
19 37 0
20 37 0
21 37 0
22 37 0
23 37 0
24 37 0
25 37 0
26 37 0
27 37 0
28 37 0
29 37 0
30 37 0
31 37 0
32 37 0
33 37 0
34 37 0
35 37 0
36 37 0
37 37 0
38 37 0
39 37 0
40 37 0
41 37 0
42 37 0
43 37 0
44 37 0
45 37 0
46 37 0
47 37 0
48 37 0
49 37 0
50 37 9.41295
51 37 9.50709
52 37 9.59917
53 37 9.68466
54 37 9.7602
55 37 9.82435
56 37 9.87692
57 37 9.91834
58 37 9.94929
59 37 9.97048
60 37 9.98255
61 37 9.98609
62 37 9.98162
63 37 9.9696
64 37 9.9504
65 37 9.9244
66 37 9.89193
67 37 9.85329
68 37 9.80879
69 37 9.75876
70 37 9.70349
71 37 9.64333
72 37 9.5786
73 37 9.50968
74 37 9.43691
75 37 9.36066
76 37 9.28128
77 37 9.19908
78 37 9.11432
79 37 9.0272
80 37 8.93783
81 37 0
82 37 0
83 37 0
84 37 0
85 37 0
86 37 0
87 37 0
88 37 0
89 37 0
90 37 0
91 37 0
92 37 0
93 37 0
94 37 0
95 37 0
96 37 0
97 37 0
98 37 0
99 37 0
100 37 0

0 38 0
1 38 0
2 38 0
3 38 0
4 38 0
5 38 0
6 38 0
7 38 0
8 38 0
9 38 0
10 38 0
11 38 0
12 38 0
13 38 0
14 38 0
15 38 0
16 38 0
17 38 0
18 38 0
19 38 0
20 38 0
21 38 0
22 38 0
23 38 0
24 38 0
25 38 0
26 38 0
27 38 0
28 38 0
29 38 0
30 38 0
31 38 0
32 38 0
33 38 0
34 38 0
35 38 0
36 38 0
37 38 0
38 38 0
39 38 0
40 38 0
41 38 0
42 38 0
43 38 0
44 38 0
45 38 0
46 38 0
47 38 0
48 38 0
49 38 0
50 38 9.15129
51 38 9.24281
52 38 9.34385
53 38 9.44083
54 38 9.5272
55 38 9.60093
56 38 9.66193
57 38 9.71087
58 38 9.7486
59 38 9.77595
60 38 9.79369
61 38 9.80249
62 38 9.80295
63 38 9.79555
64 38 9.78076
65 38 9.75897
66 38 9.73055
67 38 9.69585
68 38 9.65518
69 38 9.60887
70 38 9.55725
71 38 9.50063
72 38 9.43935
73 38 9.37372
74 38 9.30408
75 38 9.23075
76 38 9.15402
77 38 9.07416
78 38 8.99138
79 38 8.90586
80 38 8.81768
81 38 0
82 38 0
83 38 0
84 38 0
85 38 0
86 38 0
87 38 0
88 38 0
89 38 0
90 38 0
91 38 0
92 38 0
93 38 0
94 38 0
95 38 0
96 38 0
97 38 0
98 38 0
99 38 0
100 38 0

0 39 0
1 39 0
2 39 0
3 39 0
4 39 0
5 39 0
6 39 0
7 39 0
8 39 0
9 39 0
10 39 0
11 39 0
12 39 0
13 39 0
14 39 0
15 39 0
16 39 0
17 39 0
18 39 0
19 39 0
20 39 0
21 39 0
22 39 0
23 39 0
24 39 0
25 39 0
26 39 0
27 39 0
28 39 0
29 39 0
30 39 0
31 39 0
32 39 0
33 39 0
34 39 0
35 39 0
36 39 0
37 39 0
38 39 0
39 39 0
40 39 0
41 39 0
42 39 0
43 39 0
44 39 0
45 39 0
46 39 0
47 39 0
48 39 0
49 39 0
50 39 8.88023
51 39 8.96904
52 39 9.09258
53 39 9.20763
54 39 9.30687
55 39 9.39024
56 39 9.45903
57 39 9.51464
58 39 9.55829
59 39 9.59104
60 39 9.61378
61 39 9.62726
62 39 9.63212
63 39 9.62892
64 39 9.61813
65 39 9.60019
66 39 9.57549
67 39 9.54438
68 39 9.50721
69 39 9.46432
70 39 9.41601
71 39 9.36262
72 39 9.30444
73 39 9.24179
74 39 9.17497
75 39 9.10425
76 39 9.0299
77 39 8.95216
78 39 8.87121
79 39 8.78719
80 39 8.70018
81 39 0
82 39 0
83 39 0
84 39 0
85 39 0
86 39 0
87 39 0
88 39 0
89 39 0
90 39 0
91 39 0
92 39 0
93 39 0
94 39 0
95 39 0
96 39 0
97 39 0
98 39 0
99 39 0
100 39 0

0 40 24.7525
1 40 23.5492
2 40 22.4717
3 40 21.4751
4 40 20.54
5 40 19.6566
6 40 18.8195
7 40 18.0251
8 40 17.2709
9 40 16.5547
10 40 15.8748
11 40 15.2295
12 40 14.6175
13 40 14.0374
14 40 13.4879
15 40 12.9677
16 40 12.4758
17 40 12.0111
18 40 11.5725
19 40 11.1592
20 40 10.7701
21 40 10.4046
22 40 10.0616
23 40 9.74064
24 40 9.44087
25 40 9.16167
26 40 8.90244
27 40 8.6626
28 40 8.44165
29 40 8.23911
30 40 8.05454
31 40 7.88754
32 40 7.73777
33 40 7.60492
34 40 7.48872
35 40 7.38894
36 40 7.30543
37 40 7.23807
38 40 7.1868
39 40 7.15166
40 40 7.13277
41 40 7.13038
42 40 7.1449
43 40 7.177
44 40 7.22769
45 40 7.2985
46 40 7.39189
47 40 7.51187
48 40 7.66554
49 40 7.86686
50 40 8.35258
51 40 8.66054
52 40 8.84983
53 40 8.99025
54 40 9.10241
55 40 9.19414
56 40 9.26934
57 40 9.33037
58 40 9.3789
59 40 9.41616
60 40 9.44315
61 40 9.46066
62 40 9.46939
63 40 9.46989
64 40 9.46267
65 40 9.44818
66 40 9.42683
67 40 9.39899
68 40 9.36499
69 40 9.32519
70 40 9.27989
71 40 9.2294
72 40 9.17403
73 40 9.11405
74 40 9.04976
75 40 8.9814
76 40 8.9092
77 40 8.83339
78 40 8.75411
79 40 8.67151
80 40 8.58565
81 40 0
82 40 0
83 40 0
84 40 0
85 40 0
86 40 0
87 40 0
88 40 0
89 40 0
90 40 0
91 40 0
92 40 0
93 40 0
94 40 0
95 40 0
96 40 0
97 40 0
98 40 0
99 40 0
100 40 0

0 41 25
1 41 23.7847
2 41 22.6964
3 41 21.6899
4 41 20.7454
5 41 19.8532
6 41 19.0077
7 41 18.2054
8 41 17.4436
9 41 16.7202
10 41 16.0335
11 41 15.3818
12 41 14.7637
13 41 14.1778
14 41 13.6228
15 41 13.0974
16 41 12.6006
17 41 12.1312
18 41 11.6883
19 41 11.2708
20 41 10.8778
21 41 10.5086
22 41 10.1623
23 41 9.83805
24 41 9.53528
25 41 9.25329
26 41 8.99146
27 41 8.74923
28 41 8.52607
29 41 8.3215
30 41 8.13509
31 41 7.96642
32 41 7.81516
33 41 7.68097
34 41 7.56361
35 41 7.46284
36 41 7.37849
37 41 7.31046
38 41 7.25868
39 41 7.22319
40 41 7.20411
41 41 7.20169
42 41 7.21636
43 41 7.24878
44 41 7.29997
45 41 7.37149
46 41 7.46582
47 41 7.587
48 41 7.7422
49 41 7.94553
50 41 8.22877
51 41 8.47071
52 41 8.65595
53 41 8.80115
54 41 8.91839
55 41 9.01459
56 41 9.09382
57 41 9.15863
58 41 9.21078
59 41 9.25157
60 41 9.282
61 41 9.30288
62 41 9.31488
63 41 9.31858
64 41 9.31449
65 41 9.30306
66 41 9.28469
67 41 9.25975
68 41 9.2286
69 41 9.19157
70 41 9.14896
71 41 9.10108
72 41 9.04822
73 41 8.99065
74 41 8.92863
75 41 8.86238
76 41 8.79214
77 41 8.71808
78 41 8.64036
79 41 8.55909
80 41 8.47435
81 41 0
82 41 0
83 41 0
84 41 0
85 41 0
86 41 0
87 41 0
88 41 0
89 41 0
90 41 0
91 41 0
92 41 0
93 41 0
94 41 0
95 41 0
96 41 0
97 41 0
98 41 0
99 41 0
100 41 0

0 42 25
1 42 23.8932
2 42 22.8394
3 42 21.8425
4 42 20.8985
5 42 20.003
6 42 19.1527
7 42 18.3451
8 42 17.5779
9 42 16.8491
10 42 16.1572
11 42 15.5006
12 42 14.8777
13 42 14.2873
14 42 13.728
15 42 13.1986
16 42 12.6979
17 42 12.2249
18 42 11.7785
19 42 11.3578
20 42 10.9619
21 42 10.5898
22 42 10.2407
23 42 9.91404
24 42 9.60893
25 42 9.32476
26 42 9.0609
27 42 8.8168
28 42 8.59191
29 42 8.38576
30 42 8.19789
31 42 8.02791
32 42 7.87546
33 42 7.74022
34 42 7.62192
35 42 7.52032
36 42 7.43526
37 42 7.3666
38 42 7.31428
39 42 7.27831
40 42 7.25879
41 42 7.25592
42 42 7.27008
43 42 7.3018
44 42 7.35193
45 42 7.4217
46 42 7.5129
47 42 7.6281
48 42 7.77076
49 42 7.94431
50 42 8.14627
51 42 8.33761
52 42 8.50212
53 42 8.64004
54 42 8.75542
55 42 8.85203
56 42 8.93272
57 42 8.99955
58 42 9.05404
59 42 9.09736
60 42 9.13042
61 42 9.15398
62 42 9.16869
63 42 9.17509
64 42 9.17368
65 42 9.16489
66 42 9.14912
67 42 9.12675
68 42 9.09811
69 42 9.06353
70 42 9.02332
71 42 8.97776
72 42 8.92714
73 42 8.87172
74 42 8.81172
75 42 8.74739
76 42 8.67891
77 42 8.60646
78 42 8.53017
79 42 8.45016
80 42 8.36649
81 42 0
82 42 0
83 42 0
84 42 0
85 42 0
86 42 0
87 42 0
88 42 0
89 42 0
90 42 0
91 42 0
92 42 0
93 42 0
94 42 0
95 42 0
96 42 0
97 42 0
98 42 0
99 42 0
100 42 0

0 43 25
1 43 23.9488
2 43 22.9256
3 43 21.9424
4 43 21.003
5 43 20.1076
6 43 19.2552
7 43 18.4444
8 43 17.6736
9 43 16.9412
10 43 16.2457
11 43 15.5855
12 43 14.9593
13 43 14.3656
14 43 13.8033
15 43 13.271
16 43 12.7676
17 43 12.292
18 43 11.8432
19 43 11.4201
20 43 11.022
21 43 10.6479
22 43 10.2969
23 43 9.96843
24 43 9.66164
25 43 9.37591
26 43 9.11061
27 43 8.86516
28 43 8.63903
29 43 8.43173
30 43 8.24282
31 43 8.07189
32 43 7.91857
33 43 7.78254
34 43 7.66353
35 43 7.56128
36 43 7.47562
37 43 7.4064
38 43 7.35354
39 43 7.31699
40 43 7.29682
41 43 7.29316
42 43 7.30623
43 43 7.33642
44 43 7.38427
45 43 7.45049
46 43 7.536
47 43 7.64178
48 43 7.76841
49 43 7.91471
50 43 8.07439
51 43 8.23135
52 43 8.3749
53 43 8.50149
54 43 8.61123
55 43 8.70541
56 43 8.7855
57 43 8.85283
58 43 8.9085
59 43 8.95341
60 43 8.98835
61 43 9.01395
62 43 9.03081
63 43 9.03943
64 43 9.04025
65 43 9.03371
66 43 9.02018
67 43 9.00002
68 43 8.97357
69 43 8.94114
70 43 8.90303
71 43 8.85953
72 43 8.81089
73 43 8.75736
74 43 8.69918
75 43 8.63655
76 43 8.56967
77 43 8.49868
78 43 8.42372
79 43 8.3449
80 43 8.26227
81 43 0
82 43 0
83 43 0
84 43 0
85 43 0
86 43 0
87 43 0
88 43 0
89 43 0
90 43 0
91 43 0
92 43 0
93 43 0
94 43 0
95 43 0
96 43 0
97 43 0
98 43 0
99 43 0
100 43 0

0 44 25
1 44 23.9763
2 44 22.9716
3 44 21.9985
4 44 21.0635
5 44 20.1691
6 44 19.3161
7 44 18.5037
8 44 17.731
9 44 16.9965
10 44 16.2988
11 44 15.6365
12 44 15.0083
13 44 14.4127
14 44 13.8485
15 44 13.3145
16 44 12.8094
17 44 12.3323
18 44 11.882
19 44 11.4576
20 44 11.0581
21 44 10.6828
22 44 10.3307
23 44 10.0011
24 44 9.69331
25 44 9.40664
26 44 9.14046
27 44 8.8942
28 44 8.66732
29 44 8.45933
30 44 8.26978
31 44 8.09826
32 44 7.94439
33 44 7.80786
34 44 7.68837
35 44 7.58567
36 44 7.49956
37 44 7.42987
38 44 7.37648
39 44 7.33932
40 44 7.31837
41 44 7.31366
42 44 7.32529
43 44 7.35341
44 44 7.39824
45 44 7.45999
46 44 7.53883
47 44 7.63461
48 44 7.74642
49 44 7.87175
50 44 8.00525
51 44 8.13852
52 44 8.26464
53 44 8.37981
54 44 8.4826
55 44 8.57288
56 44 8.65107
57 44 8.71779
58 44 8.77372
59 44 8.81946
60 44 8.85561
61 44 8.8827
62 44 8.9012
63 44 8.91156
64 44 8.91421
65 44 8.90953
66 44 8.89788
67 44 8.8796
68 44 8.85502
69 44 8.82445
70 44 8.78816
71 44 8.74643
72 44 8.69953
73 44 8.64768
74 44 8.5911
75 44 8.52999
76 44 8.46454
77 44 8.39488
78 44 8.32115
79 44 8.24344
80 44 8.16182
81 44 0
82 44 0
83 44 0
84 44 0
85 44 0
86 44 0
87 44 0
88 44 0
89 44 0
90 44 0
91 44 0
92 44 0
93 44 0
94 44 0
95 44 0
96 44 0
97 44 0
98 44 0
99 44 0
100 44 0

0 45 25
1 45 23.9847
2 45 22.9861
3 45 22.0166
4 45 21.0833
5 45 20.1895
6 45 19.3363
7 45 18.5234
8 45 17.7501
9 45 17.0149
10 45 16.3165
11 45 15.6536
12 45 15.0246
13 45 14.4284
14 45 13.8636
15 45 13.329
16 45 12.8234
17 45 12.3457
18 45 11.8949
19 45 11.4701
20 45 11.0702
21 45 10.6944
22 45 10.3419
23 45 10.012
24 45 9.70387
25 45 9.41688
26 45 9.15041
27 45 8.90387
28 45 8.67673
29 45 8.4685
30 45 8.27872
31 45 8.10697
32 45 7.9529
33 45 7.81615
34 45 7.69643
35 45 7.59349
36 45 7.50709
37 45 7.43705
38 45 7.38321
39 45 7.34545
40 45 7.32368
41 45 7.31783
42 45 7.32786
43 45 7.3537
44 45 7.39529
45 45 7.45243
46 45 7.52474
47 45 7.61142
48 45 7.71094
49 45 7.82063
50 45 7.93635
51 45 8.05284
52 45 8.16533
53 45 8.27052
54 45 8.36651
55 45 8.45246
56 45 8.52811
57 45 8.59357
58 45 8.64912
59 45 8.69512
60 45 8.73196
61 45 8.76003
62 45 8.77973
63 45 8.79143
64 45 8.79552
65 45 8.79233
66 45 8.78222
67 45 8.7655
68 45 8.74249
69 45 8.71348
70 45 8.67874
71 45 8.63854
72 45 8.59313
73 45 8.54273
74 45 8.48756
75 45 8.4278
76 45 8.36362
77 45 8.29517
78 45 8.22257
79 45 8.14591
80 45 8.06526
81 45 0
82 45 0
83 45 0
84 45 0
85 45 0
86 45 0
87 45 0
88 45 0
89 45 0
90 45 0
91 45 0
92 45 0
93 45 0
94 45 0
95 45 0
96 45 0
97 45 0
98 45 0
99 45 0
100 45 0

0 46 25
1 46 23.9763
2 46 22.9716
3 46 21.9985
4 46 21.0635
5 46 20.1691
6 46 19.3161
7 46 18.5037
8 46 17.731
9 46 16.9965
10 46 16.2988
11 46 15.6365
12 46 15.0083
13 46 14.4127
14 46 13.8485
15 46 13.3145
16 46 12.8094
17 46 12.3323
18 46 11.882
19 46 11.4576
20 46 11.0581
21 46 10.6828
22 46 10.3307
23 46 10.0011
24 46 9.6933
25 46 9.40662
26 46 9.14043
27 46 8.89415
28 46 8.66725
29 46 8.45922
30 46 8.26963
31 46 8.09804
32 46 7.94408
33 46 7.80741
34 46 7.68773
35 46 7.58477
36 46 7.49827
37 46 7.42803
38 46 7.37387
39 46 7.3356
40 46 7.31308
41 46 7.30615
42 46 7.31462
43 46 7.33827
44 46 7.3768
45 46 7.42972
46 46 7.4963
47 46 7.57539
48 46 7.66529
49 46 7.76349
50 46 7.86671
51 46 7.97118
52 46 8.07336
53 46 8.17044
54 46 8.26049
55 46 8.34234
56 46 8.41535
57 46 8.47927
58 46 8.5341
59 46 8.57997
60 46 8.61709
61 46 8.64576
62 46 8.66627
63 46 8.67894
64 46 8.68411
65 46 8.68208
66 46 8.67318
67 46 8.65771
68 46 8.63597
69 46 8.60824
70 46 8.57479
71 46 8.53587
72 46 8.49173
73 46 8.44257
74 46 8.38861
75 46 8.33003
76 46 8.26699
77 46 8.19963
78 46 8.12807
79 46 8.05239
80 46 7.97266
81 46 0
82 46 0
83 46 0
84 46 0
85 46 0
86 46 0
87 46 0
88 46 0
89 46 0
90 46 0
91 46 0
92 46 0
93 46 0
94 46 0
95 46 0
96 46 0
97 46 0
98 46 0
99 46 0
100 46 0

0 47 25
1 47 23.9488
2 47 22.9256
3 47 21.9424
4 47 21.003
5 47 20.1076
6 47 19.2552
7 47 18.4444
8 47 17.6736
9 47 16.9412
10 47 16.2457
11 47 15.5855
12 47 14.9593
13 47 14.3656
14 47 13.8033
15 47 13.271
16 47 12.7676
17 47 12.292
18 47 11.8432
19 47 11.4201
20 47 11.022
21 47 10.6479
22 47 10.2969
23 47 9.96841
24 47 9.66161
25 47 9.37587
26 47 9.11054
27 47 8.86506
28 47 8.63889
29 47 8.43153
30 47 8.24254
31 47 8.07148
32 47 7.91798
33 47 7.7817
34 47 7.66233
35 47 7.55958
36 47 7.4732
37 47 7.40296
38 47 7.34863
39 47 7.31002
40 47 7.28691
41 47 7.27906
42 47 7.28621
43 47 7.30799
44 47 7.34393
45 47 7.39335
46 47 7.45534
47 47 7.52859
48 47 7.61135
49 47 7.70133
50 47 7.79582
51 47 7.89182
52 47 7.98649
53 47 8.0774
54 47 8.16269
55 47 8.24106
56 47 8.31169
57 47 8.37409
58 47 8.42806
59 47 8.47356
60 47 8.5107
61 47 8.53965
62 47 8.56065
63 47 8.57397
64 47 8.5799
65 47 8.57872
66 47 8.57072
67 47 8.55621
68 47 8.53546
69 47 8.50875
70 47 8.47633
71 47 8.43845
72 47 8.39535
73 47 8.34724
74 47 8.29431
75 47 8.23674
76 47 8.1747
77 47 8.10831
78 47 8.03769
79 47 7.96293
80 47 7.88409
81 47 0
82 47 0
83 47 0
84 47 0
85 47 0
86 47 0
87 47 0
88 47 0
89 47 0
90 47 0
91 47 0
92 47 0
93 47 0
94 47 0
95 47 0
96 47 0
97 47 0
98 47 0
99 47 0
100 47 0

0 48 25
1 48 23.8932
2 48 22.8394
3 48 21.8425
4 48 20.8985
5 48 20.003
6 48 19.1527
7 48 18.3451
8 48 17.5779
9 48 16.8491
10 48 16.1572
11 48 15.5006
12 48 14.8777
13 48 14.2873
14 48 13.728
15 48 13.1986
16 48 12.6979
17 48 12.2249
18 48 11.7785
19 48 11.3578
20 48 10.9619
21 48 10.5898
22 48 10.2407
23 48 9.91401
24 48 9.60889
25 48 9.3247
26 48 9.06082
27 48 8.81668
28 48 8.59173
29 48 8.38549
30 48 8.19751
31 48 8.02737
32 48 7.87468
33 48 7.7391
34 48 7.62032
35 48 7.51804
36 48 7.43201
37 48 7.36197
38 48 7.3077
39 48 7.26895
40 48 7.24548
41 48 7.237
42 48 7.24317
43 48 7.26356
44 48 7.29757
45 48 7.34444
46 48 7.40314
47 48 7.4723
48 48 7.55019
49 48 7.6347
50 48 7.72343
51 48 7.81381
52 48 7.90339
53 48 7.98998
54 48 8.07182
55 48 8.14755
56 48 8.21627
57 48 8.27735
58 48 8.33049
59 48 8.37553
60 48 8.4125
61 48 8.44151
62 48 8.46274
63 48 8.47642
64 48 8.48281
65 48 8.48218
66 48 8.4748
67 48 8.46096
68 48 8.44093
69 48 8.41497
70 48 8.38334
71 48 8.34627
72 48 8.304
73 48 8.25673
74 48 8.20465
75 48 8.14795
76 48 8.08676
77 48 8.02124
78 48 7.95147
79 48 7.87756
80 48 7.79957
81 48 0
82 48 0
83 48 0
84 48 0
85 48 0
86 48 0
87 48 0
88 48 0
89 48 0
90 48 0
91 48 0
92 48 0
93 48 0
94 48 0
95 48 0
96 48 0
97 48 0
98 48 0
99 48 0
100 48 0

0 49 25
1 49 23.7847
2 49 22.6964
3 49 21.6899
4 49 20.7454
5 49 19.8532
6 49 19.0077
7 49 18.2054
8 49 17.4436
9 49 16.7202
10 49 16.0335
11 49 15.3818
12 49 14.7637
13 49 14.1778
14 49 13.6228
15 49 13.0974
16 49 12.6006
17 49 12.1312
18 49 11.6883
19 49 11.2708
20 49 10.8778
21 49 10.5086
22 49 10.1622
23 49 9.83803
24 49 9.53525
25 49 9.25323
26 49 8.99137
27 49 8.74909
28 49 8.52587
29 49 8.32121
30 49 8.13466
31 49 7.96581
32 49 7.81427
33 49 7.67971
34 49 7.5618
35 49 7.46027
36 49 7.37483
37 49 7.30523
38 49 7.25125
39 49 7.21261
40 49 7.18907
41 49 7.1803
42 49 7.18594
43 49 7.20551
44 49 7.23837
45 49 7.28372
46 49 7.34048
47 49 7.40728
48 49 7.48241
49 49 7.56387
50 49 7.64939
51 49 7.73663
52 49 7.8233
53 49 7.90734
54 49 7.98705
55 49 8.06109
56 49 8.12848
57 49 8.18859
58 49 8.24102
59 49 8.28559
60 49 8.32228
61 49 8.35116
62 49 8.37239
63 49 8.38617
64 49 8.39275
65 49 8.39239
66 49 8.38536
67 49 8.37192
68 49 8.35234
69 49 8.32688
70 49 8.29579
71 49 8.25931
72 49 8.21765
73 49 8.17104
74 49 8.11964
75 49 8.06364
76 49 8.00319
77 49 7.93841
78 49 7.86941
79 49 7.79629
80 49 7.7191
81 49 0
82 49 0
83 49 0
84 49 0
85 49 0
86 49 0
87 49 0
88 49 0
89 49 0
90 49 0
91 49 0
92 49 0
93 49 0
94 49 0
95 49 0
96 49 0
97 49 0
98 49 0
99 49 0
100 49 0

0 50 24.7525
1 50 23.5492
2 50 22.4717
3 50 21.4751
4 50 20.54
5 50 19.6566
6 50 18.8195
7 50 18.0251
8 50 17.2709
9 50 16.5547
10 50 15.8748
11 50 15.2295
12 50 14.6176
13 50 14.0374
14 50 13.4879
15 50 12.9677
16 50 12.4758
17 50 12.0111
18 50 11.5725
19 50 11.1592
20 50 10.7701
21 50 10.4046
22 50 10.0616
23 50 9.74062
24 50 9.44084
25 50 9.16162
26 50 8.90235
27 50 8.66247
28 50 8.44146
29 50 8.23882
30 50 8.05412
31 50 7.88694
32 50 7.7369
33 50 7.60367
34 50 7.48693
35 50 7.3864
36 50 7.30181
37 50 7.23291
38 50 7.17945
39 50 7.1412
40 50 7.11789
41 50 7.10921
42 50 7.11479
43 50 7.13416
44 50 7.16671
45 50 7.21161
46 50 7.26781
47 50 7.33394
48 50 7.40833
49 50 7.48898
50 50 7.57366
51 50 7.66003
52 50 7.74584
53 50 7.82905
54 50 7.90797
55 50 7.98127
56 50 8.048
57 50 8.10751
58 50 8.15943
59 50 8.20356
60 50 8.23988
61 50 8.26847
62 50 8.28949
63 50 8.30314
64 50 8.30966
65 50 8.3093
66 50 8.30234
67 50 8.28903
68 50 8.26964
69 50 8.24444
70 50 8.21366
71 50 8.17753
72 50 8.13629
73 50 8.09013
74 50 8.03925
75 50 7.9838
76 50 7.92395
77 50 7.85981
78 50 7.7915
79 50 7.7191
80 50 7.64267
81 50 0
82 50 0
83 50 0
84 50 0
85 50 0
86 50 0
87 50 0
88 50 0
89 50 0
90 50 0
91 50 0
92 50 0
93 50 0
94 50 0
95 50 0
96 50 0
97 50 0
98 50 0
99 50 0
100 50 0

