 0 1.16178e-05 1.9368e-05
 0.005 2.61258e-05 4.35619e-05
 0.01 4.56843e-05 7.61927e-05
 0.015 7.13584e-05 0.000119049
 0.02 0.000103253 0.000172322
 0.025 0.000140987 0.000235399
 0.03 0.000184192 0.000307688
 0.035 0.000232755 0.00038903
 0.04 0.000286768 0.000479612
 0.045 0.000346335 0.000579639
 0.05 0.000411415 0.000689084
 0.055 0.000481836 0.000807703
 0.06 0.000557406 0.000935219
 0.065 0.000638007 0.00107149
 0.07 0.000723602 0.00121649
 0.075 0.000814163 0.00137024
 0.08 0.000909594 0.00153263
 0.085 0.00100973 0.00170345
 0.09 0.00111441 0.00188245
 0.095 0.00122347 0.00206946
 0.1 0.00133683 0.00226438
 0.105 0.00145441 0.0024671
 0.11 0.00157608 0.00267746
 0.115 0.00170168 0.00289522
 0.12 0.00183105 0.00312009
 0.125 0.00196407 0.00335185
 0.13 0.00210065 0.00359026
 0.135 0.00224073 0.0038351
 0.14 0.00238425 0.00408608
 0.145 0.00253118 0.00434278
 0.15 0.0026815 0.00460475
 0.155 0.00283531 0.00487147
 0.16 0.00299281 0.00514238
 0.165 0.00315431 0.00541679
 0.17 0.00332028 0.00569382
 0.175 0.00349137 0.00597235
 0.18 0.00366846 0.00625099
 0.185 0.0038528 0.00652805
 0.19 0.00404606 0.00680142
 0.195 0.00425044 0.0070685
 0.2 0.00446875 0.007326
 0.205 0.00470462 0.00756983
 0.21 0.00496263 0.00779486
 0.215 0.00524858 0.00799482
 0.22 0.00556971 0.00816202
 0.225 0.00593501 0.00828701
 0.23 0.00635552 0.0083583
 0.235 0.00684468 0.00836192
 0.24 0.00741877 0.00828108
 0.245 0.0080974 0.00809566
 0.25 0.00890396 0.00778182
 0.255 0.00986621 0.00731135
 0.26 0.0110167 0.00665118
 0.265 0.0123936 0.00576273
 0.27 0.0140409 0.00460142
 0.275 0.0160093 0.00311608
 0.28 0.0183566 0.00124846
 0.285 0.0211481 0.00106723
 0.29 0.0244571 0.00390472
 0.295 0.028365 0.00734587
 0.3 0.0329614 0.0114807
 0.305 0.0383438 0.0164074
 0.31 0.0446176 0.0222316
 0.315 0.0518951 0.029066
 0.32 0.0602945 0.0370294
 0.325 0.0699387 0.046245
 0.33 0.0809536 0.0568392
 0.335 0.0934657 0.0689389
 0.34 0.1076 0.0826695
 0.345 0.123477 0.0981517
 0.35 0.141208 0.115498
 0.355 0.160895 0.13481
 0.36 0.182624 0.156173
 0.365 0.206459 0.179655
 0.37 0.232444 0.205296
 0.375 0.260594 0.233114
 0.38 0.290891 0.26309
 0.385 0.323283 0.295174
 0.39 0.357681 0.329275
 0.395 0.39395 0.365261
 0.4 0.431918 0.402958
 0.405 0.471365 0.442147
 0.41 0.512027 0.482565
 0.415 0.5536 0.523906
 0.42 0.595737 0.565826
 0.425 0.638055 0.607941
 0.43 0.680139 0.649837
 0.435 0.721548 0.691071
 0.44 0.761822 0.731185
 0.445 0.800489 0.769706
 0.45 0.837075 0.806162
 0.455 0.871114 0.840086
 0.46 0.902157 0.871029
 0.465 0.92978 0.898566
 0.47 0.953594 0.922311
 0.475 0.973258 0.941921
 0.48 0.988482 0.957106
 0.485 0.999036 0.967636
 0.49 1.00475 0.973347
 0.495 1.00554 0.974143
 0.5 1.00138 0.970003
 0.505 0.992316 0.960977
 0.51 0.978472 0.947187
 0.515 0.960041 0.928826
 0.52 0.93728 0.906149
 0.525 0.910504 0.879473
 0.53 0.880079 0.849163
 0.535 0.846416 0.815631
 0.54 0.80996 0.779319
 0.545 0.771176 0.740695
 0.55 0.730549 0.700242
 0.555 0.688564 0.658446
 0.56 0.645702 0.615787
 0.565 0.60243 0.572731
 0.57 0.55919 0.529721
 0.575 0.516397 0.487173
 0.58 0.474429 0.445462
 0.585 0.433624 0.404928
 0.59 0.394275 0.365863
 0.595 0.356631 0.328515
 0.6 0.320893 0.293085
 0.605 0.287215 0.259727
 0.61 0.255708 0.228552
 0.615 0.226438 0.199625
 0.62 0.199433 0.172974
 0.625 0.174686 0.148592
 0.63 0.152158 0.126439
 0.635 0.131781 0.106447
 0.64 0.113468 0.0885281
 0.645 0.0971119 0.0725752
 0.65 0.0825923 0.0584677
 0.655 0.0697799 0.0460758
 0.66 0.0585396 0.0352639
 0.665 0.0487342 0.0258943
 0.67 0.040227 0.01783
 0.675 0.0328846 0.0109372
 0.68 0.026579 0.00508715
 0.685 0.0211886 0.000158112
 0.69 0.0166 0.00396387
 0.695 0.0127085 0.007384
 0.7 0.00941835 0.0101984
 0.705 0.00664338 0.0124937
 0.71 0.00430642 0.0143477
 0.715 0.00233924 0.015829
 0.72 0.000682069 0.0169978
 0.725 0.000717011 0.0179066
 0.73 0.00190264 0.0186005
 0.735 0.0029129 0.019118
 0.74 0.00377996 0.0194918
 0.745 0.00453078 0.0197494
 0.75 0.00518778 0.0199136
 0.755 0.00576938 0.0200034
 0.76 0.00629067 0.0200344
 0.765 0.00676382 0.0200191
 0.77 0.00719862 0.0199679
 0.775 0.00760283 0.019889
 0.78 0.00798257 0.019789
 0.785 0.00834261 0.0196732
 0.79 0.00868661 0.0195456
 0.795 0.00901737 0.0194095
 0.8 0.00933698 0.0192676
 0.805 0.00964699 0.0191217
 0.81 0.0099485 0.0189735
 0.815 0.0102423 0.0188242
 0.82 0.0105289 0.0186747
 0.825 0.0108087 0.0185258
 0.83 0.0110818 0.0183781
 0.835 0.0113483 0.0182322
 0.84 0.0116082 0.0180883
 0.845 0.0118615 0.0179469
 0.85 0.012108 0.0178082
 0.855 0.0123477 0.0176726
 0.86 0.0125804 0.0175402
 0.865 0.0128059 0.0174112
 0.87 0.0130241 0.0172859
 0.875 0.0132348 0.0171644
 0.88 0.0134378 0.0170468
 0.885 0.0136331 0.0169334
 0.89 0.0138204 0.0168242
 0.895 0.0139996 0.0167194
 0.9 0.0141705 0.0166192
 0.905 0.014333 0.0165237
 0.91 0.0144871 0.016433
 0.915 0.0146324 0.0163471
 0.92 0.014769 0.0162663
 0.925 0.0148968 0.0161905
 0.93 0.0150157 0.0161199
 0.935 0.0151256 0.0160545
 0.94 0.0152265 0.0159943
 0.945 0.0153184 0.0159395
 0.95 0.0154015 0.0158898
 0.955 0.0154759 0.0158453
 0.96 0.0155419 0.0158057
 0.965 0.0155999 0.015771
 0.97 0.0156504 0.0157407
 0.975 0.0156942 0.0157144
 0.98 0.0157322 0.0156915
 0.985 0.0157656 0.0156714
 0.99 0.015796 0.0156532
 0.995 0.0158251 0.0156358
 1 0.0158548 0.015618
 1.005 0.0158874 0.0155985
 1.01 0.015925 0.0155761
 1.015 0.01597 0.0155493
 1.02 0.0160245 0.0155168
 1.025 0.0160904 0.0154776
 1.03 0.0161691 0.0154307
 1.035 0.0162616 0.0153758
 1.04 0.0163681 0.0153125
 1.045 0.0164881 0.0152413
 1.05 0.0166208 0.0151627
 1.055 0.0167646 0.0150775
 1.06 0.016918 0.014987
 1.065 0.0170791 0.014892
 1.07 0.0172466 0.0147935
 1.075 0.0174195 0.014692
 1.08 0.0175976 0.0145878
 1.085 0.0177811 0.0144808
 1.09 0.0179708 0.0143704
 1.095 0.0181678 0.014256
 1.1 0.0183733 0.0141369
 1.105 0.0185879 0.0140127
 1.11 0.018812 0.0138831
 1.115 0.0190451 0.0137484
 1.12 0.0192861 0.013609
 1.125 0.0195338 0.0134656
 1.13 0.0197865 0.0133188
 1.135 0.0200429 0.0131693
 1.14 0.0203021 0.0130169
 1.145 0.0205637 0.0128614
 1.15 0.0208277 0.0127019
 1.155 0.0210942 0.0125374
 1.16 0.0213629 0.0123665
 1.165 0.0216331 0.0121879
 1.17 0.0219031 0.0120004
 1.175 0.0221702 0.0118025
 1.18 0.022431 0.0115927
 1.185 0.0226814 0.0113688
 1.19 0.0229168 0.0111277
 1.195 0.0231323 0.0108651
 1.2 0.0233224 0.0105753
 1.205 0.0234809 0.0102513
 1.21 0.0235998 0.00988443
 1.215 0.0236695 0.00946435
 1.22 0.0236773 0.00897904
 1.225 0.0236081 0.00841432
 1.23 0.0234434 0.00775341
 1.235 0.0231613 0.00697633
 1.24 0.0227371 0.00605927
 1.245 0.0221419 0.00497402
 1.25 0.0213432 0.00368748
 1.255 0.0203031 0.00216134
 1.26 0.0189786 0.000351787
 1.265 0.0173198 0.00179081
 1.27 0.0152701 0.00432225
 1.275 0.0127657 0.00730492
 1.28 0.00973559 0.0108083
 1.285 0.00610167 0.0149092
 1.29 0.00177904 0.0196922
 1.295 0.00332389 0.0252489
 1.3 0.00930526 0.0316783
 1.305 0.0162695 0.039085
 1.31 0.0243266 0.047579
 1.315 0.0335912 0.0572741
 1.32 0.0441807 0.0682864
 1.325 0.0562134 0.0807327
 1.33 0.0698058 0.0947286
 1.335 0.0850699 0.110386
 1.34 0.102111 0.12781
 1.345 0.121023 0.147097
 1.35 0.141888 0.168327
 1.355 0.16477 0.191565
 1.36 0.189715 0.216855
 1.365 0.216742 0.244216
 1.37 0.245842 0.273637
 1.375 0.276975 0.305078
 1.38 0.310065 0.338463
 1.385 0.344999 0.37368
 1.39 0.381623 0.410575
 1.395 0.419743 0.448954
 1.4 0.459124 0.488581
 1.405 0.499491 0.52918
 1.41 0.540527 0.570434
 1.415 0.581879 0.611989
 1.42 0.623161 0.653459
 1.425 0.663958 0.69443
 1.43 0.703832 0.734464
 1.435 0.742331 0.773109
 1.44 0.778994 0.809904
 1.445 0.813364 0.844391
 1.45 0.844992 0.87612
 1.455 0.873449 0.904661
 1.46 0.898333 0.929614
 1.465 0.919281 0.950616
 1.47 0.935975 0.967349
 1.475 0.948154 0.979552
 1.48 0.955614 0.987022
 1.485 0.958221 0.989622
 1.49 0.955907 0.987286
 1.495 0.94868 0.98002
 1.5 0.936616 0.967902
 1.505 0.919866 0.951082
 1.51 0.898646 0.929778
 1.515 0.87324 0.904273
 1.52 0.843985 0.874905
 1.525 0.811272 0.842062
 1.53 0.775531 0.806176
 1.535 0.737224 0.767709
 1.54 0.696833 0.727144
 1.545 0.654855 0.684978
 1.55 0.611786 0.641706
 1.555 0.568113 0.597817
 1.56 0.524306 0.553781
 1.565 0.480812 0.510043
 1.57 0.438039 0.467013
 1.575 0.396361 0.425063
 1.58 0.356103 0.384522
 1.585 0.317547 0.34567
 1.59 0.280925 0.30874
 1.595 0.246417 0.273914
 1.6 0.21416 0.241325
 1.605 0.184238 0.21106
 1.61 0.156695 0.183163
 1.615 0.131533 0.157636
 1.62 0.108719 0.134447
 1.625 0.0881871 0.113531
 1.63 0.0698473 0.0947975
 1.635 0.0535879 0.0781354
 1.64 0.0392809 0.0634163
 1.645 0.0267864 0.050501
 1.65 0.0159576 0.0392433
 1.655 0.00664408 0.0294939
 1.66 0.0013037 0.0211037
 1.665 0.0080319 0.0139268
 1.67 0.0136807 0.00782296
 1.675 0.0183829 0.00265965
 1.68 0.0222622 0.00168658
 1.685 0.0254327 0.00532905
 1.69 0.0279982 0.00837056
 1.695 0.0300516 0.0109033
 1.7 0.0316752 0.0130092
 1.705 0.0329408 0.0147601
 1.71 0.0339108 0.0162183
 1.715 0.0346389 0.017437
 1.72 0.035171 0.0184614
 1.725 0.0355458 0.0193293
 1.73 0.0357954 0.020072
 1.735 0.0359461 0.0207155
 1.74 0.0360194 0.0212811
 1.745 0.0360324 0.0217857
 1.75 0.0359991 0.022243
 1.755 0.0359305 0.0226635
 1.76 0.0358359 0.0230553
 1.765 0.0357221 0.0234247
 1.77 0.0355944 0.0237764
 1.775 0.0354567 0.0241141
 1.78 0.0353118 0.0244408
 1.785 0.0351621 0.0247582
 1.79 0.0350094 0.0250677
 1.795 0.0348553 0.02537
 1.8 0.0347011 0.0256656
 1.805 0.0345474 0.0259549
 1.81 0.0343949 0.0262381
 1.815 0.0342436 0.0265155
 1.82 0.0340939 0.026787
 1.825 0.0339463 0.0270526
 1.83 0.0338012 0.0273118
 1.835 0.0336591 0.0275646
 1.84 0.0335201 0.0278107
 1.845 0.0333843 0.02805
 1.85 0.0332517 0.0282826
 1.855 0.0331223 0.0285082
 1.86 0.0329965 0.0287266
 1.865 0.0328746 0.0289375
 1.87 0.0327569 0.0291407
 1.875 0.0326435 0.0293359
 1.88 0.0325344 0.0295233
 1.885 0.0324295 0.0297026
 1.89 0.0323289 0.0298739
 1.895 0.0322329 0.0300369
 1.9 0.0321418 0.0301913
 1.905 0.0320557 0.0303371
 1.91 0.0319747 0.030474
 1.915 0.0318987 0.0306023
 1.92 0.0318276 0.030722
 1.925 0.0317614 0.030833
 1.93 0.0317001 0.0309354
 1.935 0.0316441 0.0310291
 1.94 0.0315932 0.0311143
 1.945 0.0315473 0.0311911
 1.95 0.031506 0.0312601
 1.955 0.031469 0.0313218
 1.96 0.0314359 0.0313767
 1.965 0.0314065 0.0314254
 1.97 0.0313804 0.0314686
 1.975 0.0313572 0.0315074
 1.98 0.031336 0.0315429
 1.985 0.0313159 0.0315767
 1.99 0.0312957 0.0316102
 1.995 0.0312747 0.0316452
 2 0.0312518 0.0316834
 2.005 0.0312263 0.0317263
 2.01 0.0311968 0.031776
 2.015 0.0311624 0.0318342
 2.02 0.0311218 0.0319028
 2.025 0.0310741 0.0319831
 2.03 0.0310187 0.0320763
 2.035 0.0309555 0.0321831
 2.04 0.0308842 0.0323037
 2.045 0.0308049 0.032438
 2.05 0.0307178 0.0325856
 2.055 0.0306234 0.0327458
 2.06 0.0305224 0.0329172
 2.065 0.0304158 0.0330983
 2.07 0.0303047 0.0332876
 2.075 0.03019 0.0334835
 2.08 0.0300724 0.0336848
 2.085 0.0299523 0.0338907
 2.09 0.0298298 0.0341008
 2.095 0.0297049 0.034315
 2.1 0.0295775 0.0345336
 2.105 0.0294472 0.034757
 2.11 0.0293133 0.0349861
 2.115 0.029175 0.0352216
 2.12 0.0290314 0.0354642
 2.125 0.028882 0.035714
 2.13 0.0287263 0.0359706
 2.135 0.0285642 0.036233
 2.14 0.0283956 0.0364994
 2.145 0.0282204 0.0367679
 2.15 0.0280381 0.0370361
 2.155 0.0278478 0.0373013
 2.16 0.0276484 0.0375609
 2.165 0.0274381 0.0378119
 2.17 0.0272143 0.0380513
 2.175 0.0269736 0.038276
 2.18 0.0267112 0.0384823
 2.185 0.0264216 0.0386658
 2.19 0.026098 0.0388208
 2.195 0.0257327 0.0389401
 2.2 0.0253169 0.0390142
 2.205 0.0248401 0.0390316
 2.21 0.0242898 0.0389783
 2.215 0.0236514 0.0388377
 2.22 0.0229073 0.0385908
 2.225 0.0220366 0.0382153
 2.23 0.0210151 0.0376859
 2.235 0.0198143 0.0369739
 2.24 0.018401 0.0360464
 2.245 0.0167373 0.0348663
 2.25 0.0147797 0.0333912
 2.255 0.0124795 0.0315729
 2.26 0.00978238 0.0293569
 2.265 0.00662815 0.026682
 2.27 0.0029504 0.0234801
 2.275 0.00132382 0.0196766
 2.28 0.00627414 0.0151904
 2.285 0.0119868 0.00993417
 2.29 0.0185541 0.00381522
 2.295 0.0260742 0.00326444
 2.3 0.0346498 0.0114072
 2.305 0.0443873 0.0207188
 2.31 0.0553956 0.0313076
 2.315 0.0677838 0.0432826
 2.32 0.0816598 0.0567522
 2.325 0.0971275 0.0718213
 2.33 0.114284 0.0885893
 2.335 0.133219 0.107146
 2.34 0.154008 0.127571
 2.345 0.176715 0.149924
 2.35 0.201383 0.174251
 2.355 0.228033 0.200572
 2.36 0.256664 0.228883
 2.365 0.287241 0.259151
 2.37 0.319701 0.291313
 2.375 0.353945 0.325271
 2.38 0.389839 0.36089
 2.385 0.427208 0.397998
 2.39 0.46584 0.436385
 2.395 0.505484 0.475798
 2.4 0.54585 0.515949
 2.405 0.586614 0.556512
 2.41 0.627416 0.597126
 2.415 0.667869 0.637404
 2.42 0.707559 0.676932
 2.425 0.746054 0.715279
 2.43 0.782911 0.752002
 2.435 0.817682 0.786656
 2.44 0.849924 0.818797
 2.445 0.879208 0.847997
 2.45 0.905126 0.873847
 2.455 0.927302 0.895969
 2.46 0.945399 0.914028
 2.465 0.959128 0.927732
 2.47 0.968254 0.936848
 2.475 0.972604 0.941203
 2.48 0.972071 0.940691
 2.485 0.966617 0.935273
 2.49 0.956276 0.924986
 2.495 0.941154 0.909934
 2.5 0.921428 0.890294
 2.505 0.897341 0.866308
 2.51 0.8692 0.838281
 2.515 0.837366 0.806575
 2.52 0.802247 0.771599
 2.525 0.764292 0.733801
 2.53 0.723979 0.69366
 2.535 0.681805 0.651675
 2.54 0.638276 0.608349
 2.545 0.593897 0.564188
 2.55 0.549162 0.519684
 2.555 0.504543 0.475309
 2.56 0.460483 0.431505
 2.565 0.41739 0.38868
 2.57 0.375625 0.347197
 2.575 0.335508 0.307375
 2.58 0.297304 0.269478
 2.585 0.261228 0.233723
 2.59 0.227444 0.200272
 2.595 0.196065 0.169237
 2.6 0.167153 0.140679
 2.605 0.140729 0.114618
 2.61 0.116768 0.0910303
 2.615 0.0952133 0.0698582
 2.62 0.0759737 0.051012
 2.625 0.0589348 0.0343766
 2.63 0.0439621 0.019817
 2.635 0.0309068 0.00718321
 2.64 0.0196109 0.0036839
 2.645 0.00991164 0.012948
 2.65 0.00164546 0.0207728
 2.655 0.0053483 0.0273188
 2.66 0.0112242 0.0327403
 2.665 0.0161283 0.0371831
 2.67 0.0201961 0.0407835
 2.675 0.0235515 0.0436665
 2.68 0.0263066 0.0459452
 2.685 0.028561 0.0477201
 2.69 0.0304026 0.0490795
 2.695 0.0319074 0.0500996
 2.7 0.0331406 0.0508455
 2.705 0.0341574 0.0513724
 2.71 0.0350034 0.0517264
 2.715 0.0357163 0.0519456
 2.72 0.0363263 0.0520614
 2.725 0.0368577 0.052099
 2.73 0.0373296 0.0520782
 2.735 0.0377568 0.0520145
 2.74 0.038151 0.0519193
 2.745 0.0385209 0.0518014
 2.75 0.038873 0.0516673
 2.755 0.0392119 0.0515221
 2.76 0.0395407 0.0513698
 2.765 0.0398611 0.0512134
 2.77 0.0401745 0.0510551
 2.775 0.0404818 0.0508962
 2.78 0.0407836 0.0507373
 2.785 0.0410805 0.0505788
 2.79 0.0413728 0.0504209
 2.795 0.0416602 0.050264
 2.8 0.0419425 0.0501088
 2.805 0.0422192 0.0499558
 2.81 0.0424899 0.0498055
 2.815 0.0427546 0.0496581
 2.82 0.0430133 0.0495135
 2.825 0.0432658 0.0493714
 2.83 0.0435121 0.049232
 2.835 0.043752 0.0490953
 2.84 0.0439849 0.0489619
 2.845 0.0442108 0.0488321
 2.85 0.0444292 0.0487064
 2.855 0.04464 0.0485849
 2.86 0.0448431 0.0484675
 2.865 0.0450385 0.0483541
 2.87 0.0452262 0.0482446
 2.875 0.0454061 0.0481391
 2.88 0.0455779 0.0480379
 2.885 0.0457413 0.0479415
 2.89 0.0458962 0.0478502
 2.895 0.0460423 0.0477641
 2.9 0.0461797 0.047683
 2.905 0.0463086 0.0476066
 2.91 0.0464293 0.0475348
 2.915 0.0465416 0.0474675
 2.92 0.0466456 0.0474051
 2.925 0.0467411 0.0473478
 2.93 0.0468282 0.0472957
 2.935 0.0469072 0.0472487
 2.94 0.0469785 0.0472061
 2.945 0.047043 0.0471675
 2.95 0.0471011 0.0471325
 2.955 0.0471535 0.0471007
 2.96 0.0472007 0.047072
 2.965 0.0472435 0.0470462
 2.97 0.0472827 0.0470227
 2.975 0.0473198 0.0470007
 2.98 0.0473562 0.0469792
 2.985 0.0473934 0.046957
 2.99 0.047433 0.0469333
 2.995 0.0474763 0.0469073
 3 0.047525 0.0468782
 3.005 0.0475804 0.0468452
 3.01 0.0476443 0.0468076
 3.015 0.047718 0.0467643
 3.02 0.0478031 0.0467142
 3.025 0.0479006 0.0466565
 3.03 0.0480115 0.0465909
 3.035 0.0481361 0.046517
 3.04 0.0482746 0.0464352
 3.045 0.0484265 0.0463456
 3.05 0.0485913 0.0462488
 3.055 0.0487683 0.0461448
 3.06 0.0489565 0.0460343
 3.065 0.0491546 0.0459177
 3.07 0.0493614 0.045796
 3.075 0.0495752 0.0456702
 3.08 0.0497944 0.0455413
 3.085 0.0500178 0.04541
 3.09 0.0502446 0.0452766
 3.095 0.0504743 0.0451408
 3.1 0.0507068 0.0450025
 3.105 0.0509421 0.044861
 3.11 0.0511803 0.044716
 3.115 0.0514215 0.0445669
 3.12 0.0516658 0.0444128
 3.125 0.0519134 0.0442525
 3.13 0.052164 0.0440846
 3.135 0.0524172 0.0439075
 3.14 0.0526716 0.0437197
 3.145 0.052925 0.0435198
 3.15 0.0531744 0.0433063
 3.155 0.053416 0.0430776
 3.16 0.0536454 0.0428311
 3.165 0.0538575 0.0425635
 3.17 0.0540467 0.0422707
 3.175 0.0542063 0.0419472
 3.18 0.0543289 0.0415864
 3.185 0.054406 0.0411806
 3.19 0.0544278 0.04072
 3.195 0.0543831 0.0401929
 3.2 0.054259 0.0395853
 3.205 0.0540399 0.0388805
 3.21 0.0537076 0.0380595
 3.215 0.0532408 0.0371005
 3.22 0.0526139 0.0359785
 3.225 0.0517975 0.0346653
 3.23 0.0507577 0.0331287
 3.235 0.0494559 0.0313321
 3.24 0.047849 0.0292339
 3.245 0.0458886 0.026787
 3.25 0.0435213 0.0239389
 3.255 0.0406884 0.0206313
 3.26 0.0373253 0.0167999
 3.265 0.0333619 0.0123746
 3.27 0.0287224 0.00727888
 3.275 0.0233253 0.00143042
 3.28 0.0170837 0.0052585
 3.285 0.00990552 0.0128803
 3.29 0.00169422 0.0215311
 3.295 0.00765055 0.0313098
 3.3 0.0182313 0.0423172
 3.305 0.0301512 0.0546544
 3.31 0.0435118 0.0684216
 3.315 0.0584111 0.0837162
 3.32 0.0749412 0.10063
 3.325 0.0931858 0.119248
 3.33 0.113218 0.139642
 3.335 0.135097 0.161872
 3.34 0.158866 0.185982
 3.345 0.184546 0.211994
 3.35 0.212138 0.239909
 3.355 0.241617 0.2697
 3.36 0.272928 0.301312
 3.365 0.305986 0.334659
 3.37 0.340671 0.369619
 3.375 0.37683 0.406037
 3.38 0.41427 0.443721
 3.385 0.452762 0.482442
 3.39 0.492042 0.521936
 3.395 0.531807 0.561902
 3.4 0.571724 0.602008
 3.405 0.61143 0.641889
 3.41 0.650535 0.681157
 3.415 0.688631 0.719402
 3.42 0.725294 0.756199
 3.425 0.760091 0.791115
 3.43 0.792592 0.823718
 3.435 0.82237 0.853583
 3.44 0.849018 0.8803
 3.445 0.872152 0.903486
 3.45 0.891419 0.92279
 3.455 0.90651 0.937904
 3.46 0.917164 0.948566
 3.465 0.923176 0.954573
 3.47 0.924403 0.955781
 3.475 0.920769 0.952112
 3.48 0.912266 0.943559
 3.485 0.898957 0.930183
 3.49 0.880978 0.912119
 3.495 0.858528 0.889568
 3.5 0.831875 0.862799
 3.505 0.801348 0.83214
 3.51 0.767326 0.797974
 3.515 0.730237 0.760727
 3.52 0.690546 0.720864
 3.525 0.648743 0.678876
 3.53 0.605339 0.635272
 3.535 0.560847 0.590566
 3.54 0.515778 0.545267
 3.545 0.470627 0.499872
 3.55 0.425866 0.454853
 3.555 0.381934 0.410649
 3.56 0.339232 0.367662
 3.565 0.298112 0.326247
 3.57 0.25888 0.286709
 3.575 0.221788 0.249299
 3.58 0.187033 0.214216
 3.585 0.154758 0.1816
 3.59 0.125055 0.151544
 3.595 0.0979628 0.124086
 3.6 0.0734746 0.0992217
 3.605 0.0515416 0.0769026
 3.61 0.0320788 0.0570451
 3.615 0.0149711 0.0395348
 3.62 7.90866e-05 0.0242325
 3.625 0.0127548 0.0109804
 3.63 0.0237006 0.000391674
 3.635 0.0329356 0.010061
 3.64 0.0406392 0.018207
 3.645 0.0469888 0.0250065
 3.65 0.0521562 0.0306306
 3.655 0.0563043 0.0352412
 3.66 0.0595846 0.0389889
 3.665 0.0621357 0.0420112
 3.67 0.0640822 0.0444321
 3.675 0.0655338 0.0463613
 3.68 0.0665862 0.0478946
 3.685 0.0673209 0.0491141
 3.69 0.0678073 0.050089
 3.695 0.068103 0.0508763
 3.7 0.0682552 0.0515222
 3.705 0.0683022 0.0520633
 3.71 0.0682738 0.0525286
 3.715 0.0681929 0.0529401
 3.72 0.0680764 0.0533146
 3.725 0.0679364 0.0536648
 3.73 0.0677816 0.0539995
 3.735 0.0676178 0.0543245
 3.74 0.0674493 0.0546434
 3.745 0.0672792 0.0549582
 3.75 0.0671095 0.0552697
 3.755 0.0669415 0.0555783
 3.76 0.0667757 0.0558839
 3.765 0.0666121 0.0561865
 3.77 0.0664506 0.0564857
 3.775 0.0662907 0.0567812
 3.78 0.0661323 0.0570727
 3.785 0.0659754 0.0573598
 3.79 0.0658201 0.0576422
 3.795 0.0656668 0.0579194
 3.8 0.065516 0.058191
 3.805 0.0653682 0.0584564
 3.81 0.0652235 0.0587154
 3.815 0.065082 0.0589677
 3.82 0.0649433 0.0592136
 3.825 0.0648073 0.0594531
 3.83 0.0646739 0.0596862
 3.835 0.0645435 0.0599126
 3.84 0.0644167 0.0601318
 3.845 0.0642942 0.0603434
 3.85 0.0641762 0.0605468
 3.855 0.064063 0.0607422
 3.86 0.0639542 0.0609296
 3.865 0.0638494 0.0611092
 3.87 0.0637485 0.0612812
 3.875 0.0636516 0.0614452
 3.88 0.0635592 0.061601
 3.885 0.0634716 0.0617483
 3.89 0.0633893 0.0618868
 3.895 0.0633122 0.0620166
 3.9 0.0632404 0.0621379
 3.905 0.0631735 0.0622509
 3.91 0.0631112 0.0623557
 3.915 0.0630532 0.0624525
 3.92 0.0629996 0.0625416
 3.925 0.0629501 0.0626232
 3.93 0.0629051 0.0626974
 3.935 0.0628645 0.0627647
 3.94 0.0628281 0.0628254
 3.945 0.0627956 0.0628801
 3.95 0.0627663 0.0629296
 3.955 0.0627392 0.062975
 3.96 0.0627135 0.0630174
 3.965 0.0626888 0.063058
 3.97 0.0626646 0.0630977
 3.975 0.0626405 0.0631375
 3.98 0.0626161 0.0631785
 3.985 0.0625906 0.063222
 3.99 0.0625627 0.0632697
 3.995 0.0625312 0.0633234
 4 0.0624949 0.0633848
 4.005 0.062453 0.0634554
 4.01 0.062405 0.0635361
 4.015 0.0623504 0.063628
 4.02 0.062289 0.0637317
 4.025 0.0622205 0.0638481
 4.03 0.0621444 0.0639777
 4.035 0.0620602 0.064121
 4.04 0.0619677 0.0642782
 4.045 0.061867 0.0644489
 4.05 0.0617585 0.0646323
 4.055 0.061643 0.0648271
 4.06 0.0615216 0.0650323
 4.065 0.0613949 0.0652464
 4.07 0.0612638 0.065468
 4.075 0.0611286 0.065696
 4.08 0.0609896 0.0659289
 4.085 0.0608471 0.0661655
 4.09 0.0607015 0.0664047
 4.095 0.0605528 0.0666457
 4.1 0.060401 0.0668874
